0.0,0.01184216607362032,0.3132452070713043,0.0,0.0,0.0,0.02020842768251896,0.01832384429872036,0.0,0.08261150121688843,0.0,0.03430855646729469,0.0441911518573761,0.35392487049102783,0.12148404121398926,0.1767919361591339,0.0,0.021569376811385155,0.0,0.2210555523633957,0.05107515677809715,0.0,0.03586556762456894,0.2217501401901245,0.055578503757715225,0.07424944639205933,0.0,0.0,0.0,0.0,0.44218090176582336,0.08990591019392014,0.00013281583960633725,0.0,0.218552365899086,0.1534443497657776,0.0,0.05233435705304146,0.0,0.0842280387878418,0.37690770626068115,8.09240373200737e-05,0.013260838575661182,0.13961872458457947,0.4662541151046753,0.0,0.03181324154138565,0.0,0.30664077401161194,0.0,0.0,0.20985016226768494,0.010639009065926075,0.14948485791683197,0.04872158169746399,0.0,0.0,0.0,0.050357889384031296,0.006642706226557493,0.0003222310624551028,0.4459519684314728,0.11395195871591568,0.0007375454879365861,0.0007064986275509,0.28729313611984253,0.08826048672199249,0.02144063636660576,0.01357301790267229,0.0005643296171911061,0.2193203866481781,0.0066964817233383656,0.013388042338192463,0.13370925188064575,0.00015546321810688823,0.10127948969602585,0.3755384385585785,0.010117664001882076,0.15296930074691772,0.4754655957221985,0.0,0.06329036504030228,0.0,0.08397688716650009,0.005586853250861168,0.20030340552330017,0.05253131315112114,0.0,0.0,0.0206027552485466,0.01726520247757435,0.01317022368311882,0.23889397084712982,0.4839582145214081,0.01010306365787983,0.20037496089935303,0.03396191447973251,0.0,0.0,0.005534597672522068,0.00745737086981535,0.033505093306303024,0.11699854582548141,0.015091476030647755,0.08040187507867813,0.004069759976118803,0.015243380330502987,0.0,0.0,0.012574050575494766,0.05478240177035332,0.024863053113222122,0.0,0.14358964562416077,0.009969034232199192,0.5191983580589294,0.0,0.07022999972105026,0.0,0.17494270205497742,0.014988617971539497,0.005171787925064564,0.3459230661392212,0.03592976927757263,0.010531607083976269,0.0077890800312161446,0.20360954105854034,0.03163997828960419,0.14540289342403412,0.000807909993454814,0.12305150926113129,0.0,0.0563167966902256,0.014052328653633595,0.04239187389612198,0.0825512483716011,0.006667850073426962,0.0,0.017083825543522835,0.0,0.09948676824569702,0.03505067899823189,0.0,0.016456151381134987,0.1970728039741516,0.0,0.05301830172538757,0.30281293392181396,0.019745241850614548,0.04513217508792877,0.08485086262226105,0.0,0.06823503226041794,0.06740301102399826,0.0,0.04927133023738861,0.007099743001163006,0.045408401638269424,0.1518412083387375,0.10904806852340698,0.007316606119275093,0.03489796444773674,0.018402475863695145,0.4146444797515869,0.10150174796581268,0.0,0.26325690746307373,0.006448831409215927,0.12042918056249619,0.31030309200286865,0.15633094310760498,0.02234438806772232,0.045818738639354706,0.2686792016029358,0.049351561814546585,0.04920610040426254,0.5665146708488464,0.01820162497460842,0.0,0.2937704920768738,0.0,0.005006728228181601,0.04210853576660156,0.01897347904741764,0.010962683707475662,0.27453306317329407,0.16689912974834442,0.05512125790119171,0.03359337896108627,0.30891498923301697,0.038440823554992676,0.051855944097042084,0.0,0.0033786201383918524,0.01953701674938202,0.013881009072065353,0.039016708731651306,0.045215386897325516,0.31938961148262024,0.0,0.14963233470916748,0.025336742401123047,0.0,0.18831367790699005,0.0,0.023588132113218307,0.0522274412214756,0.030184410512447357,0.03488033264875412,0.10922156274318695,0.11567449569702148,0.0012959742452949286,0.21723994612693787,0.0,0.022465147078037262,0.01683603599667549,0.04127439484000206,0.016143225133419037,0.0,0.006048755720257759,0.08143816888332367,0.01945784129202366,0.18872098624706268,0.13355283439159393,0.0,0.18022030591964722,0.009679121896624565,0.026816554367542267,0.08144879341125488,0.12315324693918228,0.20766177773475647,0.0,0.18519754707813263,0.06793012470006943,0.10463584214448929,0.31191757321357727,0.01734798401594162,0.10434528440237045,0.04763289541006088,0.003370906226336956,0.0,0.0590636283159256,0.055970095098018646,0.0,0.06920048594474792,0.04998203366994858,0.05878801271319389,0.04418037459254265,0.0,0.024326421320438385,0.008919630199670792,0.0015833181096240878,0.0024253653828054667,0.011088929139077663,0.007939760573208332,0.07249471545219421,0.0,0.08027837425470352,0.09438510239124298,0.5193905234336853,0.0,0.013580476865172386,0.04937773570418358,0.0,0.13085448741912842,0.049531783908605576,0.08651289343833923,0.05873272940516472,0.0008726072264835238,0.008128109388053417,0.06277801841497421,0.0025726414751261473,0.0014342832146212459,0.1115037351846695,0.03937814384698868,0.0,0.04447512328624725,0.004413464106619358,0.15352638065814972,0.17714554071426392,0.005936868023127317,0.0,0.012090892530977726,0.12750425934791565,0.012221365235745907,0.688609778881073,0.0,0.005397975444793701,0.18440763652324677,0.04382413998246193,0.1411871761083603,0.1673816293478012,0.06842584908008575,0.0,0.05382790416479111,0.01781659759581089,0.2140772044658661,0.0,0.27446189522743225,0.0,0.03149429336190224,0.04074371978640556,0.16460271179676056,0.12223131209611893,0.15860237181186676,0.008737903088331223,0.0024185371585190296,0.0121900150552392,0.0,0.0,0.0,0.1301240175962448,0.010596845299005508,0.20073680579662323,0.020949088037014008,0.25514280796051025,0.020550206303596497,0.0006411767099052668,0.15462706983089447,0.02541695535182953,0.0,0.01951773650944233,0.0,0.0,0.7071208953857422,0.0,0.0,0.011611085385084152,0.0,0.0,0.014887423254549503,0.05364702269434929,0.0,0.0,0.018615107983350754,0.0,0.0,0.0,0.015164132229983807,0.060375310480594635,0.0684446319937706,0.0,0.0,0.0,0.0,0.0,0.0,0.007622897624969482,0.0,0.0,0.1524537354707718,0.0,0.11632142961025238,0.08484942466020584,0.3512466549873352,0.0,0.0,0.0,0.02588910050690174,0.009609012864530087,0.003209202317520976,0.0014764725929126143,0.0,0.0,0.0,0.008202907629311085,0.0699755847454071,0.048232413828372955,0.0006630569696426392,0.0,0.5279839038848877,0.0,0.0,0.04492572322487831,0.0029075569473206997,0.0,0.016910508275032043,0.0,0.0035019114147871733,0.12138725072145462,0.06488516181707382,0.0,0.0,0.007675773464143276,0.011542542837560177,0.0,0.0,0.03315896913409233,0.0,0.0,0.24330316483974457,0.0,0.0,0.0,0.0,0.0,0.18153347074985504,0.0,0.10078396648168564,0.02033710479736328,0.000450497871497646,0.0017127025639638305,0.0,0.0003293675254099071,0.0,0.0,0.043463099747896194,0.0,0.0,0.04198989272117615,0.0,0.0,0.0,0.0,0.01192493923008442,0.0,0.0,0.0,0.0,0.0,0.045767225325107574,0.0,0.05472736060619354,0.0,0.01225821953266859,0.13558514416217804,0.022596843540668488,0.012711447663605213,0.011879057623445988,0.15531505644321442,0.0,0.0,0.0,0.10208578407764435,0.0,0.0,0.0,0.0020118760876357555,0.0,0.0004592362092807889,0.0,0.0,0.014923839829862118,0.008647430688142776,0.0,0.0,0.09285719692707062,0.0,0.04345522075891495,0.06138557568192482,0.009319629520177841,0.0,0.0,0.022105388343334198,0.0,0.010153813287615776,0.0,0.0,0.02564968355000019,0.0,0.0,0.21595893800258636,0.0,0.0,0.05394061654806137,0.2613491714000702,0.032672569155693054,0.0,0.0,0.0009111344697885215,0.0,0.0,0.009235846810042858,0.0,0.03276115283370018,0.0,0.0,0.03851596638560295,0.010765040293335915,0.0,0.0,0.0,0.17240028083324432,0.0048613641411066055,0.04163873568177223,0.24411697685718536,0.016040300950407982,0.0,0.0,0.0,0.013033105991780758,0.0,0.0,0.0,0.0,0.0022391676902770996,0.0,0.018749652430415154,0.02430112101137638,0.0,0.0,0.0,0.022592388093471527,0.029761824756860733,0.021418826654553413,0.0,0.0,0.0004727328196167946,0.11059814691543579,0.015720032155513763,0.043153196573257446,0.013386445119976997,0.0,0.0,0.0,0.0,0.1960516721010208,0.04434264823794365,0.0,0.008821513503789902,0.0,0.0,0.37555819749832153,0.0,0.0,0.0,0.0,0.0,0.0,0.03637998178601265,0.036630209535360336,0.0,0.007762834895402193,0.0,0.0,0.15782837569713593,0.0,0.0,0.0,0.010280205868184566,0.003860787721350789,0.03923635929822922,0.0,0.07056386768817902,0.0,0.0,0.006054384633898735,0.0,0.0,0.0,0.0,0.024512844160199165,0.016436992213129997,0.2338862270116806,0.0015877842670306563,0.010850117541849613,0.0005950576160103083,0.0,0.01506541296839714,0.0,0.035239771008491516,0.07668852806091309,0.06442077457904816,0.0,0.1993519812822342,0.0394664965569973,0.015919407829642296,0.0,0.07967250794172287,0.2945556640625,0.0,0.057019490748643875,0.053791698068380356,0.0,0.0,0.01857774890959263,0.010870161466300488,0.0,0.0,0.001231111236847937,0.10755924135446548,0.0,0.054425377398729324,0.0,0.1649477779865265,0.029669037088751793,0.1309211552143097,0.0170179083943367,0.0,0.0,0.0,0.005720336455851793,0.006197454873472452,0.0,0.01783469133079052,0.19378705322742462,0.02058541029691696,0.0451754666864872,0.0,0.0,0.0,0.0,0.0,0.03143470361828804,0.0,0.0,0.0,0.412097692489624,0.004262389615178108,0.051041129976511,0.0,0.0929044708609581,0.0,0.0,0.00872541032731533,0.042677346616983414,0.003899605246260762,0.036742642521858215,0.0,0.0,0.0,0.009718561545014381,0.0,0.0,0.018502216786146164,0.004772223997861147,0.0,0.009631466120481491,0.0,0.07144264131784439,0.013862742111086845,0.008357789367437363,0.0,0.0,0.0,0.0,0.0,0.008314335718750954,0.0,0.0,0.0,0.0,0.09086184203624725,0.015281341038644314,0.0,0.0,0.0,0.0,0.03901713714003563,0.0,0.0,0.003064015880227089,0.0,0.0,0.009034042246639729,0.0,0.0,0.07138343900442123,0.008315837010741234,0.1452900767326355,0.0019786476623266935,0.0,0.17217940092086792,0.001770641072653234,0.1385345458984375,0.0005232250550761819,0.0,0.12337396293878555,0.0009274825570173562,0.04276873543858528,0.07571481913328171,0.0,0.028621597215533257,0.0037178974598646164,0.0,0.0,0.0,0.0,0.0,0.019617801532149315,0.0,0.04360244795680046,0.0,0.0,0.0,0.077377550303936,0.00424574688076973,0.0,0.0,0.0,0.04673749580979347,0.12449104338884354,0.010963957756757736,0.0,0.08030669391155243,0.05458381772041321,0.0,0.0,0.0,0.035620804876089096,0.0,0.0,0.38225483894348145,0.09440132230520248,0.03405836224555969,0.0,0.032464779913425446,0.0,0.14602094888687134,0.001614825683645904,0.0,0.0012627574615180492,0.00261535937897861,0.007804275956004858,0.22555503249168396,0.1346834897994995,0.051123686134815216,0.0,0.012046720832586288,0.07721468806266785,0.0014046084834262729,0.0,0.0034518770407885313,0.052293311804533005,0.0,0.014084774069488049,0.0,0.09683316200971603,0.0,0.24410396814346313,0.0,0.0,0.0,0.30439504981040955,0.048218950629234314,0.0,0.0018714857287704945,0.5542442798614502,0.0,0.037847165018320084,0.0,0.0003122776688542217,0.0,0.0,0.0,0.00878082774579525,0.27577126026153564,0.0,0.07324603945016861,0.0,0.0,0.015513566322624683,0.0,0.0,0.004898676648736,0.007467601448297501,0.0,0.3319612443447113,0.11117307841777802,0.0,0.0,0.009382425807416439,0.09003175795078278,0.0,0.39065003395080566,0.0,0.0,0.0021750712767243385,0.13248339295387268,0.0,0.15004853904247284,0.1358860582113266,0.0846371054649353,0.18945537507534027,0.04596598446369171,0.0002827382122632116,0.004036483354866505,0.028909241780638695,0.04088153690099716,0.012544124387204647,0.0,0.0,0.21430560946464539,0.010036630555987358,0.024171866476535797,0.0,0.027516748756170273,0.06893537193536758,0.37526658177375793,0.002041056752204895,0.04728267714381218,0.09425150603055954,0.03618578985333443,0.002376655349507928,0.0,0.0,0.11674178391695023,0.0,0.011799464002251625,0.1613796353340149,0.042319558560848236,0.03513989597558975,0.0,0.026014890521764755,0.0,0.0,0.032153841108083725,0.09199915826320648,0.06836792826652527,0.0037846153136342764,0.2205188125371933,0.0,0.0,0.0,0.005210020113736391,0.047375377267599106,0.204104483127594,0.03025604784488678,0.09539386630058289,0.03329988569021225,0.0,0.0,0.0,0.0,0.0,0.0,0.006151501089334488,0.0,0.0,0.06714699417352676,0.16627374291419983,0.0,0.004279264248907566,0.01891893707215786,0.019708456471562386,0.0,0.23927128314971924,0.0,0.011901360005140305,0.02551915869116783,0.03801150992512703,0.0,0.04174322634935379,0.0,0.2321508824825287,0.0,0.0,0.5664228796958923,0.0,0.02746269293129444,0.0038149994798004627,0.0,0.0,0.0,0.049008969217538834,0.023431740701198578,0.0,0.12596395611763,0.0,0.0,0.0017850697040557861,0.0,0.0028502463828772306,0.01244448870420456,0.0,0.020137064158916473,0.0,0.004086651839315891,0.0,0.0,0.3535277545452118,0.0,0.0,0.0,0.0,0.0,0.0031327116303145885,0.6969534158706665,0.07433711737394333,0.015435815788805485,0.0221153125166893,0.07027830928564072,0.0,0.0035246550105512142,0.0,0.21498988568782806,0.031295426189899445,0.07431995123624802,0.01313110813498497,0.013858458958566189,0.020115453749895096,0.005368229001760483,0.19508083164691925,0.0,0.014195279218256474,0.0,0.1048961952328682,0.04126977548003197,0.1009557694196701,0.023299463093280792,0.11910167336463928,0.02633994072675705,0.0,0.40752220153808594,0.0,0.0,0.04930612072348595,0.02519647404551506,0.08345461636781693,0.0,0.006023107096552849,0.0,0.09990668296813965,0.14361828565597534,0.0,0.12490678578615189,0.011351833119988441,0.08087246119976044,0.0,0.04274844750761986,0.45573291182518005,0.03223712742328644,0.19476936757564545,0.05689811334013939,0.1712454855442047,0.08460845053195953,0.042470093816518784,0.11004949361085892,0.1524052768945694,0.023545119911432266,0.23213329911231995,0.0,0.0,0.3594570457935333,0.04076327383518219,0.0,0.02618340030312538,0.0,0.0,0.0909615159034729,0.0,0.0,0.0,0.0,0.0,0.0,0.23656190931797028,0.0713716447353363,0.0,0.0,0.015888426452875137,0.0,0.00031430303351953626,0.06331216543912888,0.0,0.1178203746676445,0.0,0.1624288111925125,0.0,0.009444472379982471,0.04307571426033974,0.0,0.035282522439956665,0.0014368637930601835,0.06180693954229355,0.16710275411605835,0.0007717156549915671,0.08843418210744858,0.026844384148716927,0.08507752418518066,0.0015215992461889982,0.15153691172599792,0.03508337587118149,0.0021502531599253416,0.0,0.20101192593574524,0.0,0.0,0.018993478268384933,0.5833448171615601,0.19281040132045746,0.0,0.04352361708879471,0.4211031198501587,0.00703898910433054,0.0,0.0,0.278344988822937,0.0,0.018825877457857132,0.0,0.0,0.0,0.004099734593182802,0.08919161558151245,0.0,0.0,0.1515563279390335,0.020875461399555206,0.0,0.015816068276762962,0.2361713945865631,0.0,0.0053464509546756744,0.011993068270385265,0.012922605499625206,0.05651161074638367,0.015358133241534233,0.005677735898643732,0.059041205793619156,0.0,0.0062820385210216045,0.3056594133377075,0.0,0.0,0.055106114596128464,0.06457118690013885,0.052850302308797836,0.0,0.11805854737758636,0.0,0.0,0.31093353033065796,0.009725106880068779,0.0,0.037179309874773026,0.0,0.0,0.014154418371617794,0.44272980093955994,0.01384718157351017,0.0,0.24401827156543732,0.05677880346775055,0.039881251752376556,0.07902482897043228,0.0,0.05895203724503517,0.030368909239768982,0.0,0.0,0.0,0.0644109919667244,0.0,0.0,0.006250091828405857,0.09285242110490799,0.10313919186592102,0.013662507757544518,0.22413797676563263,0.0,0.02995765395462513,0.01810290850698948,0.0,0.20286443829536438,0.0013365006307139993,0.0046011460945010185,0.09514626860618591,0.0,0.0,0.08766845613718033,0.05492062121629715,0.0008214286062866449,0.01775907725095749,0.4572772979736328,0.04273034259676933,0.04456351697444916,0.0,0.05346950516104698,0.17483247816562653,0.0605170838534832,0.10144776105880737,0.0,0.04865334555506706,0.00643709534779191,0.050571929663419724,0.05194912105798721,0.10059895366430283,0.32729896903038025,0.0052370550110936165,0.46750929951667786,0.0,0.005844224710017443,0.011304005049169064,0.444463312625885,0.1312655657529831,0.2105320394039154,0.11251261830329895,0.0,0.009785640984773636,0.01681796833872795,0.0031092858407646418,0.0,0.04457210376858711,0.041765958070755005,0.0,0.0,0.0,0.0,0.20111769437789917,0.0,0.0,0.09940655529499054,0.029389256611466408,0.2598804533481598,0.0,0.0,0.01458965428173542,0.0,0.0,0.0,0.5133265852928162,0.0,0.0,0.0,0.0,0.23410458862781525,0.0,0.0,0.0,0.05544925108551979,0.0027198863681405783,0.03961576521396637,0.30248454213142395,0.29676058888435364,0.0,0.01000281423330307,0.0,0.04348329082131386,0.0,0.0,0.0,0.0,0.06811937689781189,0.007211764343082905,0.0,0.004780371207743883,0.006600750610232353,0.010689438320696354,0.11869309097528458,0.06706075370311737,0.0,0.002324130618944764,0.0,0.003823748789727688,0.0,0.3937108516693115,0.020867563784122467,0.30937981605529785,0.0,0.0721568837761879,0.004330497235059738,0.01779039576649666,0.0,0.043652258813381195,0.0,0.09453297406435013,7.808342343196273e-05,0.026657409965991974,0.010951554402709007,0.0,0.0058197760954499245,0.0,0.04796968027949333,0.0,0.041301168501377106,0.03194152191281319,0.0,0.0,0.0,0.0,0.0,0.9966413974761963,0.1851370632648468,0.0,0.0,0.03704079985618591,0.0,0.013701741583645344,0.04176919907331467,0.09094724804162979,0.0,0.0,0.5616263747215271,0.0,0.0,0.0,0.0006709885783493519,0.0,0.0,0.0,0.002456450369209051,0.0011026746360585093,0.0,0.0,0.44815072417259216,0.03939189016819,0.0,0.09622085839509964,0.0,0.010301809757947922,0.0,0.0,0.0,0.0,0.004974238574504852,0.26385948061943054,0.02208760194480419,1.192335844039917,0.0,0.0,0.005559464916586876,0.0,0.0,0.018363313749432564,2.2976388931274414,0.020122025161981583,0.0,0.0019428563537076116,0.03464556857943535,0.01613820716738701,0.0,0.0,0.03459920734167099,0.011099052615463734,0.0,0.5488919615745544,0.0,0.008168275468051434,0.0223412923514843,0.0,0.0,0.0,0.10047521442174911,0.2133682668209076,0.03608411177992821,0.0,0.15770426392555237,0.0,0.0,0.0,0.0,0.0,0.10563020408153534,0.03098759427666664,0.029564786702394485,0.0058100842870771885,0.0,0.19840043783187866,0.018683137372136116,0.00017004013352561742,0.0511019229888916,0.5937304496765137,0.0,0.03351988270878792,0.17379391193389893,0.0,0.004258205648511648,0.0,0.0,0.0,0.05213151127099991,0.0,0.010092590004205704,0.0,0.000809307093732059,0.0,0.012810823507606983,0.0,0.09822811186313629,0.03339884802699089,1.058405876159668,0.0,0.050286244601011276,0.0,0.026185037568211555,0.09333372861146927,0.0,0.03312511742115021,0.0,0.0,0.4407747685909271,0.0,0.023138361051678658,0.0,0.0,0.0,0.0,0.024060707539319992,0.025722630321979523,0.0,0.0,0.0,0.0,0.0,0.0,0.006475474685430527,0.0,0.0,0.0,0.0,0.002810030011460185,0.20195361971855164,0.0,0.07379650324583054,0.0,0.0,0.0,0.00754725793376565,0.0,0.05975761264562607,0.0,0.008200815878808498,0.028392154723405838,0.0037349676713347435,0.0013278564438223839,0.0,0.04536322504281998,0.08787859976291656,0.0,0.0718507468700409,0.019666139036417007,0.0,0.02156876027584076,0.0,0.027590269222855568,0.0,0.03677933290600777,0.0,0.0,0.0,0.02816607430577278,0.0,0.0,0.0,0.014617114327847958,0.0002781927469186485,0.0,0.23632772266864777,0.08738412708044052,0.0,0.00013359547301661223,0.0,0.0005157965351827443,0.0894203782081604,0.0,0.01721310429275036,0.1281200349330902,0.03400317206978798,0.0,0.025851337239146233,0.0,0.02827632613480091,0.0,0.0,0.0,0.02860296331346035,0.20741614699363708,0.045821428298950195,0.0,0.004708205349743366,0.3231295347213745,0.004492139909416437,0.0,0.0,0.26435109972953796,0.11125445365905762,0.05983031168580055,0.0061334967613220215,0.00044813394197262824,0.0,0.9632459282875061,0.43311959505081177,0.0867745503783226,0.0,0.0,0.0007716965628787875,0.0,0.007129009813070297,0.003872955683618784,0.001891723251901567,0.6669191122055054,0.020846424624323845,0.1467672884464264,0.0,0.0,0.0,0.015152700245380402,0.06364968419075012,0.0,0.0,0.05905621498823166,0.2161448448896408,0.0,0.015820438042283058,0.33831241726875305,0.009865798056125641,0.5048807263374329,0.0599987730383873,0.002859169151633978,0.3230478763580322,0.05093119665980339,0.04988469183444977,0.0,0.32277897000312805,0.020491745322942734,0.0,0.0026076948270201683,0.0058549330569803715,0.0,0.0,0.11543399095535278,0.0,0.0,0.2981969714164734,0.018426895141601562,0.0,0.0,0.11019348353147507,0.010307276621460915,0.0008225429337471724,0.005380077753216028,0.001413211808539927,0.0,0.0821303203701973,0.014076488092541695,0.0,0.0,0.06877586245536804,0.01659010909497738,0.0,0.004313545301556587,0.0,0.0,0.0,0.0,0.0,0.27179059386253357,0.0,0.0,0.052120715379714966,0.0,0.17220653593540192,0.0,0.0,0.0038791310507804155,0.0,0.08254849165678024,0.0085229417309165,0.0,0.0,0.0,0.0,0.0,0.0,0.0,0.0,0.0,0.0,0.0,0.017439747229218483,0.0,0.0014155292883515358,0.0,0.04853794723749161,0.020064253360033035,0.03141574189066887,0.005469741765409708,0.046820469200611115,0.0,0.03237771987915039,0.0,0.14093059301376343,0.006601693574339151,0.04512184113264084,0.08732813596725464,0.10174892097711563,0.0,0.0,0.0,0.0,0.0,0.2504541873931885,0.02864966168999672,0.01629888266324997,0.0,0.03075883351266384,0.04024813696742058,0.023517802357673645,0.0,0.014853348955512047,0.0,0.0,0.1578247994184494,0.086774542927742,0.009646827355027199,0.005855264607816935,0.0,0.02584175020456314,0.0250302292406559,0.063345767557621,0.026289187371730804,0.0,0.0,0.1136346086859703,0.12917570769786835,0.02124856784939766,0.004964413587003946,0.0,0.0067107295617461205,0.0,0.5873216390609741,0.02244204841554165,0.005865301005542278,0.0,0.16816015541553497,0.08106084913015366,0.1029164120554924,0.0014384114183485508,0.08546537160873413,0.0,0.0,0.23433628678321838,0.23846495151519775,0.0,0.0819755345582962,0.013900640420615673,0.7563503980636597,0.0,0.004387605004012585,0.01122716348618269,0.010006041266024113,0.0018748629372566938,0.01418947335332632,0.0,0.004717304836958647,0.04281359538435936,0.000680214143358171,0.22778411209583282,0.0,0.10620111227035522,0.0,0.0,0.004837107378989458,0.1122683733701706,0.26451653242111206,0.0,0.023718567565083504,0.12917159497737885,0.0,0.025254230946302414,0.013964955694973469,0.0,0.0,0.1085796132683754,0.04648347944021225,0.02043343149125576,0.0,0.024997619912028313,0.16265869140625,0.014200916513800621,0.0,0.0009945869678631425,0.048049699515104294,0.11440807580947876,0.0,0.0,0.0,0.011368718929588795,0.0015765023417770863,0.002336829202249646,0.017126284539699554,0.12334537506103516,0.013757968321442604,0.06595955789089203,0.0,0.09187351912260056,0.6998209357261658,0.04070460796356201,0.08594144880771637,0.0,0.07842255383729935,0.012844579294323921,0.0,0.0,0.001113624544814229,0.025950569659471512,0.020994817838072777,0.04423829913139343,0.008938350714743137,0.01994028314948082,0.006437984760850668,0.5203573703765869,0.12473814934492111,0.0,0.0515873059630394,0.003568196203559637,0.20426832139492035,0.2946307361125946,0.0407872200012207,0.02189801260828972,0.5780026912689209,0.02638189122080803,0.7909573912620544,0.07062270492315292,0.0,0.0,0.0,0.09524926543235779,0.0,0.05785059928894043,0.0,0.0,0.03761022165417671,0.0,0.026218295097351074,1.3005672693252563,0.14294493198394775,0.04550214111804962,0.0,0.061278171837329865,0.0,0.04941638931632042,0.03949259594082832,0.0023379302583634853,0.0,0.38607701659202576,0.04987005144357681,0.02149638906121254,0.01765994168817997,0.0,0.0,0.06456898897886276,0.004011786077171564,0.1311969757080078,0.037507835775613785,0.0,0.24919889867305756,0.001933004823513329,0.05140896141529083,0.0,0.00568546773865819,0.0,0.0,0.6264842748641968,0.4318760335445404,0.0,0.050933588296175,0.20139968395233154,0.017292067408561707,0.2024853527545929,0.007653099950402975,0.028091173619031906,0.0118493577465415,0.020379697903990746,0.0030936049297451973,0.0,0.026407210156321526,0.0,0.038306381553411484,0.0,0.0722646415233612,0.11225979030132294,0.012369048781692982,0.0,0.04748961329460144,0.01838163658976555,0.027940450236201286,0.2095147967338562,0.019001737236976624,0.0,0.13570064306259155,0.0,0.022805750370025635,0.09799184650182724,0.0,0.06156330555677414,0.013107321225106716,0.0,0.0,0.5451161861419678,0.0,0.059025220572948456,0.014715427532792091,0.0,0.0,0.0,0.004754550289362669,0.0,0.0,0.007387502118945122,0.008556688204407692,0.03460368886590004,0.013205933384597301,0.030084194615483284,0.0,0.7066157460212708,0.05929861590266228,0.007334621157497168,0.23448649048805237,0.05799589306116104,0.0,0.011154675856232643,0.0,0.014343159273266792,0.0,0.0034898435696959496,0.03662729635834694,0.015596925280988216,0.0034162604715675116,0.0,0.0,0.0,0.014715525321662426,0.0,0.11166247725486755,0.045185938477516174,0.029844870790839195,0.032720375806093216,0.11882007867097855,0.09234113991260529,0.04812370240688324,0.10825902223587036,0.042644813656806946,0.00038364529609680176,0.06900308281183243,0.0010389339877292514,0.0017393386224284768,0.003850389737635851,0.02274148538708687,0.011645414866507053,0.00169753551017493,0.09045111387968063,0.19982965290546417,0.0,0.0,0.0,0.03771679103374481,0.0,0.0,0.03147249296307564,0.008738882839679718,0.006070060655474663,0.09505525231361389,0.014610140584409237,0.0,0.008617081679403782,0.0,0.0,0.00283595803193748,0.0,0.014975691214203835,0.2200237661600113,0.013839428313076496,0.41639313101768494,0.03185484930872917,0.028240662068128586,0.2637869715690613,0.0,0.007620417512953281,0.0,0.0,0.0034404145553708076,0.0007002806523814797,0.040092453360557556,0.40231192111968994,0.0,0.003095772350206971,0.0,0.0,0.011462883092463017,0.0,0.013823769986629486,0.004864776041358709,0.0,0.4387863874435425,0.0,0.0,0.0,0.0,0.2000485360622406,0.022181158885359764,0.0,0.0,0.0,0.2077837735414505,0.01381826400756836,0.03346743807196617,0.0008356880862265825,0.0,0.022796088829636574,0.034118108451366425,0.0,0.0,0.04790978133678436,0.032166238874197006,0.02729548141360283,0.010328000411391258,0.0,0.0,0.052806783467531204,0.0,0.042463671416044235,0.0,0.0,0.033206310123205185,0.03952419385313988,0.0954676941037178,0.0023134900256991386,0.02216241881251335,0.1424962431192398,0.06330624222755432,0.0,0.02506253309547901,0.5526977181434631,0.010904068127274513,0.28134962916374207,0.04003262519836426,0.25264909863471985,0.01749902218580246,0.3531382381916046,0.0,0.0008926630252972245,0.0,0.037826672196388245,0.03442098945379257,0.006227326579391956,0.0,0.021757187321782112,0.0,0.05121537297964096,0.0010779356816783547,0.07813078910112381,0.0011677434667944908,0.47100329399108887,0.030562598258256912,0.034870509058237076,0.0032399059273302555,0.0032765627838671207,0.05843578279018402,0.01691891998052597,0.054102249443531036,0.02161058597266674,0.0,0.01945461705327034,0.007669088896363974,0.0,0.0,0.06172805652022362,0.0,0.0,0.004030611366033554,0.04695725813508034,0.032972682267427444,0.017114033922553062,0.0,0.0,0.0,0.0626528412103653,0.050118058919906616,0.813625693321228,0.0,0.0,0.0007902767974883318,0.0,0.0,0.05468476191163063,0.0,0.0,0.0,0.0,0.0,0.01704629696905613,0.17202739417552948,0.0,0.0052261389791965485,0.1609773188829422,0.05496806651353836,0.18017572164535522,0.08253291249275208,0.09886804223060608,0.0,0.19502264261245728,0.0,0.0,0.00559826148673892,0.0,0.012659125030040741,0.0,0.2919268012046814,0.0,0.0,0.07213961333036423,0.0,0.0,0.0,0.0,0.0,0.0,0.011862117797136307,0.03774934262037277,0.014455471187829971,0.0,0.0,0.035806573927402496,0.006469073239713907,0.0,0.0,0.1454121321439743,0.01275896281003952,0.07878351956605911,0.11662112176418304,0.0,0.035533271729946136,0.0,0.0,0.0,0.1430945098400116,0.0,0.0,0.10758000612258911,0.0019985127728432417,0.016487104818224907,0.0,0.0,0.04768336936831474,0.00284840096719563,0.0,0.0,0.0,0.0,0.0,0.009744315408170223,0.001372187165543437,0.023680267855525017,0.6846749782562256,0.0,0.004530293866991997,0.0,0.0,0.0,0.12634868919849396,0.0,0.09561188519001007,0.36831143498420715,0.0,0.0,0.016802556812763214,0.0,0.0,0.0,0.0,0.3499070703983307,0.0,0.0,0.0,0.0,0.0,0.48996371030807495,0.08840128779411316,0.013002777472138405,0.0,0.0048728324472904205,0.11771399527788162,0.34375396370887756,0.0,0.0,0.016502022743225098,0.0,0.0,0.0,0.0,0.0,0.007496247999370098,0.0,0.0,0.0,0.0,0.30719733238220215,0.0,0.022728851065039635,0.022132892161607742,0.014085143804550171,0.0,0.3148203194141388,0.21448902785778046,0.0,0.11956057697534561,0.0,0.0,0.0,0.011073975823819637,0.04307873547077179,0.0,0.0,0.02711758203804493,0.0,0.050942763686180115,0.039583660662174225,0.03094242885708809,0.0,0.002957932883873582,0.002946187276393175,0.1646951287984848,0.004322899971157312,0.006626078858971596,0.08177471905946732,0.0,0.15186884999275208,0.01658324897289276,0.05547356233000755,0.0396898090839386,0.0,0.0,0.008025500923395157,0.04284799098968506,0.0,0.0,0.02815954200923443,0.0,0.008849211037158966,0.0,0.0,0.0,0.0,0.002054678276181221,0.02585308626294136,0.0039781187660992146,0.0,0.0,0.12748657166957855,0.06119037792086601,0.06281856447458267,0.01931980438530445,0.006057934835553169,0.009629485197365284,0.0,0.0,0.35126954317092896,0.002032211981713772,0.08214861899614334,0.0418984554708004,0.0034719372633844614,0.0006469357176683843,0.45706069469451904,0.0,0.04228806868195534,0.0
0.0,0.014739793725311756,0.38039612770080566,0.0,0.0,0.0,0.012181205675005913,0.007688925135880709,0.0,0.07607325911521912,0.0,0.06868502497673035,0.03567027673125267,0.29631924629211426,0.14834026992321014,0.18950386345386505,0.0022979401983320713,0.04573611915111542,0.0,0.221204936504364,0.06102368235588074,0.0,0.046512670814991,0.22569683194160461,0.050019457936286926,0.11076246201992035,0.0,0.005954002030193806,0.0,0.0,0.42830216884613037,0.09899988770484924,0.0026150536723434925,0.0,0.21449102461338043,0.20001931488513947,0.0,0.04903331398963928,0.0,0.07801055908203125,0.3549571633338928,0.0,0.014066788367927074,0.1471695899963379,0.4537714719772339,0.008537735790014267,0.04255497828125954,0.0,0.27639761567115784,0.0,0.026010729372501373,0.18784572184085846,0.00277273659594357,0.13408751785755157,0.047926295548677444,0.0,0.0,0.0,0.059616390615701675,0.002366776578128338,0.0012398207327350974,0.48614203929901123,0.08647003769874573,0.004853944759815931,0.014502126723527908,0.32241368293762207,0.10251140594482422,0.02318219654262066,0.009731157682836056,0.0,0.18103429675102234,0.013318662531673908,0.015351023524999619,0.05933999642729759,0.020855631679296494,0.14675040543079376,0.36299020051956177,0.0035772889386862516,0.1551489681005478,0.4747072160243988,0.0,0.11172335594892502,0.0,0.12683692574501038,0.012675884179770947,0.3204743266105652,0.04025765508413315,0.0,0.0,0.006207962054759264,0.01263736467808485,0.010969443246722221,0.20901870727539062,0.4425892233848572,0.006764480844140053,0.19562214612960815,0.03032097779214382,0.007023115176707506,0.0,0.0,0.03189263865351677,0.04255020245909691,0.14706100523471832,0.031138306483626366,0.11246524751186371,0.020030058920383453,0.01917007565498352,0.0,0.0,0.007781715597957373,0.07210744172334671,0.01945146545767784,0.0,0.17439782619476318,0.012391310185194016,0.4206704795360565,0.0,0.06755691766738892,0.0,0.1818452775478363,0.020978569984436035,0.011813361197710037,0.2983987033367157,0.06630788743495941,0.002750203711912036,0.0,0.27099356055259705,0.039533451199531555,0.16972938179969788,0.003616363974288106,0.11339303851127625,0.0018324542324990034,0.04552866891026497,0.030810270458459854,0.059854306280612946,0.06169087439775467,0.005147519055753946,0.0,0.0,0.0,0.10672442615032196,0.04888205602765083,0.0,0.03742639720439911,0.22973042726516724,0.0,0.029924947768449783,0.29997795820236206,0.0010018897010013461,0.042540475726127625,0.09703073650598526,0.0,0.050817783921957016,0.07612714171409607,0.0,0.062194257974624634,0.002143421210348606,0.05042571946978569,0.1611911654472351,0.07642935961484909,0.002356435637921095,0.006969863083213568,0.024534577503800392,0.42476698756217957,0.07880831509828568,0.0,0.22642728686332703,0.006222305353730917,0.11215892434120178,0.35751765966415405,0.13021260499954224,0.04999631270766258,0.06643588095903397,0.2170741707086563,0.060888294130563736,0.044268153607845306,0.600782573223114,0.017583001405000687,0.0,0.3328514099121094,0.0,0.0,0.03439425304532051,0.009483163245022297,0.011125755496323109,0.24704530835151672,0.17909426987171173,0.06380083411931992,0.03727085515856743,0.3867862820625305,0.040091343224048615,0.025802595540881157,0.00822356715798378,0.01625058613717556,0.021112525835633278,0.04594177380204201,0.020383547991514206,0.016239771619439125,0.27988430857658386,0.0040280865505337715,0.12944366037845612,0.015799030661582947,0.0,0.1391092836856842,0.0,0.016227107495069504,0.02918563410639763,0.025925567373633385,0.02025909721851349,0.10831597447395325,0.1344677358865738,0.0,0.21286730468273163,0.001058021793141961,0.012681083753705025,0.02177661471068859,0.05217714235186577,0.06039580702781677,0.0,0.011688480153679848,0.06862050294876099,0.018456503748893738,0.2014792561531067,0.1700795292854309,0.0,0.16509494185447693,0.00866372138261795,0.034328609704971313,0.08376055955886841,0.12510231137275696,0.22591441869735718,0.0,0.1836991310119629,0.08963316679000854,0.09935719519853592,0.24680523574352264,0.01866970583796501,0.12290415167808533,0.04223903641104698,0.0,0.0,0.06812061369419098,0.06332839280366898,0.0,0.05151496082544327,0.04063991457223892,0.05689974129199982,0.05335536599159241,0.0,0.010778005234897137,0.0251421257853508,0.002353228395804763,0.0031695079524070024,0.011034233495593071,0.007944733835756779,0.06896237283945084,0.0,0.08510187268257141,0.05655210465192795,0.5315372943878174,0.0,0.004411115776747465,0.01676795445382595,0.0,0.1296430081129074,0.04427969455718994,0.11731711030006409,0.07781293243169785,0.002953894203528762,0.03445487841963768,0.08601746708154678,0.001962611684575677,0.002840442582964897,0.13731911778450012,0.01848238706588745,0.0,0.07846460491418839,0.00579879293218255,0.14982913434505463,0.17575275897979736,0.0,0.0,0.010739786550402641,0.15687648952007294,0.02184274233877659,0.6636554002761841,0.0,0.0,0.17922021448612213,0.048914238810539246,0.15703155100345612,0.166264146566391,0.07245935499668121,0.0,0.03935215622186661,0.03441919386386871,0.17687036097049713,0.0,0.2975076735019684,0.0,0.03420933708548546,0.03500862047076225,0.1509643793106079,0.14581342041492462,0.15918949246406555,0.013517362996935844,0.021893499419093132,0.022106768563389778,0.0,0.0,0.0,0.16750608384609222,0.013545608147978783,0.18145649135112762,0.037315815687179565,0.27366068959236145,0.031596723943948746,0.0036701441276818514,0.19176216423511505,0.03169640153646469,0.0,0.011171462945640087,0.0,0.0,0.6776391863822937,0.0,0.0,0.025040116161108017,0.0,0.0,0.0,0.05863012745976448,0.0,0.0,0.06644976884126663,0.0,0.0,0.0,0.005104370880872011,0.05511879548430443,0.0864628329873085,0.0,0.0,0.003726446535438299,0.0,0.0,0.0,0.001414352678693831,0.0,0.0,0.16263017058372498,0.0,0.10250602662563324,0.028013896197080612,0.3001477122306824,0.0,0.0,0.0,0.025776386260986328,0.005358568392693996,0.0022249806206673384,0.0,0.0,0.0,0.0,0.0,0.07375455647706985,0.06017565354704857,0.0014307075180113316,0.0,0.5456069111824036,0.0,0.0,0.06218944862484932,0.026385769248008728,0.0,0.02679113671183586,0.0,0.013374154455959797,0.15103431046009064,0.035298846662044525,0.0,0.0,0.0,0.014539883472025394,0.0,0.0,0.05825187265872955,0.0,0.0008218979928642511,0.28583139181137085,0.0,0.0,0.0,0.0,0.0,0.20069219172000885,0.0,0.11934485286474228,0.013275951147079468,0.0025500846095383167,0.0209343284368515,0.0,0.0,0.010365970432758331,0.0,0.02178182639181614,0.0,0.0,0.038786038756370544,0.0,0.0,0.0,0.0,0.009638596326112747,0.0,0.0,0.0,0.0,0.0,0.05093923583626747,0.0,0.030560627579689026,0.0,0.01794152334332466,0.13337932527065277,0.01336248405277729,0.008727231062948704,0.012872573919594288,0.11879991739988327,0.0,0.004399280995130539,0.0,0.11194032430648804,0.0,0.0,0.0,0.001252576126717031,0.005501945503056049,0.009205441921949387,0.0,0.0,0.023025937378406525,0.03174038976430893,0.0,0.0,0.1274702399969101,0.0,0.04843784496188164,0.04582839459180832,0.010545294731855392,0.0,0.0,0.03890109434723854,0.0,0.0,0.006251335144042969,0.0,0.01699269376695156,0.0014504945138469338,0.0,0.19176748394966125,0.0,0.0,0.05522643029689789,0.300944983959198,0.07246631383895874,0.0,0.0,0.006577986292541027,0.0,0.0,0.014623968861997128,0.0,0.017588958144187927,0.0,0.0,0.026599431410431862,0.08677764236927032,0.0,0.0,0.0,0.12027211487293243,0.0019472598796710372,0.03709101676940918,0.24340201914310455,0.01938518136739731,0.0,0.0,0.0,0.004265495575964451,0.0,0.0,0.0,0.0,0.0,0.0,0.027375776320695877,0.0388520248234272,0.0,0.0,0.0,0.014485765248537064,0.0416092574596405,0.02012321911752224,0.0,0.0,0.0029439290519803762,0.14116305112838745,0.03015841171145439,0.03705058619379997,0.02291322685778141,0.0,0.0014128637267276645,0.0,0.0,0.18611668050289154,0.04328287020325661,0.0,0.03060295432806015,0.0,0.00044372229604050517,0.379761278629303,0.0,0.0,0.0,0.0,0.0,0.0,0.0181527528911829,0.05798385664820671,0.0,0.0,0.0,0.0,0.09974326938390732,0.0,0.0,0.0,0.015495522879064083,0.004924732260406017,0.02563372626900673,0.0,0.06400888413190842,0.0,0.0,0.03274175524711609,0.0,0.006119301542639732,0.0,0.0,0.026974815875291824,0.013928084634244442,0.17829351127147675,0.0,0.010044273920357227,0.0,0.0,0.025895729660987854,0.0,0.008617214858531952,0.05697258561849594,0.06746222823858261,0.0,0.16325843334197998,0.023830968886613846,0.013031584210693836,0.0,0.04293765127658844,0.2845311462879181,0.0,0.03820432722568512,0.030963420867919922,0.0,0.004564185161143541,0.012263861484825611,0.0,0.0,0.0,0.0014349663397297263,0.08994942903518677,0.0,0.05150393396615982,0.0,0.17261916399002075,0.06255197525024414,0.10110187530517578,0.04038439691066742,0.0,0.0,0.0,0.001928624464198947,0.005678231827914715,0.0,0.0,0.1982617974281311,0.002358382334932685,0.030031323432922363,0.0,0.0,0.0,0.0,0.0,0.001392338308505714,0.00019201397662982345,0.0,0.0,0.4188847839832306,0.006489954423159361,0.018341725692152977,0.0,0.07999522238969803,0.0,0.0,0.008856995962560177,0.033931583166122437,0.00358574278652668,0.0476033017039299,0.0,0.0,7.352828833973035e-05,0.0,0.0,0.0,0.00280993664637208,0.001081214752048254,0.0,0.0,0.0,0.050219982862472534,0.02023216523230076,0.007920335978269577,0.0,0.0,0.0,0.0,0.0,0.006313653197139502,0.0,0.0,0.0,0.0,0.10654354840517044,0.0173195693641901,0.0,0.0,0.0,0.0,0.05714566633105278,0.0,0.0,0.0048811184242367744,0.0,0.0,0.006345809902995825,0.0,0.0,0.09241008758544922,0.0032082463148981333,0.10535683482885361,0.03194178268313408,0.0,0.1874428242444992,0.004161383956670761,0.09574155509471893,0.0,0.008229603990912437,0.14717267453670502,0.0,0.03565075993537903,0.11059757322072983,0.0,0.02368435636162758,0.0,0.0,0.0,0.0,0.0,0.0,0.008237948641180992,0.0,0.03605972230434418,0.0,0.0,0.0,0.09275009483098984,0.004563506692647934,0.0,0.0,0.0,0.062223419547080994,0.09990487992763519,0.009830983355641365,0.006456861272454262,0.05684399977326393,0.05422639846801758,0.0,0.0,4.916459147352725e-05,0.04240337014198303,0.0,0.0,0.32953372597694397,0.10834670811891556,0.022592715919017792,0.0,0.020486198365688324,0.0,0.13895682990550995,0.016200028359889984,0.0,0.0,0.0,0.01008047815412283,0.1906006634235382,0.12161140143871307,0.05216027423739433,0.0,0.017336556687951088,0.07987231016159058,0.0,0.003265590639784932,0.0008301332127302885,0.0336783304810524,0.0,0.031540725380182266,0.003861583536490798,0.12010715156793594,0.0,0.18250010907649994,0.0,0.0,0.0015940767480060458,0.3174007833003998,0.026362409815192223,0.0,0.008745997212827206,0.55269455909729,0.0,0.01833612285554409,0.0,0.01664457842707634,0.0,0.0,0.0,0.02317657507956028,0.275185227394104,0.0,0.07128693908452988,0.0,0.0,0.007165917661041021,0.0062927077524363995,0.0,0.010295900516211987,0.0022518408950418234,0.0,0.2867678999900818,0.07516858726739883,0.0,0.0,0.0037702012341469526,0.09400331228971481,0.0,0.32332107424736023,0.0,0.0,0.0,0.07361119240522385,0.0,0.09284071624279022,0.09426654875278473,0.0888528823852539,0.1753329634666443,0.028172221034765244,0.0,0.00594498822465539,0.023169327527284622,0.014659094624221325,0.005897041410207748,0.0,0.0,0.18313518166542053,0.010546374134719372,0.032277826219797134,0.0,0.0203593447804451,0.09271641820669174,0.32941123843193054,0.005907569080591202,0.04247172176837921,0.0430552214384079,0.05422833561897278,0.0,0.0,0.0,0.09453944861888885,0.0,0.0,0.15146499872207642,0.022178588435053825,0.023353297263383865,0.0,0.018312163650989532,0.0,0.0,0.04317669942975044,0.11255624145269394,0.08626226335763931,0.0,0.243723064661026,0.0,0.0,0.0,0.011571263894438744,0.058415595442056656,0.20540601015090942,0.005576446186751127,0.16318097710609436,0.04837627336382866,0.0,0.0,0.0032054854091256857,0.0,0.0,0.0,0.00874620396643877,0.0,0.0,0.06282848119735718,0.1772119551897049,0.0,0.0,0.00897302944213152,0.021450793370604515,0.0,0.164628803730011,0.0,0.004156960640102625,0.03199806064367294,0.036965321749448776,0.0,0.041823092848062515,0.025887148454785347,0.27689608931541443,0.0,0.00301017751917243,0.5959824919700623,0.0,0.023200731724500656,0.0066026304848492146,0.0,0.0,0.0,0.03687820956110954,0.011000904254615307,0.0,0.13526280224323273,0.0,0.0,0.005080608185380697,0.0,0.0,0.010145578533411026,0.0,0.034705113619565964,0.006937824655324221,0.005373731721192598,0.001841268502175808,0.0,0.38412022590637207,0.0014209365472197533,0.0,0.0,0.00010597646178212017,0.0,0.002424828941002488,0.7714313268661499,0.06182100623846054,0.00989239476621151,0.011237834580242634,0.0763506218791008,0.006969436537474394,0.020840320736169815,0.0,0.2224387377500534,0.0338980108499527,0.0740048810839653,0.0051252031698822975,0.02110772207379341,0.003482254222035408,0.01280633918941021,0.1667519211769104,0.0,0.009831437841057777,0.0,0.12465998530387878,0.0566493384540081,0.0938754677772522,0.023892715573310852,0.13111862540245056,0.04359867423772812,0.0,0.3732728958129883,0.0,0.0,0.04818852245807648,0.014527887105941772,0.10280629247426987,0.0,0.014099202118813992,0.0,0.0880310982465744,0.14123281836509705,0.0,0.1656770259141922,0.024282997474074364,0.0627753809094429,0.0,0.019808320328593254,0.4325884282588959,0.015421431511640549,0.1637721061706543,0.06863028556108475,0.14760255813598633,0.06256166100502014,0.028435714542865753,0.12546686828136444,0.14249636232852936,0.020426778122782707,0.18672119081020355,0.0,0.0,0.336192786693573,0.019937261939048767,0.0,0.015846101567149162,0.0,0.010511172004044056,0.11331693828105927,0.0,0.0019933783914893866,0.0,0.0,0.0,0.0,0.21322733163833618,0.07757367938756943,0.0,0.0,0.016496358439326286,0.0,0.0,0.07668942213058472,0.0,0.1340193748474121,0.0,0.1615525782108307,0.0033590029925107956,0.018098821863532066,0.056064873933792114,0.0,0.025676455348730087,0.0033283561933785677,0.043137237429618835,0.19712747633457184,0.0,0.08256993442773819,0.036521315574645996,0.10224363207817078,0.0,0.0869121178984642,0.049771543592214584,0.013854448683559895,0.0,0.18049617111682892,0.0,0.0,0.03206760063767433,0.5853378772735596,0.14899471402168274,0.0014012912288308144,0.03473493456840515,0.4096178710460663,0.001398592023178935,0.008332720957696438,0.0,0.29754701256752014,0.0,0.02635553851723671,0.0,4.892468496109359e-05,0.0,0.0,0.10104534775018692,0.0061892676167190075,0.0,0.16841880977153778,0.02589259296655655,0.0,7.300377183128148e-05,0.24179424345493317,0.0,0.009818622842431068,0.008228646591305733,0.01581369712948799,0.04957834258675575,0.02240402065217495,0.003968790639191866,0.06420079618692398,0.0,0.02672240324318409,0.26513034105300903,0.0,0.0,0.0,0.09186111390590668,0.08731846511363983,0.0,0.08544518798589706,0.0,0.0,0.32719704508781433,0.005964966025203466,0.0,0.027873782441020012,0.0,0.0,0.01691577024757862,0.4335542917251587,0.002078067744150758,0.0,0.16440843045711517,0.0701555609703064,0.036491915583610535,0.08454909175634384,0.005891938228160143,0.05188524350523949,0.02922171913087368,0.0,0.0,0.0,0.06829851865768433,0.0,0.0,0.0,0.047571390867233276,0.09839683771133423,0.023699378594756126,0.23494209349155426,0.0014185869367793202,0.035261157900094986,0.013336262665688992,0.0,0.1914166957139969,0.003387169912457466,0.0,0.09263083338737488,0.007183439563959837,0.0,0.10997168719768524,0.03361377865076065,0.0,0.029777150601148605,0.4073602557182312,0.06583243608474731,0.053983137011528015,0.0,0.06921893358230591,0.20191365480422974,0.030016900971531868,0.12226377427577972,0.0,0.06424655765295029,0.0004080998769495636,0.03926413133740425,0.04121410474181175,0.0767587348818779,0.3898228406906128,0.002484383527189493,0.44100624322891235,0.0,0.002810903126373887,0.017540615051984787,0.40019598603248596,0.10625001788139343,0.16653968393802643,0.14106620848178864,0.0,0.01753309555351734,0.01927832141518593,0.0015085387276485562,0.0,0.05478877201676369,0.024903610348701477,0.0,0.0,0.005673844367265701,0.0,0.17488494515419006,0.0,0.0,0.11065509170293808,0.026041191071271896,0.3284270465373993,0.0,0.0,0.03066978044807911,0.0,0.0,0.0,0.49838122725486755,0.0,0.0,0.0,0.0,0.18418216705322266,0.0,0.0,0.0,0.03757932037115097,0.004380080848932266,0.03260374441742897,0.29979103803634644,0.374826043844223,0.0,0.00856570154428482,0.00023365617380477488,0.05010073632001877,0.0,0.0,0.0,0.0,0.11045501381158829,0.008166139014065266,0.0,0.0,0.004849749151617289,0.009205364622175694,0.11590266972780228,0.11621200293302536,0.0,0.0023476695641875267,0.0,0.0,0.0,0.38429996371269226,0.03376969322562218,0.2882337272167206,0.0,0.05451488494873047,0.004809916485100985,0.01220716442912817,0.0,0.03946472331881523,0.0,0.09262256324291229,0.014783315360546112,0.008934590965509415,0.01831628382205963,0.0,0.005508377682417631,0.0,0.07146894186735153,0.0,0.07423475384712219,0.022302627563476562,0.0,0.0,0.0026858747005462646,0.0,0.0,0.9741039872169495,0.2050415575504303,0.0,0.0,0.03468364104628563,0.0,0.0124597093090415,0.06733039021492004,0.09704399108886719,0.0,0.0,0.5708646178245544,0.0,0.0,0.0,0.0,0.0,0.0,0.0,0.0,0.0,0.0,0.0,0.5732417106628418,0.022318482398986816,0.0,0.07009518891572952,0.0,0.02601255662739277,0.011682741343975067,0.0,0.0,0.0,0.0007462632493115962,0.3223456144332886,0.03460647910833359,1.2879951000213623,0.0,0.00800173357129097,0.008617036044597626,0.0,0.0,0.023692602291703224,2.3031179904937744,0.01723492704331875,0.0,0.0,0.036625660955905914,0.056013140827417374,0.0,0.0,0.007652733474969864,0.0016439390601590276,0.0,0.570669949054718,0.0,0.005343996454030275,0.0268078800290823,0.0,0.0,0.0,0.08006377518177032,0.20843471586704254,0.05275518074631691,0.0,0.1454492211341858,0.0,0.0,0.0,0.0,0.0,0.12256935983896255,0.017576370388269424,0.020202767103910446,0.0,0.0,0.18332278728485107,0.01875048689544201,0.009171492420136929,0.07956671714782715,0.5577739477157593,0.0,0.03757376968860626,0.15486133098602295,0.005642380565404892,0.013250243850052357,0.0,0.0,0.0,0.03810062259435654,0.0,0.0,0.0,0.0,0.0,0.00775432214140892,0.0,0.09057416766881943,0.027679402381181717,1.0670050382614136,0.0,0.02983199618756771,0.0,0.05982369929552078,0.043273430317640305,0.0,0.044207606464624405,0.0,0.0,0.4138111174106598,0.0,0.017139066010713577,0.0,0.0,0.0,0.0,0.031404804438352585,0.004224872682243586,0.003500391263514757,0.0,0.0,0.0,0.0,0.0,0.0,0.0,0.0,0.0,0.0,0.012386692687869072,0.19721250236034393,0.0,0.10251066833734512,0.0,0.0,0.0,0.0,0.0,0.05655950680375099,0.0,0.007661108858883381,0.034138429909944534,0.008454049937427044,0.0,0.0,0.04926213249564171,0.03377500921487808,0.0,0.1197960376739502,0.031630367040634155,0.0,0.018863610923290253,0.0,0.013636277988553047,0.0,0.01614386774599552,0.0,0.0,0.0,0.027789492160081863,0.0,0.0,0.0,0.029828719794750214,0.0017431265441700816,0.0,0.2318144291639328,0.0837136059999466,0.0,0.0,0.0,0.005728855263441801,0.08278324455022812,0.0,0.01580728590488434,0.10357927531003952,0.02453353814780712,0.0,0.02245607227087021,0.0,0.01522135455161333,0.0,0.0,0.0,0.01635858230292797,0.2328495979309082,0.04458363354206085,0.0,0.006571053992956877,0.4121517837047577,0.004986620973795652,0.007177459076046944,0.0,0.26980602741241455,0.11557868123054504,0.026462765410542488,0.03032444790005684,0.0,0.0,0.9285065531730652,0.4074811637401581,0.08246629685163498,0.0,0.0,0.0,0.0,0.002565523376688361,0.003280959092080593,0.0051228879019618034,0.7143248915672302,0.005168466363102198,0.10707063972949982,0.0,0.0,0.0,0.00837500300258398,0.08027373999357224,0.0,0.0,0.047775749117136,0.17915983498096466,8.526802412234247e-05,0.041886214166879654,0.4650055766105652,0.012025685049593449,0.561880886554718,0.05976027622818947,0.0012330269673839211,0.3389003872871399,0.07421989738941193,0.07272360473871231,0.0,0.4100649356842041,0.03289910778403282,0.0,0.005158986430615187,0.0,0.0,0.0,0.14412789046764374,0.0,0.0017229258082807064,0.2745097279548645,0.016470670700073242,0.0,0.0,0.14959250390529633,0.009872069582343102,0.0,0.0,0.0,0.0063672540709376335,0.04422036185860634,0.02730380743741989,0.0047190235927701,0.0,0.07336857914924622,0.0010929000563919544,0.0,0.013429841957986355,0.0,0.0,0.0,0.0,0.0,0.3136693239212036,0.0,0.0,0.029601069167256355,0.0,0.14612507820129395,0.0,0.0,0.012179328128695488,0.0,0.0830284059047699,0.0,0.0,0.0,0.0,0.0,0.0,0.0,0.0,0.0,0.0,0.0,0.0,0.030923623591661453,0.0,0.002318456070497632,0.0,0.05335138738155365,0.015182522125542164,0.02348301373422146,0.0051191519014537334,0.06909948587417603,0.0,0.04505649581551552,0.0,0.1586986780166626,0.004729033913463354,0.04423164203763008,0.1342490166425705,0.12061962485313416,0.0,0.0,0.0,0.012802651152014732,0.0,0.24417950212955475,0.039011407643556595,0.030853252857923508,0.0,0.028524532914161682,0.04504413530230522,0.046844232827425,0.004512749146670103,0.011823374778032303,0.0,0.0,0.09557995945215225,0.08420238643884659,0.0,0.010545708239078522,0.0,0.015258219093084335,0.01011220458894968,0.07547503709793091,0.06215119734406471,0.0,0.0,0.18130536377429962,0.08990141749382019,0.010249788872897625,0.00933913979679346,0.0,0.00393987912684679,0.0036464715376496315,0.6203383207321167,0.014775174669921398,0.023600049316883087,0.0,0.1411460041999817,0.06534575670957565,0.07961082458496094,0.0,0.06212760880589485,0.004832152277231216,0.0,0.19926464557647705,0.30889126658439636,0.0,0.10412566363811493,0.01945197582244873,0.7062223553657532,0.0,0.012163566425442696,0.011022228747606277,0.0020174288656562567,0.005998907145112753,0.021355289965867996,0.0,0.0,0.10101177543401718,0.009127220138907433,0.23878347873687744,0.0,0.11712680757045746,0.0,0.0,0.019805753603577614,0.10610824823379517,0.3080403208732605,0.001954750157892704,0.04817770794034004,0.16335438191890717,0.0,0.040221378207206726,0.007037332281470299,0.0,0.0,0.07947418838739395,0.025059953331947327,0.0,0.0,0.029830466955900192,0.16108158230781555,0.013754132203757763,0.0,0.004069430287927389,0.04169298708438873,0.12877728044986725,0.0,0.004875727463513613,0.0,0.017211822792887688,0.0001848626125138253,0.002333530690521002,0.020284423604607582,0.1305539458990097,0.004233031067997217,0.059390097856521606,0.008997315540909767,0.0827968418598175,0.7369260191917419,0.035008154809474945,0.07251080870628357,0.0013825178612023592,0.05469667539000511,0.02286858856678009,0.0,0.0,0.0,0.030293989926576614,0.03051108308136463,0.03183005377650261,0.005068449769169092,0.030123747885227203,0.0013050788547843695,0.45843228697776794,0.18646825850009918,0.0,0.03361047804355621,0.003805624321103096,0.17048358917236328,0.30147024989128113,0.04187675565481186,0.04437718540430069,0.5763208866119385,0.023281259462237358,0.8241840600967407,0.0828925296664238,0.0,0.0,0.0,0.10082054138183594,0.0,0.07695356011390686,0.0,0.0,0.017273850739002228,0.0,0.03650552034378052,1.2287465333938599,0.16900959610939026,0.011464408598840237,0.0,0.06548205018043518,0.0,0.04687384516000748,0.025981951504945755,0.00317415245808661,0.0,0.43440449237823486,0.033994726836681366,0.02042367495596409,0.01968252845108509,0.0,0.0,0.05975499749183655,0.0004433155118022114,0.0960841104388237,0.0762966200709343,0.0,0.22320018708705902,0.0,0.05576103553175926,0.0,0.0072335004806518555,0.0,0.0,0.750993013381958,0.49362486600875854,0.001730051008053124,0.0717640072107315,0.18472358584403992,0.03881379961967468,0.1453249305486679,0.0,0.014345603063702583,0.0,0.0,0.0,0.0,0.01647970639169216,0.0,0.0397038497030735,0.0,0.04946428909897804,0.07542460411787033,0.012188558466732502,0.0,0.07022902369499207,0.03264247998595238,0.031341683119535446,0.16117055714130402,0.00996392872184515,0.004664900247007608,0.1615699976682663,0.0,0.011373467743396759,0.09342896193265915,0.0,0.03547123074531555,0.0029283498879522085,0.0,0.0,0.4187077283859253,0.0,0.08281135559082031,0.011524217203259468,0.0,0.002881336724385619,0.0,0.0016626358265057206,0.0,0.0,0.018639544025063515,0.010667257010936737,0.04358328878879547,0.007897312752902508,0.020385416224598885,0.0,0.7794921398162842,0.12568873167037964,0.015317907556891441,0.19865286350250244,0.05699838325381279,0.0,0.011321592144668102,0.0,0.023335276171565056,0.0,0.006000332999974489,0.0270684864372015,0.005275485571473837,0.0008768630214035511,0.0,0.0,0.0,0.0005671405815519392,0.0,0.12328550964593887,0.04412044584751129,0.03746115416288376,0.015910858288407326,0.12965770065784454,0.07925266027450562,0.029500847682356834,0.1421123445034027,0.03225697576999664,0.0,0.07684650272130966,0.0,0.005888984072953463,0.0,0.01771462894976139,0.011033832095563412,0.0,0.07409301400184631,0.17433221638202667,0.0,0.0,0.0,0.043811503797769547,0.0,0.0,0.03254958242177963,0.01644839346408844,0.0,0.06768879294395447,0.006904910784214735,0.0038708108477294445,0.012043407186865807,0.0,0.0,0.0002615761768538505,0.0,0.03465423732995987,0.2723780870437622,0.018522266298532486,0.44122883677482605,0.026719365268945694,0.045223064720630646,0.22780859470367432,0.0,0.009574124589562416,0.0,0.0,0.0034557939507067204,0.0009391421335749328,0.07926448434591293,0.46430739760398865,0.0035065466072410345,0.008147760294377804,0.004472546745091677,0.0,0.011442753486335278,0.0,0.001906840829178691,0.0,0.0,0.47156792879104614,0.0,0.005076252389699221,0.0,0.0,0.24848909676074982,0.014260857366025448,0.0,0.0,0.0,0.19102078676223755,0.011295532807707787,0.03882281854748726,0.0,0.0,0.015930594876408577,0.06149384006857872,0.0,0.0,0.08732053637504578,0.018188802525401115,0.02231151983141899,0.0020597041584551334,0.000704603735357523,0.0016090405406430364,0.09633257985115051,0.0,0.03901423141360283,0.0,0.0,0.033650632947683334,0.03473978862166405,0.09829346835613251,0.0,0.020784886553883553,0.11930899322032928,0.0682268887758255,0.0,0.040159665048122406,0.5941926836967468,0.0009026020998135209,0.25471359491348267,0.054241843521595,0.20166055858135223,0.01658126898109913,0.4087643027305603,0.0,0.000964558101259172,0.0,0.027123499661684036,0.00816985871642828,0.014110050164163113,0.0,0.00843743421137333,0.0,0.04045989364385605,0.0,0.05040059611201286,0.0,0.5153771042823792,0.0322226844727993,0.04957054555416107,0.0,0.00544130802154541,0.06354749947786331,0.007522070314735174,0.059605296701192856,0.022458314895629883,0.0,0.017722710967063904,0.02561078779399395,0.0,0.0008442997932434082,0.05677812919020653,0.011128885671496391,0.003571305191144347,0.004310278687626123,0.02674400806427002,0.01474683079868555,0.014607734978199005,0.0,0.0,0.0,0.10925847291946411,0.08778153359889984,0.8732684254646301,0.0,0.0,0.0,0.0,0.0,0.077911876142025,0.0,0.0,0.0,0.0,0.0,0.019070940092206,0.17103685438632965,0.0,0.0013466202653944492,0.16518980264663696,0.06504819542169571,0.15423770248889923,0.05553986504673958,0.11812514066696167,0.0,0.13849765062332153,0.0,0.0,0.010729973204433918,0.008481358177959919,0.018619537353515625,0.0,0.3294612467288971,0.0,0.0,0.07865958660840988,0.0,0.00842849351465702,0.0,0.0,0.0041708373464643955,0.0,0.01692228950560093,0.044290609657764435,0.015552115626633167,0.0,0.0,0.03162780776619911,0.010920964181423187,0.0,0.0,0.11711034923791885,0.007252327632158995,0.10351027548313141,0.10163448005914688,0.0,0.028735831379890442,0.0,0.0,0.0,0.14068321883678436,0.0,0.0,0.03522862121462822,0.007131808903068304,0.03808089345693588,0.0,0.0,0.02600990980863571,0.0,0.0,0.0,0.0,0.0,0.0,0.014013605192303658,0.007449103519320488,0.007925792597234249,0.6213729977607727,0.0,0.008705892600119114,0.01236517820507288,0.0,0.007694439962506294,0.18025800585746765,0.0,0.08352158218622208,0.3527339994907379,0.0,0.0,0.057927507907152176,0.0,0.0,0.0,0.0,0.319596529006958,0.0,0.0,0.0,0.0,0.0,0.5559678077697754,0.1300845742225647,0.0049606249667704105,0.0,0.007406997494399548,0.15401262044906616,0.2978883385658264,0.0,0.0,0.03948477655649185,0.0,0.0,0.0,0.0,0.0,0.010359354317188263,0.0,0.0,0.0,0.0,0.2784194350242615,0.0,0.032732900232076645,0.045857444405555725,0.016091778874397278,0.0,0.373696506023407,0.1664133220911026,0.0,0.1851523369550705,0.0035351086407899857,0.0,0.0,0.007278006058186293,0.07609225064516068,0.0,0.0,0.03822846710681915,0.0,0.0728827491402626,0.026487762108445168,0.022181568667292595,0.0,0.012888114899396896,0.0,0.16368013620376587,0.019920986145734787,0.01622552052140236,0.07974913716316223,0.0,0.10840830951929092,0.06048137694597244,0.12235706299543381,0.03031083382666111,0.0,0.0,0.004103636834770441,0.10160234570503235,0.00018841713608708233,0.0027128446381539106,0.03150222450494766,0.0,0.03143034502863884,0.0,0.0,0.0,0.0,0.0010063516674563289,0.01847194693982601,0.0044659897685050964,0.0,0.0,0.16129249334335327,0.035835396498441696,0.09878932684659958,0.02498210407793522,0.010129224509000778,0.002022463595494628,0.0,0.0,0.28720542788505554,0.0,0.06787601113319397,0.05181845650076866,0.006350972689688206,0.004434226546436548,0.4823748767375946,0.0,0.033873964101076126,0.0
0.0060805631801486015,0.00961438100785017,0.3367089033126831,0.0,0.0,0.0,0.0245109461247921,0.013821878470480442,0.0,0.0804927796125412,0.0,0.05318083614110947,0.0365789569914341,0.3043416440486908,0.11439153552055359,0.14350762963294983,0.0,0.01655617170035839,0.0,0.2530280351638794,0.030481092631816864,0.0,0.02700032666325569,0.14176586270332336,0.06171002984046936,0.10628282278776169,0.0,0.0,0.0,0.0,0.4370661675930023,0.11140342801809311,0.0,0.0,0.2549978494644165,0.19675295054912567,0.005588488653302193,0.04691491276025772,0.0,0.10157562047243118,0.37999728322029114,0.0,0.0035884284880012274,0.11383458971977234,0.48078933358192444,0.004296821542084217,0.04626091942191124,0.0,0.21143192052841187,0.0,0.0,0.18885265290737152,0.012615518644452095,0.15477269887924194,0.04839875549077988,0.0,0.0,0.0,0.07955259084701538,0.0025001787580549717,0.0,0.47610655426979065,0.07852611690759659,0.0015045356703922153,0.002676398726180196,0.3271971642971039,0.10921409726142883,0.020108986645936966,0.02951686829328537,0.0,0.17856647074222565,0.019945986568927765,0.0023170041386038065,0.10768727958202362,0.010979915037751198,0.12623022496700287,0.38655269145965576,0.007753599435091019,0.1834181398153305,0.4044267535209656,0.0,0.07555147260427475,0.0,0.10701394826173782,0.0,0.1977495700120926,0.054151784628629684,0.0,0.0,0.025192949920892715,0.022038891911506653,0.013560200110077858,0.20907089114189148,0.4406769573688507,0.010361970402300358,0.18070389330387115,0.03504519537091255,0.0,0.0,0.0,0.018797101452946663,0.03011932410299778,0.11789397150278091,0.010164756327867508,0.07878947257995605,0.000905585300642997,0.017664361745119095,0.0,0.0,0.011496123857796192,0.055011261254549026,0.014635729603469372,0.0,0.17089352011680603,0.007792117539793253,0.4341585636138916,0.0,0.08938612043857574,0.0,0.16476377844810486,0.011616243980824947,0.004321844782680273,0.3339993953704834,0.022157378494739532,0.004793484229594469,0.007538331672549248,0.2324303835630417,0.03525323048233986,0.11750637739896774,0.006403791718184948,0.15037421882152557,0.0,0.0744788721203804,0.010096617043018341,0.03923236206173897,0.07724890857934952,0.009743585251271725,0.0,0.014069607481360435,0.0,0.09482035785913467,0.028534164652228355,0.0,0.028510499745607376,0.21827726066112518,0.0,0.029803548008203506,0.3077622354030609,0.025188077241182327,0.06130727753043175,0.059457723051309586,0.0,0.07926475256681442,0.07856157422065735,0.0,0.04327874630689621,0.005796852055937052,0.059484127908945084,0.1957210898399353,0.09685718268156052,0.0,0.010221770033240318,0.015257000923156738,0.45257458090782166,0.08680902421474457,0.0,0.25873345136642456,0.010006413795053959,0.1070244088768959,0.34836623072624207,0.10937318950891495,0.028708582744002342,0.054065752774477005,0.27145153284072876,0.04410118609666824,0.03347582742571831,0.5403951406478882,0.022737564519047737,0.0,0.2929324805736542,0.0,0.0037165998946875334,0.04533582180738449,0.033488549292087555,0.010686767287552357,0.2507140636444092,0.17709486186504364,0.07060816884040833,0.04151039943099022,0.3067045509815216,0.040694013237953186,0.046812620013952255,0.0,0.008473682217299938,0.023953571915626526,0.01268019899725914,0.03719714656472206,0.018541956320405006,0.30756619572639465,0.00013638020027428865,0.1346404105424881,0.024408282712101936,0.0,0.1533990353345871,0.0,0.016001710668206215,0.03438137099146843,0.027774501591920853,0.04536455497145653,0.1466696858406067,0.13951362669467926,0.0,0.2050679326057434,0.0,0.02482660859823227,0.02596353366971016,0.04790859296917915,0.018921466544270515,0.0,0.0073664141818881035,0.0662810429930687,0.0034495580475777388,0.18087244033813477,0.19696085155010223,0.0,0.1857037991285324,0.009280076250433922,0.03845265507698059,0.1173396110534668,0.13183002173900604,0.1796727329492569,0.0,0.200100839138031,0.06326151639223099,0.14562271535396576,0.27928122878074646,0.018293581902980804,0.08799413591623306,0.048589736223220825,0.0,0.0,0.07965534925460815,0.10411369055509567,0.0,0.058208245784044266,0.05807211250066757,0.022897563874721527,0.05326588451862335,0.0,0.023438746109604836,0.004280445631593466,0.0,0.0006721306126564741,0.014112451113760471,0.00855303555727005,0.09315646439790726,0.0,0.09441747516393661,0.08911550790071487,0.45891112089157104,0.0,0.0137980030849576,0.027527760714292526,0.00102902646176517,0.1255832314491272,0.02602270059287548,0.10944953560829163,0.057534027844667435,0.013211664743721485,0.02309352718293667,0.08479427546262741,0.004866525996476412,0.0024487257469445467,0.13636410236358643,0.02334853634238243,0.0,0.058723870664834976,0.011732096783816814,0.12746933102607727,0.1718752235174179,0.009354689158499241,0.0,0.013065514154732227,0.14793989062309265,0.023976966738700867,0.5880748629570007,0.0,0.0,0.14631260931491852,0.055685099214315414,0.14781397581100464,0.1781948059797287,0.05253356322646141,0.0,0.0626392662525177,0.007419934496283531,0.21971838176250458,0.0,0.2875863313674927,0.0,0.02454729750752449,0.0352197028696537,0.17014075815677643,0.14761313796043396,0.1867460459470749,0.0,0.028056113049387932,0.015599658712744713,0.0,0.0,0.0,0.11993696540594101,0.01730913110077381,0.1998692750930786,0.02929297275841236,0.3106015920639038,0.03173794597387314,0.007158839609473944,0.16212835907936096,0.04399369657039642,0.003803556552156806,0.029898684471845627,0.0,0.0,0.7681583166122437,0.0,0.0,0.023443561047315598,0.0,0.0,0.003548803273588419,0.06065267696976662,0.0,0.0,0.04556737095117569,0.0,0.0,0.0,0.014952399767935276,0.079896941781044,0.07495784014463425,0.0001776278077159077,0.0,0.0,0.0,0.0,0.0,0.0010877990862354636,0.0,0.0,0.16600602865219116,0.004529218655079603,0.13676640391349792,0.024395251646637917,0.29043933749198914,0.0,0.0,0.0,0.07320176810026169,0.0069632516242563725,0.008508702740073204,0.0,0.0,0.0,0.0,0.004940279759466648,0.08128490298986435,0.07514161616563797,0.0009091722895391285,0.0,0.4756245017051697,0.0,0.0,0.08760108798742294,0.009140809997916222,0.0,0.006825487595051527,0.0,0.0,0.20300431549549103,0.06639460474252701,0.0,0.0,0.0,0.015653062611818314,0.0,0.0,0.05830865725874901,0.0,0.0,0.31995972990989685,0.0,0.0,0.0,0.0,0.0,0.16614632308483124,0.0,0.09004633873701096,0.0,0.0,0.008215892128646374,0.0,0.006709160283207893,0.0,0.0,0.03839096426963806,0.0,0.0,0.053436279296875,0.0,0.0,0.0,0.0,0.013750283978879452,0.0,0.0,0.0,0.0,0.0,0.0213002972304821,0.0,0.05431734025478363,0.0,0.024411173537373543,0.16517597436904907,0.025510435923933983,0.007660409901291132,0.006948439870029688,0.1390906125307083,0.0,0.0,0.0,0.0990380272269249,0.0,0.0,0.0,0.0009721362730488181,0.002346327994018793,0.0,0.0018477248959243298,0.0,0.004656006116420031,0.013390820473432541,0.0,0.0,0.13119818270206451,0.0,0.024002177640795708,0.05492367595434189,0.022747326642274857,0.0,0.0,0.020423855632543564,0.0,0.007440828252583742,0.0,0.0,0.027415551245212555,0.0,0.0013522010995075107,0.2508890628814697,0.0,0.0,0.07108289003372192,0.2340295910835266,0.054228801280260086,0.0,0.0,0.007030535954982042,0.0,0.0,0.013643579557538033,0.0,0.02063913270831108,0.0,0.0,0.04730828106403351,0.047073137015104294,0.0,0.0,0.0,0.188807874917984,0.003152965335175395,0.06563356518745422,0.3158581256866455,0.016554221510887146,0.0,0.0,0.0,0.038893960416316986,0.0,0.0,0.0,0.0,0.0,0.0,0.01140131987631321,0.02826044149696827,0.0,0.0,0.0,0.009034756571054459,0.012791677378118038,0.020702959969639778,0.0,0.0,0.0,0.1396758258342743,0.018947910517454147,0.04086875915527344,0.021671662107110023,0.0,0.00030499816057272255,0.0,0.0,0.1508791744709015,0.03731921315193176,0.0,0.019101986661553383,0.0,0.0,0.4426132142543793,0.0,0.000513652281370014,0.0,0.0,0.0,0.0,0.023298559710383415,0.032561399042606354,0.0,0.0,0.0,0.0,0.14284631609916687,0.0,0.0,0.0,0.016292063519358635,0.013950127176940441,0.012486574240028858,0.0,0.07192745059728622,0.0,0.0,0.019210118800401688,0.0,0.010262668132781982,0.0037105369847267866,0.0,0.01767916977405548,0.009298257529735565,0.18348552286624908,0.0,0.012941601686179638,0.0,0.0,0.051426343619823456,0.0,0.012123499065637589,0.07675618678331375,0.05325654149055481,0.0,0.20181173086166382,0.04727708175778389,0.017361722886562347,0.0,0.039218969643116,0.2620326280593872,0.0,0.01692410185933113,0.09191760420799255,0.0,0.0,0.03041202388703823,0.0,0.0,0.0,0.012783288955688477,0.09054537862539291,0.0,0.05516926944255829,0.0,0.1008969247341156,0.05078532546758652,0.12206397205591202,0.038383208215236664,0.0,0.0,0.0,0.00678110821172595,0.00875113531947136,0.0,0.0062865521758794785,0.16800859570503235,0.009985390119254589,0.04843101650476456,0.0,0.0,0.0,0.0,0.0,0.03265618160367012,0.0,0.0,0.0,0.44414958357810974,0.006635421887040138,0.028767013922333717,0.0,0.15455880761146545,0.0,0.0,0.025724634528160095,0.047647591680288315,0.008673114702105522,0.04615839943289757,0.0,0.0,0.0,0.0,0.0,0.0,0.016405554488301277,0.006945514585822821,0.0,0.019287915900349617,0.0,0.07184962183237076,0.02183019556105137,0.011609760113060474,0.0,0.0,0.0,0.0,0.0,0.00532392505556345,0.0,0.0,0.0,0.0,0.1207897886633873,0.023369356989860535,0.0,0.0,0.0,0.0,0.022438568994402885,0.0,0.0,0.006386395078152418,0.0,0.0,0.020328549668192863,0.0,0.0,0.10659243911504745,0.006306583993136883,0.1053401529788971,0.022244470193982124,0.0,0.21129466593265533,0.0004093725292477757,0.13955047726631165,0.0038483000826090574,0.007856113836169243,0.164332777261734,0.0,0.0367075651884079,0.06543201208114624,0.0,0.03337574005126953,0.005845007486641407,0.0,0.0,0.0,0.0,0.0,0.03981785476207733,0.0,0.0601404532790184,0.0,0.0,0.0,0.14307653903961182,0.005426332354545593,0.0,0.0,0.0,0.04448188841342926,0.12704472243785858,0.006204898469150066,0.0024502200540155172,0.08352220803499222,0.01563986763358116,0.0,0.0,0.007372613064944744,0.046848658472299576,0.004641753621399403,0.0,0.42222368717193604,0.06398454308509827,0.017478253692388535,0.0,0.036877818405628204,0.0,0.11259519308805466,0.0,0.0,0.007689556572586298,0.0,0.013410537503659725,0.20586594939231873,0.13064679503440857,0.03041660785675049,0.0,0.01658039726316929,0.08737005293369293,0.0,0.0,0.0,0.04178692772984505,0.0,0.017586417496204376,0.0,0.10910847038030624,0.0,0.2710970342159271,0.0,0.0,0.0,0.28366830945014954,0.06296826153993607,0.0,0.0185476616024971,0.5443520545959473,0.0,0.01844845339655876,0.0,0.015181614086031914,0.0,0.0,0.0,0.012483000755310059,0.26510903239250183,0.0,0.12691079080104828,0.0,0.0,0.01200641319155693,0.0013636421645060182,0.0,0.01915629580616951,0.0032540636602789164,0.0,0.2852870225906372,0.09084181487560272,0.0,0.0,0.00029883385286666453,0.10549051314592361,0.014648147858679295,0.37942105531692505,0.0,0.0,0.0058133723214268684,0.056837454438209534,0.0,0.11867852509021759,0.1440335065126419,0.0865112692117691,0.17501336336135864,0.026465725153684616,0.0041648028418421745,0.008375555276870728,0.02253776788711548,0.030786829069256783,0.018289389088749886,0.0,0.0,0.19374492764472961,0.016662348061800003,0.038292404264211655,0.0,0.01836484484374523,0.07265818864107132,0.255790650844574,0.0,0.03213740512728691,0.008607124909758568,0.03117760457098484,0.0005613040993921459,0.0,0.0,0.0676996260881424,0.0,0.0,0.15670335292816162,0.03814452886581421,0.026007065549492836,0.0,0.021549133583903313,0.0,0.0,0.03857875242829323,0.07623276114463806,0.06191318854689598,1.488046382291941e-05,0.17472510039806366,0.0,0.002723159734159708,0.0,0.008898028172552586,0.08618529140949249,0.21859689056873322,0.03334462642669678,0.13834011554718018,0.047732993960380554,0.0,0.0004812812840100378,0.0,0.0,0.0,0.0,0.005436886567622423,0.0,0.0,0.08550136536359787,0.20095956325531006,0.0015606809174641967,0.0,0.02511066012084484,0.016953742131590843,0.0,0.23823317885398865,0.0,0.012523370794951916,0.028930149972438812,0.034728433936834335,0.0,0.04363396018743515,0.015092241577804089,0.2787114083766937,0.0,0.009467453695833683,0.5458205938339233,0.0,0.035447362810373306,0.005442799534648657,0.0,0.0,0.0,0.048083629459142685,0.04428194835782051,0.0,0.1598995178937912,0.0007791793323121965,0.0,0.0035655521787703037,0.0,0.001392395468428731,0.0035852575674653053,0.0,0.0,0.010168478824198246,0.004820742644369602,0.0,0.0,0.37216174602508545,0.0,0.0,0.0,0.0,0.0,0.00142187112942338,0.6501626372337341,0.05216242000460625,0.0038743484765291214,0.014212624169886112,0.06592613458633423,0.0,0.008005179464817047,0.0,0.20937728881835938,0.014034368097782135,0.05966632813215256,0.0159542728215456,0.011174619197845459,0.01357610896229744,0.008549782447516918,0.16800710558891296,0.0,0.02046017348766327,0.0,0.12706568837165833,0.04814553260803223,0.10711195319890976,0.00948305707424879,0.08427563309669495,0.04251207411289215,0.0,0.4852900803089142,0.0,0.0,0.03459567949175835,0.01713442988693714,0.09040045738220215,0.0,0.003164392663165927,0.0,0.09039067476987839,0.14383423328399658,0.0,0.13295096158981323,0.022970231249928474,0.08939723670482635,0.0,0.045519910752773285,0.3979245126247406,0.002044981811195612,0.18816646933555603,0.09915570169687271,0.20132453739643097,0.08217091858386993,0.0352184996008873,0.1133430078625679,0.13038961589336395,0.03063829615712166,0.19759993255138397,0.0,0.0,0.3867976665496826,0.0216901246458292,0.0,0.028006939217448235,0.0,0.0,0.10393132269382477,0.0005155006656423211,0.004252946469932795,0.0,0.0,0.0038992641493678093,0.0,0.2093820720911026,0.07800193876028061,0.0,0.0,0.03306502103805542,0.0,0.0013849210226908326,0.07478588819503784,0.0,0.11920684576034546,0.0,0.15626069903373718,0.0,0.004256800282746553,0.04305371269583702,0.0,0.03155941143631935,0.0,0.03935427963733673,0.15342353284358978,0.0,0.09674283862113953,0.03483658656477928,0.09801765531301498,0.0,0.1257728636264801,0.04119470715522766,0.0029785381630063057,0.0,0.22301144897937775,0.0,0.0,0.0018028668127954006,0.5671650171279907,0.18072719871997833,0.0,0.011927936226129532,0.40584060549736023,0.0,0.0047117858193814754,0.0,0.26215431094169617,0.0,0.04755978658795357,0.0,0.0,0.0,0.0,0.08076418936252594,0.0002415370981907472,0.0,0.12270467728376389,0.04566074535250664,0.0,0.009643178433179855,0.3046894371509552,0.0,0.007132904604077339,0.0029893657192587852,0.026380376890301704,0.048241451382637024,0.037384163588285446,0.007788348011672497,0.08659019321203232,0.0,0.009718675166368484,0.3382214605808258,0.0,0.0,0.004737139213830233,0.07647419720888138,0.06104261055588722,0.0,0.12460310012102127,0.0,0.0,0.40697523951530457,0.0,0.0,0.030674288049340248,0.0,0.0,0.018732063472270966,0.4642680883407593,0.009343918412923813,0.0,0.2721148431301117,0.07186426967382431,0.007946223020553589,0.0681166723370552,0.001995793543756008,0.052629776298999786,0.0563204251229763,0.0,0.0,0.0,0.059300120919942856,0.0,0.0,0.0007769253570586443,0.09143823385238647,0.08703184872865677,0.0,0.18074405193328857,0.0,0.01747661828994751,0.009045744314789772,0.0,0.22196288406848907,0.005272234790027142,0.0014434111071750522,0.1167626827955246,0.0,0.0,0.11574952304363251,0.07125309109687805,0.007814237847924232,0.013514957390725613,0.4233507513999939,0.05111762136220932,0.06934430450201035,0.0,0.04186286777257919,0.17183877527713776,0.023037884384393692,0.10749344527721405,0.0,0.05773038789629936,0.0,0.04645342379808426,0.03857729211449623,0.09098469465970993,0.4075380265712738,0.0,0.40122899413108826,0.0,0.01880304515361786,0.035361167043447495,0.2571532130241394,0.12213103473186493,0.18559536337852478,0.15323196351528168,0.0,0.015535502694547176,0.018270229920744896,0.011486735194921494,0.0,0.023647403344511986,0.026291819289326668,0.0,0.0,0.0009848213521763682,0.0,0.13646376132965088,0.0,0.0,0.09916424006223679,0.02700211852788925,0.2896748483181,0.0,0.0,0.0035419464111328125,0.0,0.0,0.0,0.49001505970954895,0.0,0.0,0.0,0.00045938848052173853,0.1735905110836029,0.0,0.0,0.0,0.053268998861312866,0.010067417286336422,0.04135043919086456,0.34565094113349915,0.35589858889579773,0.0,0.007681126706302166,0.0,0.023044142872095108,0.0,0.0,0.0,0.0,0.03724166005849838,0.004152587614953518,0.0,0.0,0.007901880890130997,0.015125215984880924,0.12219707667827606,0.1978316307067871,0.0,0.0007819190504960716,0.0,0.0070802285335958,0.0,0.35472825169563293,0.008994116447865963,0.29985520243644714,0.0,0.06934236735105515,0.006932673044502735,0.006391651462763548,0.0,0.042183566838502884,0.0,0.03989816829562187,0.0,0.011056682094931602,0.011996917426586151,0.0,0.003985569346696138,0.0,0.06329436600208282,0.0,0.055858515202999115,0.026977337896823883,0.0,0.0,0.0,0.0,0.0,0.9553351402282715,0.15472425520420074,0.0,0.0,0.019439006224274635,0.0,0.005276462994515896,0.04932660236954689,0.07960157096385956,0.0,0.0,0.5296001434326172,0.0,0.0,0.0,0.0,0.0,0.0,0.0,0.0,0.0,0.0,0.0,0.5257366895675659,0.01369490660727024,0.0,0.060325659811496735,0.0,0.007129142060875893,0.00031112588476389647,0.0,0.0,0.004799491260200739,0.003332004649564624,0.3200002610683441,0.029700495302677155,1.1992628574371338,0.0,0.002313940552994609,0.005922683514654636,0.0,0.0,0.015715153887867928,2.316488742828369,0.01466398499906063,0.0,0.0,0.03211953490972519,0.0,0.0,0.0,0.02163621410727501,0.0,0.0,0.5132482051849365,0.0,0.019173670560121536,0.02815120294690132,0.0,0.0,0.0,0.06966053694486618,0.22094249725341797,0.007397742476314306,0.0,0.14929796755313873,0.0,0.0,0.0,0.0,0.0,0.0921657383441925,0.014847831800580025,0.015810156241059303,0.0,0.0,0.16619598865509033,0.01768992468714714,0.018996985629200935,0.01932319439947605,0.5377287268638611,0.0,0.03927692025899887,0.17496074736118317,0.0,0.013726133853197098,0.0,0.0,0.0,0.026780210435390472,0.0,0.0,0.0,0.0,0.0,0.010367220267653465,0.0,0.07957014441490173,0.029278703033924103,1.0787872076034546,0.0007087221601977944,0.03528212755918503,0.0,0.019054479897022247,0.0442521870136261,0.0,0.03848380967974663,0.0,0.0,0.5012577772140503,0.0,0.027456821873784065,0.0,0.0,0.0,0.0,0.03695584461092949,0.00783365499228239,0.0,0.007762751076370478,0.0,0.0,0.0,0.0,0.0016798782162368298,0.0,0.0,0.0,0.0,0.007600173819810152,0.2466363161802292,0.0,0.050992295145988464,0.0,0.0,0.0,0.0030026757158339024,0.0,0.049029022455215454,0.0,0.0038223075680434704,0.03493121638894081,0.008474912494421005,0.0,0.0,0.050167862325906754,0.016689259558916092,0.0,0.07255161553621292,0.0051136682741343975,0.0,0.010961737483739853,0.0,0.021731017157435417,0.0,0.022943895310163498,0.0,0.0,0.0,0.029012594372034073,0.0,0.0,0.0,0.030464936047792435,0.0,0.0,0.2846614718437195,0.08504115790128708,0.0,0.0,0.0,0.0,0.08012321591377258,0.0,0.01039357203990221,0.14462953805923462,0.023885751143097878,0.0,0.016314571723341942,0.0,0.025495080277323723,0.0,0.0,0.0,0.04865860939025879,0.20820081233978271,0.03009001724421978,0.0,0.018306825309991837,0.27354446053504944,0.005808875430375338,0.0,0.0,0.260518878698349,0.08533722162246704,0.05813439190387726,0.050908204168081284,0.0,0.0,1.1118844747543335,0.4561500549316406,0.08843067288398743,0.0,0.0,0.0,0.0,0.0,0.013735570013523102,0.0,0.6203357577323914,0.0004120087542105466,0.1386588215827942,0.0,0.00069995759986341,0.0,0.013129799626767635,0.06054537743330002,0.0,0.0,0.062196627259254456,0.16910476982593536,0.0,0.015800969675183296,0.4030206799507141,0.009796641767024994,0.4407682418823242,0.058614376932382584,0.007551044691354036,0.3412265479564667,0.05500032380223274,0.0755758062005043,0.0,0.34272652864456177,0.01930505596101284,0.0,0.0,0.011220932006835938,0.0,0.0,0.11817093938589096,0.0,0.0,0.2952868342399597,0.018897294998168945,0.0,0.0,0.12901097536087036,0.010287157259881496,0.0008093738579191267,0.0,0.0,0.0,0.08013145625591278,0.03667210415005684,0.0,0.0,0.0678061693906784,0.0023901485837996006,0.0,0.007203359622508287,0.0,0.0,0.0,0.0,0.0,0.23547382652759552,0.0034593832679092884,0.0,0.024858107790350914,0.0,0.14395751059055328,0.0,0.0,0.0,0.0,0.059874214231967926,0.009962344542145729,0.0,0.0,0.0,0.0,0.0,0.0,0.0,0.0,0.0,0.0,0.0,0.023589788004755974,0.0,0.009429761208593845,0.0,0.048084765672683716,0.007445476017892361,0.019643234089016914,0.011083908379077911,0.06080542504787445,0.0,0.03869306668639183,0.0,0.13305655121803284,0.002203456126153469,0.030659019947052002,0.07056507468223572,0.09674831479787827,0.0,0.0016495216405019164,0.0,0.0037899173330515623,0.012153557501733303,0.24321800470352173,0.03400421142578125,0.014370258897542953,0.0,0.03550149127840996,0.05092964321374893,0.03348927199840546,0.0,0.03195175528526306,0.0,0.0,0.06153889745473862,0.1128481924533844,0.0,0.008362802676856518,0.0,0.025083133950829506,0.01965106651186943,0.05493516847491264,0.030413102358579636,0.0,0.0023335875011980534,0.1493024379014969,0.08547579497098923,0.01540373358875513,0.0036882436834275723,0.0,0.008885478600859642,0.0,0.6282317042350769,0.012432247400283813,0.016379935666918755,0.0,0.1425621658563614,0.08049102127552032,0.04280635342001915,0.0,0.07302438467741013,0.0,0.0,0.2755061984062195,0.24469612538814545,0.002515349304303527,0.07453010231256485,0.007933028042316437,0.7777767181396484,0.0,0.0,0.0,0.011254681274294853,0.0022221433464437723,0.0,0.0,0.0,0.058941759169101715,0.0018902153242379427,0.23261474072933197,0.0,0.09937942773103714,0.0,0.0,0.013002436608076096,0.09340299665927887,0.3225342929363251,0.0,0.040042344480752945,0.163890078663826,0.0,0.01828421838581562,0.0,0.0,0.0,0.09818656742572784,0.05704697221517563,0.0007848835084587336,0.0,0.022737395018339157,0.2170075625181198,0.01030629500746727,0.0,0.0024109268561005592,0.05290272831916809,0.10436905920505524,0.0,0.0,0.0,0.012082304805517197,0.0011984443990513682,0.002397705800831318,0.024432770907878876,0.14121322333812714,0.0,0.06887819617986679,0.004950258880853653,0.07572527229785919,0.6373350024223328,0.050688762217760086,0.06578285992145538,0.00610834127292037,0.05706098675727844,0.0006200838251970708,0.0,0.0,0.0008021545363590121,0.032300565391778946,0.02004595287144184,0.05772325024008751,0.0,0.022997986525297165,0.0037748152390122414,0.4264017343521118,0.11790565401315689,0.0,0.05453680828213692,0.0,0.15197980403900146,0.2890012860298157,0.04130030795931816,0.023014245554804802,0.5888429880142212,0.024479536339640617,0.7955088019371033,0.06001666188240051,0.0,0.0,0.0,0.0918203741312027,0.0,0.09054235368967056,0.0,0.0,0.035324305295944214,0.0,0.027146920561790466,1.3360844850540161,0.1482183188199997,0.03753206878900528,0.0,0.05552440509200096,0.0,0.04842783883213997,0.022400612011551857,0.0025217938236892223,0.0,0.3931632936000824,0.0343276709318161,0.042563747614622116,0.03538940101861954,0.0,0.0,0.04514719173312187,0.007890627719461918,0.09113948792219162,0.06048869714140892,0.0,0.21688535809516907,0.0011001634411513805,0.05059005320072174,0.0,0.0018532538088038564,0.010243121534585953,0.0,0.6780799627304077,0.4324895143508911,0.0,0.057592686265707016,0.21381311118602753,0.019135648384690285,0.1995200663805008,0.012390635907649994,0.015754105523228645,0.01218051090836525,0.011188732460141182,0.0,0.0,0.023660065606236458,0.0,0.0637701004743576,0.0,0.05658339336514473,0.09661564975976944,0.0010015952866524458,0.0,0.04534912109375,0.02921539731323719,0.033046234399080276,0.20348674058914185,0.012458686716854572,0.0,0.1201111376285553,0.0,0.017612770199775696,0.0761871412396431,0.0,0.04956936836242676,0.0065271686762571335,0.0,0.0012407934991642833,0.38104087114334106,0.0,0.0699106752872467,0.021179964765906334,0.0,0.0,0.0,0.004131743684411049,0.0,0.0,0.02380816452205181,0.008547011762857437,0.019151370972394943,0.0,0.019460629671812057,0.0,0.729960024356842,0.08406710624694824,0.0026713276747614145,0.20197290182113647,0.06959263235330582,0.002578976098448038,0.00793718546628952,0.0,0.029279327020049095,0.0,0.0117512671276927,0.03937042877078056,0.0,0.007309446111321449,0.0,0.0006540822796523571,0.0,0.006756546441465616,0.0,0.08720704168081284,0.03421134129166603,0.022872472181916237,0.019511766731739044,0.11852319538593292,0.08024202287197113,0.01669255457818508,0.1203482449054718,0.04661044105887413,0.0,0.08894143253564835,0.0,0.001326128258369863,0.003996409010142088,0.005587191786617041,0.00870787724852562,0.00747836846858263,0.09236140549182892,0.2216954231262207,0.0,0.0,0.0,0.04862699657678604,0.0,0.0,0.023941608145833015,0.0071878861635923386,0.0005944061558693647,0.06337891519069672,0.01736290752887726,0.0027306664269417524,0.013559672981500626,0.0,0.0,0.0,0.0,0.03278728574514389,0.2759386897087097,0.020936070010066032,0.42294254899024963,0.023509392514824867,0.02394184097647667,0.2486066073179245,0.0,0.0,0.0,0.0,0.00845417007803917,0.011847351677715778,0.086662158370018,0.41126662492752075,0.0029060333035886288,0.0007446288946084678,0.0024029375053942204,0.0,0.012574095278978348,0.0,0.004556157626211643,0.0,0.0,0.41243472695350647,0.0,0.014397524297237396,0.0,0.0,0.19718191027641296,0.025716429576277733,0.0,0.0,0.0,0.21173802018165588,0.014393853954970837,0.044387564063072205,0.01027913298457861,0.0,0.011541204527020454,0.025837482884526253,0.0,0.00021846294112037867,0.06372369080781937,0.026609614491462708,0.019761160016059875,0.012203617952764034,0.00038357428275048733,0.0,0.05180218815803528,0.0,0.0344649963080883,0.0,0.0,0.02751287631690502,0.032218433916568756,0.08693438768386841,0.0,0.03474685177206993,0.09565495699644089,0.06284216046333313,0.0,0.026733288541436195,0.6478015184402466,0.008916907012462616,0.2704470753669739,0.04490925371646881,0.15700000524520874,0.025187784805893898,0.34748128056526184,0.0,0.0,0.0,0.027530105784535408,0.011575333774089813,0.01228765957057476,0.0,0.022661058232188225,0.0,0.040823549032211304,0.006700728088617325,0.06778395175933838,0.0014522570418193936,0.4513433575630188,0.0285516157746315,0.04733137786388397,0.0,0.0,0.0701536014676094,0.006122436374425888,0.028880184516310692,0.018277864903211594,0.0,0.010981117375195026,0.015088584274053574,0.0,0.0031542526558041573,0.05775705352425575,0.0,0.008438756689429283,0.010152789764106274,0.015237006358802319,0.022730307653546333,0.028335120528936386,0.0,0.0,0.0006649643182754517,0.08089999109506607,0.0728662982583046,0.7324836850166321,0.0,0.0,0.0,0.0,0.0,0.02373475953936577,0.0,0.0,0.0,0.0,0.0,0.01095389574766159,0.15913468599319458,0.0,0.0015512931859120727,0.18615886569023132,0.03738034889101982,0.1864030510187149,0.06255471706390381,0.05534016713500023,0.0,0.1594211608171463,0.0,0.0,0.011054185219109058,0.0,0.010627694427967072,0.0,0.34055301547050476,0.0,0.0,0.09503501653671265,0.0,0.0036599677987396717,0.0,0.0,0.0,0.0,0.014185991138219833,0.05705546960234642,0.012919813394546509,0.0,0.0,0.01147384662181139,0.010211637243628502,0.0,0.0,0.17456184327602386,0.012310621328651905,0.1281091272830963,0.0896226018667221,0.0,0.03458140417933464,0.0,0.0,0.0,0.146950364112854,0.0,0.0,0.09136560559272766,0.0016353630926460028,0.013982015661895275,0.0,0.0,0.04380645230412483,0.0,0.0,0.0,0.0,0.0,0.0,0.024594232439994812,0.011218654923141003,0.008423706516623497,0.4928128719329834,0.0,0.007715520914644003,0.0006765186553820968,0.0013964026002213359,0.0,0.23163391649723053,0.0,0.08599919080734253,0.4099308252334595,0.0,0.0,0.029638849198818207,0.0,0.0,0.0,0.0,0.4304184317588806,0.0,0.0,0.0,0.0,0.0,0.5037069320678711,0.12838460505008698,0.016886049881577492,0.0,0.006567306350916624,0.06595370918512344,0.30980536341667175,0.0,0.0,0.006879827473312616,0.0,0.0,0.0,0.0,0.0,0.009777214378118515,0.0,0.0,0.0,0.0,0.2452729046344757,0.0,0.027231115847826004,0.04628986865282059,0.015365462750196457,0.0,0.2759171724319458,0.18652620911598206,0.0,0.16884025931358337,0.0006380975246429443,0.0,0.0,0.00593852624297142,0.04919717460870743,0.0,0.0,0.04515744373202324,0.0,0.028691187500953674,0.038104116916656494,0.012410792522132397,0.0,0.0033354568295180798,0.0006953001138754189,0.1842183619737625,0.015508346259593964,0.01088305190205574,0.059090547263622284,0.0,0.11535406112670898,0.0424514003098011,0.08630912005901337,0.0792531669139862,0.0,0.0,0.00722115533426404,0.04285834729671478,0.0,0.0,0.03105432353913784,0.0,0.013139097951352596,0.0,0.0,0.0,0.0,0.0045411838218569756,0.018005268648266792,0.0020155764650553465,0.0,0.0,0.06254394352436066,0.06233179196715355,0.07161371409893036,0.010622438043355942,0.01628079265356064,0.003365342505276203,0.0,0.0,0.22999411821365356,0.0,0.07159318029880524,0.05664078891277313,0.008540293201804161,0.0,0.4182389974594116,0.0,0.047195758670568466,0.0
0.0,0.0,0.3604047894477844,0.004303872585296631,0.0,0.0,0.017696641385555267,0.01488467212766409,0.009375564754009247,0.09139940142631531,0.0003641843795776367,0.06385183334350586,0.03960030525922775,0.28937894105911255,0.08543079346418381,0.1828487366437912,0.002929482376202941,0.0167551189661026,0.0,0.28472575545310974,0.05565642938017845,0.0,0.052958354353904724,0.1639028936624527,0.06828922033309937,0.11445623636245728,0.0,0.0009802686981856823,0.0,0.004883102141320705,0.38862380385398865,0.10162384063005447,0.0,0.0,0.2651674151420593,0.17831040918827057,0.0020173550583422184,0.03969983384013176,0.0,0.07583470642566681,0.36454299092292786,0.009699096903204918,0.005995716899633408,0.15102195739746094,0.5011648535728455,0.0111655592918396,0.03350073844194412,0.0,0.2408314347267151,0.0,0.0,0.1516927182674408,0.008918125182390213,0.13481032848358154,0.06553405523300171,0.0,0.0,0.0,0.07641451805830002,0.01193038746714592,0.0,0.41657501459121704,0.08221517503261566,0.0,0.0009574174764566123,0.279021680355072,0.10463397949934006,0.020252594724297523,0.017451537773013115,0.0,0.18238426744937897,0.013081490993499756,0.017090406268835068,0.11179753392934799,0.014031720347702503,0.10928960144519806,0.3742808997631073,0.0049627418629825115,0.16623181104660034,0.41680076718330383,0.0,0.10067959874868393,0.0,0.10258157551288605,0.0003339695977047086,0.2358904480934143,0.027648627758026123,0.0,0.0,0.029851451516151428,0.01882736012339592,0.0077044107019901276,0.18840576708316803,0.45787712931632996,0.0017224967014044523,0.20068500936031342,0.0467800535261631,0.0,0.0,0.0,0.0179546307772398,0.031423404812812805,0.10811769217252731,0.016273410990834236,0.06752457469701767,0.005923714488744736,0.020041026175022125,0.0,0.0,0.016674529761075974,0.03019769862294197,0.017948821187019348,0.0,0.1111394464969635,0.006824216805398464,0.4036983549594879,0.0,0.09361670166254044,0.0,0.15993358194828033,0.013057153671979904,0.0006295180064626038,0.33464285731315613,0.01422954723238945,0.0035317623987793922,7.873773597566469e-07,0.2093113511800766,0.028730306774377823,0.14153102040290833,0.0016873979475349188,0.1303432136774063,0.000816774379927665,0.043894365429878235,0.005601081997156143,0.053707048296928406,0.07424931973218918,0.0021451711654663086,0.0,0.015309859067201614,0.0,0.09204506874084473,0.030970847234129906,0.0,0.01825167052447796,0.2318422645330429,0.0,0.02711586467921734,0.2954540550708771,0.02984641306102276,0.04778756946325302,0.07259824126958847,0.0,0.08477102220058441,0.07798770070075989,0.0,0.04065927490592003,0.004714448470622301,0.048056479543447495,0.12354455143213272,0.10727491229772568,0.0049228547140955925,0.007242319639772177,0.010057644918560982,0.4133528470993042,0.09420651197433472,0.0,0.2346286028623581,0.0,0.14040905237197876,0.3604399859905243,0.08600255101919174,0.02752484381198883,0.06311839818954468,0.23465301096439362,0.05645786225795746,0.03473172336816788,0.502158522605896,0.017148740589618683,0.0,0.3132310211658478,0.0,0.000594449054915458,0.037630800157785416,0.018819456920027733,0.016617946326732635,0.22654610872268677,0.2039005160331726,0.06152366101741791,0.05895688012242317,0.38203826546669006,0.02840605564415455,0.050096072256565094,0.0,0.0068505192175507545,0.03373659402132034,0.035977061837911606,0.04240855202078819,0.017938118427991867,0.2758702039718628,0.0,0.16282230615615845,0.020578689873218536,0.0,0.1527293622493744,0.0,0.007183785550296307,0.0208340622484684,0.024897662922739983,0.05643247440457344,0.09733261913061142,0.13206297159194946,0.0,0.21639461815357208,0.0,0.011875705793499947,0.018851885572075844,0.03219016641378403,0.017397014424204826,0.0,0.011201553046703339,0.056703586131334305,0.020722974091768265,0.1826592981815338,0.14694933593273163,0.0,0.1913769543170929,0.0076209260150790215,0.02315213717520237,0.12237796932458878,0.13374468684196472,0.16000516712665558,0.017109308391809464,0.2151760458946228,0.058116499334573746,0.13417066633701324,0.29287922382354736,0.007368588354438543,0.09768049418926239,0.043310318142175674,0.0011591481743380427,0.0,0.09345235675573349,0.06949592381715775,0.0,0.07899314165115356,0.046124741435050964,0.03108120523393154,0.04501001909375191,0.0,0.01206731516867876,0.011778159067034721,0.0,0.0051049115136265755,0.012036629021167755,0.012905898503959179,0.07155314087867737,0.0,0.08759630471467972,0.06636296212673187,0.478011816740036,0.0,0.006481857504695654,0.041677698493003845,0.0,0.12670977413654327,0.03902922943234444,0.08744495362043381,0.09761533886194229,0.012829933315515518,0.04511355236172676,0.08994340896606445,0.00833690445870161,0.0007240438717417419,0.1002977192401886,0.04729960486292839,0.0,0.047738801687955856,0.01938263326883316,0.10979267209768295,0.14869317412376404,0.0033345960546284914,0.0,0.010093734599649906,0.132909893989563,0.02356083132326603,0.6723668575286865,0.0,0.007259268779307604,0.18888625502586365,0.03584031015634537,0.18949663639068604,0.16500736773014069,0.034076541662216187,0.0,0.052407313138246536,0.024105701595544815,0.19448743760585785,0.0,0.29100337624549866,0.0,0.01646025851368904,0.040274668484926224,0.17132923007011414,0.1677331179380417,0.1638154834508896,0.005321157164871693,0.01587064564228058,0.019199518486857414,0.0,0.0,0.0005015850183553994,0.14840035140514374,0.01739446446299553,0.21626180410385132,0.0472433939576149,0.3275776207447052,0.02515084110200405,0.0026274442207068205,0.1793508380651474,0.030665922909975052,0.0,0.022627854719758034,0.0,0.0,0.7642378211021423,0.0,0.0,0.004233863204717636,0.0,0.0,0.007875476032495499,0.05866801366209984,0.0,0.0,0.048523273319005966,0.0,0.0,0.0,0.013363216072320938,0.06717866659164429,0.09271500259637833,0.0,0.0,0.0,0.0,0.0,0.0,0.0,0.0006757748196832836,0.0,0.18706926703453064,0.0,0.1286253184080124,0.04084661602973938,0.29530587792396545,0.0,0.0,0.0,0.039643071591854095,0.012380741536617279,0.0016146093839779496,0.0,0.0,0.0,0.0,0.0053146458230912685,0.07950448244810104,0.05369698628783226,0.0009355628280900419,0.0,0.49975845217704773,0.0,0.0,0.07685159891843796,0.004393225070089102,0.0,0.013108746148645878,0.0,0.006998732220381498,0.19465932250022888,0.07032003998756409,0.0,0.0,0.0,0.013394701294600964,0.0,0.0,0.07024315744638443,0.0,0.0,0.23742614686489105,0.0,0.0,0.0,0.0,0.0,0.14285388588905334,0.007996279746294022,0.093656025826931,0.015468970872461796,0.009121818467974663,0.01252294983714819,0.0,0.0031009591184556484,0.0028253572527319193,0.0,0.02047792635858059,0.0,0.0,0.03347350284457207,0.0,0.0,0.0,0.0,0.0026383136864751577,0.0,0.0,0.0,0.0,0.0,0.04395711049437523,0.0,0.05047209560871124,0.0,0.018350888043642044,0.11752115935087204,0.019999876618385315,0.012386682443320751,0.0021126330830156803,0.1594494879245758,0.0,0.0,0.0,0.0830884724855423,0.0,0.0,0.0,0.0,0.0,0.0,0.0,0.0,0.019171956926584244,0.002175189321860671,0.0,0.0,0.08211145550012589,0.0,0.03816055878996849,0.040260981768369675,0.04115622490644455,0.0,0.0,0.014644123613834381,0.0,0.0029443111270666122,0.0,0.0,0.04080750420689583,0.001227708999067545,0.0,0.21652406454086304,0.0,0.0,0.08590736985206604,0.20773321390151978,0.034674033522605896,0.0,0.0009575243457220495,0.015177939087152481,0.0,0.0,0.01610240712761879,0.0,0.023279991000890732,0.0,0.0,0.02639211341738701,0.043840810656547546,0.0,0.0,0.0,0.1838866025209427,0.003265203209593892,0.03911377489566803,0.2003982663154602,0.015355590730905533,0.0,0.0,0.0,0.040317121893167496,0.0,0.0,0.0,0.0,0.0,0.0,0.006456537172198296,0.015942435711622238,0.0,0.0,0.0,0.016456108540296555,0.013615638017654419,0.02033640444278717,0.0,0.0,3.7250370951369405e-05,0.11641557514667511,0.015112933702766895,0.036547522991895676,0.02391146682202816,0.0,0.0,0.0,0.0,0.16089726984500885,0.05404951423406601,0.0,0.011710429564118385,0.0,0.0,0.40299010276794434,0.0,0.0,0.0,0.0,0.0,0.0,0.021246323361992836,0.023312753066420555,0.0,0.0,0.0,0.0,0.16628538072109222,0.0,0.0,0.0,0.021294105798006058,0.006190016400068998,0.014321288093924522,0.0,0.10305732488632202,0.0,0.001964365830644965,0.04462076351046562,0.0,0.006580517161637545,0.0,0.0,0.006146751809865236,0.0012817149981856346,0.1810985505580902,0.0,0.0040024686604738235,0.0,0.0,0.044639505445957184,0.0,0.014005158096551895,0.06676135212182999,0.03223300725221634,0.0,0.19036638736724854,0.0364234484732151,0.0242305938154459,0.0,0.05761810392141342,0.2732185125350952,0.0,0.03436180576682091,0.08149471879005432,0.0,0.0006402230355888605,0.008212179876863956,0.005514478776603937,0.0,0.0,0.0,0.08264157176017761,0.0,0.05715005099773407,0.0,0.14320774376392365,0.02618235908448696,0.10782922804355621,0.04088599234819412,0.0,0.0,0.0,0.009691945277154446,0.012542493641376495,0.0,0.020993318408727646,0.18334348499774933,0.00603010319173336,0.04284216836094856,0.0,0.0,0.0,0.0,0.0,0.009944570250809193,0.0,0.0,0.0,0.44239962100982666,0.010050521232187748,0.03609621897339821,0.0,0.15029679238796234,0.0,0.0,0.004121940582990646,0.04288722202181816,0.01695338264107704,0.03434929996728897,0.0,0.0,0.0,0.0,0.0,0.0,0.0012824018485844135,0.006855285260826349,0.0,0.011787756346166134,0.0,0.05453208088874817,0.03711244463920593,0.012035815976560116,0.0,0.0,0.0,0.0,0.0,0.0058384849689900875,0.0,0.0,0.0,0.0,0.10861754417419434,0.03165796026587486,0.0,0.0,0.0,0.0,0.05600086227059364,0.0,0.0,0.006549290847033262,0.0,0.0,0.028560755774378777,0.0,0.0,0.09669805318117142,0.009747862815856934,0.14220407605171204,0.015518207103013992,0.0,0.18929032981395721,0.0003242114617023617,0.13077443838119507,0.0,0.0,0.1288037747144699,0.0,0.028934035450220108,0.061570558696985245,0.0,0.012636115774512291,0.006700349971652031,0.0,0.0,0.0,0.0,0.0,0.038502007722854614,0.0,0.05198356509208679,0.0,0.0,0.0,0.13067585229873657,0.001481404178775847,0.0,0.0,0.0,0.05144760012626648,0.06833094358444214,0.007153121754527092,0.004703562241047621,0.06029167026281357,0.08563230186700821,0.0,0.0,0.0039339191280305386,0.040634069591760635,0.0,0.0,0.39669638872146606,0.10663873702287674,0.013407056219875813,0.0,0.0282221008092165,0.0,0.10622984915971756,0.0,0.0,0.004190176725387573,0.0002932697534561157,0.005735688377171755,0.20785747468471527,0.1751401126384735,0.04054929316043854,0.0,0.01627548411488533,0.0871904268860817,0.0,0.00512026809155941,0.0,0.08036314696073532,0.004902927670627832,0.036317333579063416,0.0,0.08839914202690125,0.0,0.17692294716835022,0.0,0.0,0.0,0.2794640362262726,0.0949336588382721,0.006808845791965723,0.012808356434106827,0.5266370177268982,0.0,0.02390027791261673,0.0,0.0,0.0,0.0,0.0,0.014507634565234184,0.23471656441688538,0.0,0.17267996072769165,0.0,0.0,0.0,0.0009762108093127608,0.0,0.015339251607656479,0.0038214956875890493,0.0,0.3261023461818695,0.07239020615816116,0.0,0.0,0.0024531919043511152,0.11056255549192429,0.0054570515640079975,0.41298916935920715,0.0,0.0,0.00039533196832053363,0.06136897951364517,0.0,0.09322191029787064,0.11903981864452362,0.07973520457744598,0.15686391294002533,0.03269582614302635,0.002532079117372632,0.009349516592919827,0.02017129398882389,0.02962661348283291,0.015338300727307796,0.0,0.0,0.2040378898382187,0.019322693347930908,0.030542118474841118,0.008571139536798,0.017124343663454056,0.10064178705215454,0.2536691725254059,0.0,0.044359415769577026,0.0414128303527832,0.04297059401869774,0.007506934460252523,0.0,0.0,0.07631976157426834,0.0,0.0,0.1352318823337555,0.034104976803064346,0.031197218224406242,0.0,0.02020380087196827,0.0,0.0,0.030109960585832596,0.0628647580742836,0.036925770342350006,0.00680717034265399,0.16678114235401154,0.0,0.0,0.0,0.0030945115722715855,0.0959346741437912,0.25021791458129883,0.03406361863017082,0.10133136808872223,0.051029644906520844,0.0,0.00012372851779218763,0.0014393329620361328,0.0,0.0,0.0,0.0024857872631400824,0.003942010458558798,0.0,0.059427205473184586,0.16183501482009888,0.002476246329024434,0.0,0.03355963155627251,0.01404554396867752,0.0,0.20331887900829315,0.0,0.020534951239824295,0.029967451468110085,0.032422348856925964,0.0,0.03841376677155495,0.012003626674413681,0.24091210961341858,0.0,5.9237481764284894e-05,0.5173135995864868,0.0,0.03700775280594826,0.0,0.0,0.0,0.0,0.034454282373189926,0.04719194024801254,0.0,0.1621164083480835,0.0,0.0,0.0006264710682444274,0.0,0.0,0.008758580312132835,0.0,0.00861840695142746,0.0005692648701369762,0.005365584045648575,0.0,0.0,0.3046379089355469,0.0,0.0,0.0,0.0,0.0,0.0,0.6400031447410583,0.07337185740470886,0.014530796557664871,0.0025958577170968056,0.06717919558286667,0.0,0.006307612638920546,0.0,0.20709137618541718,0.01588495448231697,0.06104295700788498,0.012561142444610596,0.014471366070210934,0.018690889701247215,0.011540927924215794,0.18422111868858337,0.0,0.023186268284916878,0.0,0.1482854038476944,0.04464597627520561,0.10338305681943893,0.011308569461107254,0.05268814042210579,0.03586430847644806,0.0,0.44167354702949524,0.0,0.0,0.04328455403447151,0.013076812028884888,0.0605199821293354,0.0,0.005903377663344145,0.0,0.08584346622228622,0.11921065300703049,0.0,0.10328927636146545,0.02824924886226654,0.10801026970148087,0.0,0.025365490466356277,0.4013173580169678,0.035753436386585236,0.14229661226272583,0.05944043770432472,0.19173063337802887,0.11008443683385849,0.03563562035560608,0.10681095719337463,0.14570152759552002,0.015687713399529457,0.1765245795249939,0.0,0.0,0.385458767414093,0.02815035730600357,0.0,0.021260268986225128,0.0,0.0,0.08065427094697952,0.0024927789345383644,0.0094407107681036,0.0,0.0,0.0,0.0008077693055383861,0.21111960709095,0.06217655539512634,0.0,0.0,0.017707832157611847,0.0,0.00015394389629364014,0.08225521445274353,0.0009920119773596525,0.10847625881433487,0.0,0.15598200261592865,0.0,0.009684222750365734,0.07655568420886993,0.0,0.03763863071799278,0.005439010914415121,0.05533450096845627,0.18438780307769775,0.0,0.09794925898313522,0.037710994482040405,0.06052102521061897,0.0,0.12718890607357025,0.006378816440701485,0.016703331843018532,0.0,0.26696741580963135,0.0,0.0,0.00989741925150156,0.5437286496162415,0.109608955681324,0.0,0.03400091826915741,0.395145446062088,0.0002444064593873918,0.0,0.0,0.24875213205814362,0.0,0.047994326800107956,0.0,0.0,0.0,0.0,0.08448625355958939,0.0,0.0,0.15273107588291168,0.048691779375076294,0.0,0.0,0.2940397262573242,0.0,0.004593800287693739,0.0053570205345749855,0.03865016996860504,0.06424778699874878,0.02791440673172474,0.016404012218117714,0.10296463966369629,0.0,0.0071785044856369495,0.29061248898506165,0.0,0.0,0.0038711554370820522,0.07023949921131134,0.07007984071969986,0.0,0.10727912187576294,0.0,0.0,0.38365423679351807,0.0,0.0,0.026563139632344246,0.0,0.0,0.014134863391518593,0.46384352445602417,0.0,0.001713151577860117,0.28621065616607666,0.05749949812889099,0.02209467440843582,0.11489848792552948,0.0,0.04186833277344704,0.03814468905329704,0.0,0.0,0.0,0.06538417190313339,0.0011577785480767488,0.0,0.0,0.06261390447616577,0.08149050921201706,0.008956607431173325,0.1780581921339035,0.0,0.034996021538972855,0.006944984197616577,0.0,0.2060067355632782,0.0039414409548044205,0.0049885343760252,0.09936355799436569,0.0,0.0,0.13580265641212463,0.02463584952056408,0.004354000091552734,0.024977954104542732,0.42933258414268494,0.046001043170690536,0.05558265745639801,0.0,0.04039829596877098,0.16211116313934326,0.03238184377551079,0.08487068116664886,0.0,0.05143319070339203,0.018276475369930267,0.04249104857444763,0.03680228069424629,0.07376118004322052,0.4010889530181885,0.0,0.3856372535228729,0.0,0.02519327960908413,0.024924540892243385,0.2966407537460327,0.1803554892539978,0.18054845929145813,0.10896052420139313,0.0,0.011290540918707848,0.014900362119078636,0.00804136786609888,0.0,0.020590191707015038,0.025215351954102516,0.0,0.0,0.004877161234617233,0.0,0.18003632128238678,0.0,0.0,0.09772665053606033,0.03256143257021904,0.26195135712623596,0.0,0.0,0.016259031370282173,0.0,0.0,0.0,0.4493248760700226,0.0,0.0,0.0,0.0,0.21938693523406982,0.0,0.0,0.0,0.05259515717625618,0.007098066620528698,0.021434130147099495,0.2861314117908478,0.3345135450363159,0.0,0.01025314349681139,0.0,0.026784351095557213,0.0,0.0,0.0,0.0,0.057191796600818634,0.011436308734118938,0.0,0.0,0.02141129970550537,0.02692008949816227,0.13853691518306732,0.12582552433013916,0.0,0.00025513709988445044,0.0,0.009885275736451149,0.0,0.350495845079422,0.027591392397880554,0.2847014367580414,0.0,0.050635457038879395,0.002874596742913127,0.009661111980676651,0.0,0.042877063155174255,0.0,0.055348921567201614,0.0075723472982645035,0.014805801212787628,0.024152133613824844,0.0,0.010545516386628151,0.0,0.06773147732019424,0.0,0.07258368283510208,0.02656979113817215,0.0,0.0,0.001259493175894022,0.0,0.0,0.9937798976898193,0.14498764276504517,0.0,0.0,0.019749002531170845,0.0,0.011015291325747967,0.04987854138016701,0.09989970922470093,0.0,0.0,0.5672733783721924,0.0,0.0,0.0,0.0022478008177131414,0.0,0.0,0.0,0.009213082492351532,0.0,0.0,0.0,0.5190216302871704,0.02790214866399765,0.0,0.06276778131723404,0.0,0.016648482531309128,0.004404677543789148,0.0,0.0,0.0,0.002568289404734969,0.2942749857902527,0.030234873294830322,1.2560293674468994,0.0,0.006622202228754759,0.006459858268499374,0.0,0.0,0.021940160542726517,2.3097922801971436,0.008951728232204914,0.0,0.0,0.034230396151542664,0.01007267739623785,0.0,0.0,0.04673497751355171,0.0,0.0,0.47812721133232117,0.0,0.014673036523163319,0.020246142521500587,0.0,0.0,0.0,0.09126265347003937,0.23679086565971375,0.009240448474884033,0.0,0.13654825091362,0.0,0.0,0.0,0.0,0.0,0.09263332188129425,0.012807538732886314,0.015984440222382545,0.0,0.0,0.16646026074886322,0.018295401707291603,0.015577557496726513,0.037527523934841156,0.5487370491027832,0.0,0.006904948968440294,0.17177963256835938,0.0,0.01078038290143013,0.0,0.0007872253772802651,0.0,0.048697102814912796,0.0,0.00046385766472667456,0.0,0.0,0.0,0.012005549855530262,0.0,0.06087088584899902,0.029689660295844078,1.093222737312317,0.0,0.031431809067726135,0.0,0.027112282812595367,0.06782791763544083,0.0,0.03819866478443146,0.0,0.0,0.4195205569267273,0.0,0.018961049616336823,0.0,0.0,0.0,0.0,0.03047311119735241,0.005811660084873438,0.0,0.005801167339086533,0.0,0.0,0.0,0.0,0.013748176395893097,0.0,0.0,0.0008650760282762349,0.0,0.005923965945839882,0.20033249258995056,0.0,0.06716099381446838,0.0,0.0,0.0,0.00017967015446629375,0.0,0.053179215639829636,0.0,0.004145336337387562,0.009327692911028862,0.0050591398030519485,0.0,0.0,0.03908555582165718,0.05534816160798073,0.0,0.0951908752322197,0.008551213890314102,0.0,0.015054916962981224,0.0,0.020280513912439346,0.0,0.018608946353197098,0.0,0.0,0.0,0.03468863666057587,0.0,0.0,0.0,0.015218758955597878,0.011980872601270676,0.0002909636532422155,0.31480517983436584,0.09547918289899826,0.0,0.0,0.0,0.0,0.04536885395646095,0.0,0.008420391008257866,0.13065241277217865,0.028548166155815125,0.0,0.021338235586881638,0.0,0.020442551001906395,0.0,0.0,0.0,0.03075452148914337,0.2153717428445816,0.025830470025539398,0.0,0.011190087534487247,0.23623007535934448,0.0011357903713360429,0.009054401889443398,0.0,0.2760542035102844,0.10580315440893173,0.052008114755153656,0.030356433242559433,0.0,0.0,0.9696518778800964,0.4679960012435913,0.09865525364875793,0.0,0.0,0.0,0.0,0.0,0.020544372498989105,0.00270726322196424,0.6440576314926147,0.006954097654670477,0.10989271849393845,0.0,0.0,0.0,0.008322665467858315,0.05379538610577583,0.0,0.0,0.07765083014965057,0.17415031790733337,0.0,0.000490620150230825,0.33794140815734863,0.007209126837551594,0.3835473358631134,0.05719006061553955,0.003229960799217224,0.2918523848056793,0.06063670292496681,0.06727652251720428,0.0,0.34199705719947815,0.020911863073706627,0.0,0.0,0.0,0.0,0.0,0.08968540281057358,0.0,0.0,0.23216861486434937,0.006801447831094265,0.0,0.0,0.07057616859674454,0.011937376111745834,0.0,0.0,0.0,0.0,0.0710943192243576,0.018511604517698288,0.0005505764274857938,0.0,0.08713545650243759,0.011004657484591007,0.0,0.0,0.0,0.0,0.0,0.006776502821594477,0.0,0.2872418761253357,0.0,0.0,0.036811139434576035,0.0,0.13877390325069427,0.0,0.0,0.009761533699929714,0.0,0.07429442554712296,0.0,0.0,0.0,0.0,0.0,0.0,0.0,0.0,0.0007370692328549922,0.0,0.0,0.0,0.027054524049162865,0.0,0.0032134533394128084,0.0,0.06476160138845444,0.015101089142262936,0.026852905750274658,0.014798798598349094,0.05048440396785736,0.0,0.03432539850473404,0.0,0.12501631677150726,0.0,0.03668258711695671,0.08647086471319199,0.10594271868467331,0.0,0.0,0.0,0.0012671733275055885,0.0,0.27175748348236084,0.03832636773586273,0.01896602474153042,0.0,0.03298934921622276,0.042250100523233414,0.03934334218502045,0.0,0.010361415334045887,0.0,0.0,0.057101909071207047,0.09003595262765884,0.004382635932415724,0.012688214890658855,0.0,0.02869577892124653,0.01804979145526886,0.0695343017578125,0.016238916665315628,0.0,0.0,0.13927648961544037,0.07418017834424973,0.026510341092944145,0.00032338142045773566,0.0,0.00970363151282072,0.003105733310803771,0.6123859286308289,0.0238322950899601,0.014388274401426315,0.0,0.1249600201845169,0.08997537940740585,0.05507568269968033,0.0016213953495025635,0.08749256283044815,0.0,0.0,0.2612477242946625,0.26891568303108215,0.0,0.08958640694618225,0.00864586140960455,0.7663059830665588,0.0,0.005510708317160606,0.00236542453058064,0.009909986518323421,0.010828869417309761,0.006521143950521946,0.0,0.0,0.047469086945056915,0.008300929330289364,0.21303005516529083,0.0,0.10640931874513626,0.0,0.0,0.010252701118588448,0.10236451029777527,0.2506663203239441,0.0,0.046386756002902985,0.11555597186088562,0.002043217420578003,0.04568779096007347,0.011950514279305935,0.0,0.0,0.09172526001930237,0.03222408890724182,0.0,0.0,0.018299290910363197,0.17326512932777405,0.012967444956302643,0.0,0.003948747646063566,0.047932062298059464,0.08479103446006775,0.010414942167699337,0.005986535921692848,0.0,0.01776045374572277,0.0,0.007528254762291908,0.018442422151565552,0.12439823150634766,0.004323697183281183,0.07263817638158798,0.01478494517505169,0.08560998737812042,0.6917416453361511,0.04016411304473877,0.07855916768312454,0.005218453239649534,0.05483821779489517,0.015372867695987225,0.0,0.0,0.0,0.02304067835211754,0.02780315838754177,0.05103888362646103,0.004081356339156628,0.02715108171105385,0.00037684381823055446,0.43312472105026245,0.1452254354953766,0.0,0.035491522401571274,0.004233489744365215,0.17616181075572968,0.30860137939453125,0.04048018530011177,0.027747463434934616,0.5922811031341553,0.02005298063158989,0.7929158806800842,0.07511648535728455,0.0015143656637519598,0.0,0.0,0.0942937433719635,0.0,0.08414608240127563,0.0,0.0,0.011831548064947128,0.0,0.022440120577812195,1.3278224468231201,0.1444588154554367,0.031746163964271545,0.0,0.08286070078611374,0.0,0.06092577055096626,0.02156106010079384,0.0010219645919278264,0.0,0.356662780046463,0.03609834611415863,0.03370048105716705,0.022661088034510612,0.0,0.0,0.06238969787955284,0.0,0.10530406981706619,0.05766017735004425,0.0,0.23246246576309204,0.0,0.059848833829164505,0.0,0.0001303148310398683,0.006577077321708202,0.0,0.7002211213111877,0.39676472544670105,0.0,0.07251718640327454,0.1900136023759842,0.02250060997903347,0.17016063630580902,0.012059398926794529,0.015806835144758224,0.020288104191422462,0.00737834582105279,0.0,0.0,0.023252343758940697,0.0,0.035294193774461746,0.0,0.08007894456386566,0.12019535154104233,0.017321482300758362,0.0002948534383904189,0.07279036194086075,0.05034668743610382,0.023662757128477097,0.19982318580150604,0.014653381891548634,0.0023292899131774902,0.1314881592988968,0.0,0.0013214313657954335,0.09420880675315857,0.0,0.04632872715592384,0.022263364866375923,0.002362071303650737,0.0,0.4075014889240265,0.0,0.0646926760673523,0.01750422641634941,0.0,0.0,0.0,0.011668804101645947,0.0,0.0,0.022353537380695343,0.012646746821701527,0.04635429382324219,0.0014888262376189232,0.015387451276183128,0.0,0.7227932214736938,0.07700570672750473,0.0022507787216454744,0.20497293770313263,0.08199816942214966,0.0009789717150852084,0.004788873251527548,0.0,0.018532386049628258,0.0,0.007147575728595257,0.04064452275633812,0.00593155762180686,0.0011396479094401002,0.0,0.002715389709919691,0.0,0.0024715245235711336,0.0,0.09968134015798569,0.05369547754526138,0.032935455441474915,0.02644665539264679,0.12365180999040604,0.08999618887901306,0.018344078212976456,0.13839757442474365,0.035075269639492035,0.0008477413794025779,0.07375355809926987,0.0,0.0022823584731668234,0.0,0.015256725251674652,0.004688848275691271,0.0,0.07624217122793198,0.22446776926517487,0.0,0.0,0.002524466486647725,0.04964805021882057,0.0,0.0,0.022649992257356644,0.007522771134972572,0.0,0.07600803673267365,0.014112021774053574,0.0026920216623693705,0.02214890718460083,0.0,0.0,0.004767653997987509,0.0,0.013391086831688881,0.2619915306568146,0.023825500160455704,0.415522962808609,0.02452489174902439,0.049312297254800797,0.23195913434028625,0.0,0.0087302690371871,0.0,0.0,0.011673497967422009,0.0027193771675229073,0.11649572104215622,0.4505108594894409,0.001707597984932363,0.004492525942623615,0.0,0.0,0.017353253439068794,0.0,0.0027819527313113213,0.0,0.0,0.4177682399749756,0.0,0.010779856704175472,0.0,0.0,0.19995132088661194,0.027123406529426575,0.0,0.0,0.0,0.20886139571666718,0.011774387210607529,0.03532397374510765,0.0010179567616432905,0.0,0.014672288671135902,0.04391193762421608,0.0005023908452130854,0.0,0.0862913727760315,0.02637053094804287,0.0310676246881485,0.02619759552180767,0.0,0.0018216442549601197,0.06970549374818802,0.0,0.03103814087808132,0.0,0.0,0.00914498046040535,0.046402864158153534,0.09155471622943878,0.0,0.027811875566840172,0.12689819931983948,0.05416435748338699,0.0,0.034900814294815063,0.5465928912162781,0.004221941810101271,0.2659508287906647,0.04326048865914345,0.1668105125427246,0.022304724901914597,0.41917940974235535,0.0,0.005512752570211887,0.0,0.03518295660614967,0.01732785999774933,0.023355819284915924,0.0,0.02727474644780159,0.0,0.055969495326280594,0.004417223855853081,0.04851018264889717,0.0,0.505911648273468,0.024117769673466682,0.025271983817219734,0.003537986893206835,0.0,0.049814604222774506,0.00222653872333467,0.03571157902479172,0.020501980558037758,0.0,0.00919603742659092,0.02348598651587963,0.0,0.008789523504674435,0.06863684952259064,0.0,0.004826638847589493,0.011047210544347763,0.03143741935491562,0.02336314134299755,0.025860149413347244,0.0,0.00022010147222317755,0.00047655939124524593,0.061381369829177856,0.06674882769584656,0.7815175652503967,0.0,0.0,0.0,0.0,0.0,0.07557835429906845,0.0,0.0,0.0,0.0,0.0,0.012547928839921951,0.1347290277481079,0.0,0.006439595017582178,0.18155284225940704,0.04948583245277405,0.21129989624023438,0.05361921340227127,0.063371941447258,0.0,0.16924238204956055,0.0,0.0,0.03122662752866745,0.012635909020900726,0.0009211599826812744,0.0,0.31976062059402466,0.0,0.0,0.11491956561803818,0.0,0.00312471273355186,0.0,0.0,0.0,0.0,0.02257147803902626,0.04967205598950386,0.01913958229124546,0.0,0.0,0.002343050902709365,0.010289255529642105,0.0,0.0,0.18615122139453888,0.01517733559012413,0.09494230151176453,0.11622639000415802,0.0005366945406422019,0.03326479345560074,0.0,0.0,0.0,0.15306630730628967,0.0,0.0,0.04044651612639427,0.01173432543873787,0.003104989416897297,0.0,0.0,0.04037759453058243,0.0,0.0,0.0,0.0,0.0,0.0,0.0382159985601902,0.007237598765641451,0.026677483692765236,0.5248755812644958,0.0,0.007974376901984215,0.0,0.0023131330963224173,0.0011636781273409724,0.21475572884082794,0.0,0.09488318115472794,0.37331515550613403,0.0,5.574226179305697e-06,0.027666229754686356,0.0,0.0,0.0,0.0,0.37982890009880066,0.0,0.0,0.0,0.0,0.0,0.38143813610076904,0.1228201761841774,0.021501943469047546,0.0,0.0032400870695710182,0.11396824568510056,0.342412531375885,0.0,0.0,0.00878521054983139,0.0,0.0,0.0,0.0,0.0,0.0161358080804348,0.0,0.0,0.0,0.0,0.278439998626709,0.0,0.029035458341240883,0.04646788910031319,0.006818821653723717,0.0,0.256714791059494,0.20832915604114532,0.0,0.11660732328891754,0.005289504304528236,0.0,0.0,0.011060240678489208,0.041110340505838394,0.0,0.0,0.03634757548570633,0.0,0.021961331367492676,0.03185194730758667,0.0006943678599782288,0.0,0.001205418142490089,0.011154408566653728,0.12669990956783295,0.014832212589681149,0.011438489891588688,0.05370854213833809,0.0,0.0568179115653038,0.04191223159432411,0.07877982407808304,0.03764903172850609,0.0,0.0,0.005840718746185303,0.04356401413679123,0.0,0.0,0.03356894105672836,0.0,0.010750642977654934,0.0,0.0,0.0,0.0,0.005939142778515816,0.002030450152233243,0.0055144596844911575,0.0,0.0,0.09185324609279633,0.05822557955980301,0.046220406889915466,0.013320430181920528,0.010857739485800266,0.011343324556946754,0.0,0.0,0.3144475817680359,0.0,0.0863649845123291,0.08113888651132584,0.006470320280641317,0.0,0.4184548556804657,0.0,0.026368385180830956,0.0
0.0,0.022305460646748543,0.3311733901500702,0.002869608346372843,0.0,0.0,0.025716671720147133,0.012550914660096169,0.008662848733365536,0.060712460428476334,0.0,0.015291702933609486,0.044082097709178925,0.2993687391281128,0.13051991164684296,0.15170295536518097,0.003541808109730482,0.041962046176195145,0.0,0.1469203233718872,0.013276512734591961,0.0,0.027564937248826027,0.21625646948814392,0.041878439486026764,0.1033632755279541,0.0,0.0,0.0,0.0,0.46505317091941833,0.12369604408740997,0.0,0.0,0.35387077927589417,0.18210436403751373,0.0,0.04347241297364235,0.0,0.09882324188947678,0.23376095294952393,0.0,0.0,0.15045543015003204,0.45068779587745667,0.017626414075493813,0.046332091093063354,0.0,0.20750899612903595,0.0,0.0,0.16615360975265503,0.0,0.13561880588531494,0.028720760717988014,0.0,0.0,0.0,0.12371685355901718,0.006434242706745863,0.003238698234781623,0.3311433792114258,0.07814862579107285,0.0,0.003396678017452359,0.3394566476345062,0.12586607038974762,0.015734650194644928,0.025680668652057648,0.0,0.2179579734802246,0.0,0.015805654227733612,0.13057972490787506,0.0,0.1297498345375061,0.3379376232624054,0.000601497245952487,0.18013590574264526,0.4377528429031372,0.0,0.06909894198179245,0.0,0.05885219946503639,0.006439158692955971,0.335018515586853,0.019496506080031395,0.0,0.0,0.056146178394556046,0.007885701954364777,0.0,0.25867006182670593,0.4712890684604645,0.02915854938328266,0.19239205121994019,0.04364616423845291,0.0,0.0,0.021781979128718376,0.02639760822057724,0.036179594695568085,0.1567791849374771,0.018417363986372948,0.10252416878938675,0.0027644061483442783,0.026307836174964905,0.0,0.0,0.0037653709296137094,0.03707931190729141,0.02152990736067295,0.0,0.1489156037569046,0.00872503500431776,0.4186629056930542,0.0,0.11312441527843475,0.0,0.15440259873867035,0.010780262760818005,0.006555616855621338,0.3110819458961487,0.0256086066365242,0.008827784098684788,0.0,0.13240498304367065,0.03696921467781067,0.10071689635515213,0.008963007479906082,0.14196643233299255,0.0025169134605675936,0.060326505452394485,0.0,0.06630592048168182,0.07064502686262131,0.011243143118917942,0.0,0.00026545883156359196,0.0,0.12470711022615433,0.03727364540100098,0.0,0.0416598804295063,0.22522154450416565,0.0,0.00960775837302208,0.251414030790329,0.027782175689935684,0.057305630296468735,0.14994162321090698,0.0,0.06860776245594025,0.07725108414888382,0.0,0.0018077939748764038,0.009720508940517902,0.011225428432226181,0.09671621024608612,0.09578687697649002,0.001021029893308878,0.011922193691134453,0.024243144318461418,0.39213767647743225,0.06975074857473373,0.0,0.2471032738685608,0.008091798052191734,0.1380387842655182,0.27224621176719666,0.12730096280574799,0.08885190635919571,0.060844238847494125,0.21557928621768951,0.05848389491438866,0.01660117134451866,0.46578705310821533,0.01684967428445816,0.0,0.32028377056121826,0.0,0.0,0.03437088802456856,0.020836878567934036,0.017940599471330643,0.2886749505996704,0.1373557448387146,0.060161661356687546,0.07880145311355591,0.28278225660324097,0.04287029802799225,0.09522039443254471,0.005782861728221178,0.00835501216351986,0.017577093094587326,0.05035392940044403,0.026653451845049858,0.01862392947077751,0.2089395970106125,0.0,0.14123615622520447,0.03865314647555351,0.0,0.1422821581363678,0.0,0.08086368441581726,0.07723645865917206,0.00872852560132742,0.02538885548710823,0.16593621671199799,0.17457035183906555,0.006991555914282799,0.303965300321579,0.0,0.004888176918029785,0.03272213786840439,0.038698554039001465,0.03639005497097969,0.0,0.021462678909301758,0.046340927481651306,0.0034138071350753307,0.15285007655620575,0.1472426801919937,0.00542449951171875,0.18300551176071167,0.013336014933884144,0.006135597359389067,0.04024001583456993,0.11498413234949112,0.1735193431377411,0.0,0.2313230335712433,0.08584544062614441,0.09905952215194702,0.2566761076450348,0.03233412653207779,0.12269455194473267,0.029587551951408386,0.003939645364880562,0.0,0.04428010433912277,0.07533952593803406,0.0,0.057655781507492065,0.047810640186071396,0.036176398396492004,0.10043545067310333,0.0006167173269204795,0.004288489930331707,0.0019269847543910146,0.006773724686354399,0.014575164765119553,0.018865184858441353,0.003933193627744913,0.11725879460573196,0.0,0.07717593014240265,0.09168760478496552,0.42439374327659607,0.005249686073511839,0.02040622942149639,0.020540814846754074,0.0,0.1349162608385086,0.0326424315571785,0.050445426255464554,0.08271129429340363,0.006091184448450804,0.010173192247748375,0.07675384730100632,0.012108934111893177,0.0,0.11048423498868942,0.05359017848968506,0.0,0.03720387443900108,0.011756987310945988,0.18992111086845398,0.21163730323314667,0.0535123236477375,0.0,0.039434950798749924,0.17637701332569122,0.05453402176499367,0.6044016480445862,0.0,0.0008506488520652056,0.1350390762090683,0.04116332530975342,0.14926977455615997,0.1605716496706009,0.06735090911388397,0.0,0.04459761455655098,5.3722858865512535e-05,0.17507146298885345,0.0,0.27120083570480347,0.0,0.024582257494330406,0.03247683122754097,0.18730272352695465,0.11906885355710983,0.11924835294485092,0.003881921758875251,0.007680206093937159,0.02922995574772358,0.0,0.0,0.0,0.12842310965061188,0.01866890862584114,0.1713121235370636,0.04475371539592743,0.32019469141960144,0.039673879742622375,0.002778339432552457,0.16422072052955627,0.035286396741867065,0.0,0.05154714733362198,0.0,0.0,0.5979328155517578,0.0,0.0,0.02274222858250141,0.0,0.0,0.0,0.0414726622402668,0.0,0.0,0.033904895186424255,0.0,0.0,0.0,0.011657415889203548,0.10149934142827988,0.053758181631565094,0.0,0.0,0.0005617746501229703,0.0,0.0,0.0,0.005873780231922865,0.0,0.0,0.21660132706165314,0.0,0.09038851410150528,0.045027509331703186,0.3239912688732147,0.0,0.0,0.0,0.15485389530658722,0.010896057821810246,0.0022162061650305986,0.0,0.0,0.0,0.0,0.0,0.09043761342763901,0.04372540861368179,0.0,0.0,0.4839943051338196,0.0,0.0,0.0464620478451252,0.002199488691985607,0.0,0.0074425493367016315,0.0,0.004935610108077526,0.11766952276229858,0.071821428835392,0.0,0.0,0.003414965234696865,0.010259024798870087,0.0,0.0,0.03767107427120209,0.0,0.0036295452155172825,0.20879432559013367,0.0,0.0,0.0,0.0,0.0,0.1347440779209137,0.0,0.1292657107114792,0.02075381763279438,0.0,0.0,0.0,0.002752200933173299,0.028873883187770844,0.0,0.0,0.0,0.0,0.05581153929233551,0.0,0.0,0.0,0.0,0.01778058335185051,0.0,0.0,0.0,0.0,0.0,0.050600167363882065,0.0,0.0693381279706955,0.0,0.014650259166955948,0.22072377800941467,0.0219100471585989,0.02429164946079254,0.015380860306322575,0.11973027139902115,0.0,0.0,0.0,0.1115022674202919,0.0,0.0,0.0001340150774922222,0.01290967594832182,0.005704096518456936,0.006662338972091675,0.0,0.0,0.014563235454261303,0.01598082110285759,0.0,0.0,0.026299312710762024,0.0,0.04577934741973877,0.027734894305467606,0.0021101797465234995,0.0,0.0,0.0538642518222332,0.0,0.0,0.0,0.0,0.036417871713638306,0.0,0.0,0.14488081634044647,0.0,0.0,0.11496330052614212,0.34489455819129944,0.06374186277389526,0.0,0.0,0.0,0.0,0.0,0.024665476754307747,0.0,0.026032038033008575,0.0,0.0,0.011106564663350582,0.07456789910793304,0.0,0.0,0.0,0.14128628373146057,0.009192763827741146,0.05796481668949127,0.3074950575828552,0.009529195725917816,0.0,0.0,0.0,0.0069695161655545235,0.0,0.004790050908923149,0.0,0.0,0.0,0.0,0.021090028807520866,0.0312904454767704,0.0,0.0,0.0,0.019427089020609856,0.015993891283869743,0.008203484117984772,0.0,0.0,0.0,0.18658408522605896,0.0178090650588274,0.055538520216941833,0.007408726029098034,0.0,0.0017722630873322487,0.0,0.0,0.2155616581439972,0.04194303974509239,0.0008820676594041288,0.006321067921817303,0.0,0.0,0.43855786323547363,0.0,0.0,0.0,0.0,0.0,0.0,0.018860356882214546,0.01094029564410448,0.0,0.002319602994248271,0.0,0.0,0.17143888771533966,0.0,0.0,0.0,0.008145336993038654,0.002407925669103861,0.04448118805885315,0.0,0.1107650175690651,0.0,0.004570489749312401,0.0012070572702214122,0.0,0.0,0.0,0.0,0.07430409640073776,0.0041390457190573215,0.1421700268983841,0.013382175005972385,0.01058495044708252,0.0,0.0,0.043529290705919266,0.0,0.0,0.12958288192749023,0.04048309847712517,0.0,0.20550331473350525,0.04925078526139259,0.001958403503522277,0.0,0.11566109955310822,0.21516689658164978,0.0,0.019550802186131477,0.07673747837543488,0.0,0.0,0.012454195879399776,0.0,0.0005041977856308222,0.0,0.0,0.05797422304749489,0.0,0.03925350308418274,0.0,0.20691987872123718,0.1385958194732666,0.08182942122220993,0.007490336894989014,0.0,0.0,0.0,0.003658969420939684,0.0,0.0,0.0,0.20642144978046417,0.01600286178290844,0.0058813695795834064,0.0,0.0,0.0,0.0,0.0,0.025457419455051422,0.0,0.0,0.0,0.4277682602405548,0.013356593437492847,0.02061820589005947,0.0,0.2100720852613449,0.0007407766534015536,0.0,0.012328238226473331,0.003352825529873371,0.016058973968029022,0.015169828198850155,0.0,0.0,0.0,0.0,0.0,0.016608303412795067,0.006428287830203772,0.00457716453820467,0.0,0.0,0.0,0.06680107861757278,0.005710638128221035,0.0,0.0019387936918064952,0.0,0.0007630777545273304,0.0,0.0,0.0,0.0,0.0,0.0,0.0,0.12932658195495605,0.010775663889944553,0.0,0.0,0.0,0.0,0.015447760000824928,0.0,0.0,0.01412446890026331,0.0,0.0,0.006449338048696518,0.0,0.0,0.06726410239934921,0.0023990862537175417,0.1208939254283905,0.020412297919392586,0.0,0.24928686022758484,0.010715167969465256,0.04601500928401947,0.003076112363487482,0.0,0.09972188621759415,0.0,0.03543151915073395,0.10079805552959442,0.0,0.0459609180688858,0.0,0.0,0.0,0.0,0.0,0.0,0.0004415866860654205,0.0,0.05219626426696777,0.0,0.0,0.0,0.023181533440947533,0.003382896538823843,0.0,0.0,0.0,0.0,0.19205039739608765,0.010906658135354519,0.0072090886533260345,0.0617702454328537,0.023974986746907234,0.0,0.0,0.0,0.059943828731775284,0.0011514031793922186,0.0,0.35231858491897583,0.11385492235422134,0.0,0.0,0.021042639389634132,0.0,0.1795971691608429,0.009863047860562801,0.0,0.0,0.00030661941855214536,0.01295892521739006,0.16388189792633057,0.08235692232847214,0.03586610406637192,0.0,0.0033082151785492897,0.036397844552993774,0.0,0.0,0.0,0.04402555897831917,0.0,0.006138277240097523,0.00312754581682384,0.0489935502409935,0.01306853536516428,0.27244994044303894,0.0,0.0,0.0020668250508606434,0.2708282768726349,0.05631042644381523,0.0,0.02452067658305168,0.5685029625892639,0.0,0.07845287024974823,0.0,0.018899142742156982,0.0,0.0,0.0,0.015511181205511093,0.2935580909252167,0.0,0.1643242985010147,0.0,0.0,0.007872906513512135,0.0014581835130229592,0.0,0.0,0.0,0.0,0.23384469747543335,0.08884317427873611,0.0,0.0,0.0004343906184658408,0.05901499092578888,0.005776792764663696,0.2835776209831238,0.0,0.0,0.0,0.03516076132655144,0.0,0.1710088849067688,0.04405640438199043,0.06097053363919258,0.0831415057182312,0.033085912466049194,0.0,0.010242135263979435,0.03563646972179413,0.02093231864273548,0.015384466387331486,0.0,0.0,0.19337491691112518,0.0048155151307582855,0.034403182566165924,0.0,0.0,0.0878191664814949,0.3460671603679657,0.002612008946016431,0.00682231318205595,0.09631820768117905,0.05670850723981857,0.0029513502959161997,0.0,0.0,0.0687195360660553,0.0,0.014903102070093155,0.11826242506504059,0.04441072419285774,0.022775307297706604,0.0,0.017942285165190697,0.0,0.0,0.03900570794939995,0.1163661852478981,0.06003107130527496,0.0,0.21475178003311157,0.0,0.006812551058828831,0.0,0.010768537409603596,0.036819323897361755,0.3281627297401428,0.024741070345044136,0.09416061639785767,0.050701141357421875,0.0,0.0,0.0,0.0,0.0,0.0,0.030842477455735207,0.0,0.0,0.002271005418151617,0.14600153267383575,0.0005549525958485901,0.0013096594484522939,0.01752612181007862,0.007481464184820652,0.0,0.1449001282453537,0.0,0.0,0.023988202214241028,0.050232961773872375,0.0,0.05292391777038574,0.006198981776833534,0.19638217985630035,0.0,0.0,0.4141314625740051,0.0,0.026797790080308914,0.007189953234046698,0.0,0.0,0.0,0.01481886487454176,0.01776380091905594,0.0,0.11562564224004745,0.0,0.0,0.0036425471771508455,0.0,0.023341145366430283,0.016638247296214104,0.0,0.04422354698181152,0.0042136479169130325,0.008261055685579777,0.0,0.0,0.3959927260875702,0.00106179085560143,0.0,0.0,0.0,0.0,0.0,0.6509944200515747,0.051133740693330765,0.01618649624288082,0.030427351593971252,0.09038104116916656,0.0,0.001921017188578844,0.0,0.30112940073013306,0.009971290826797485,0.06609845906496048,0.011739449575543404,0.012783212587237358,0.0,0.004895225167274475,0.17545849084854126,0.0,0.02788880653679371,0.0,0.12756305932998657,0.02902781404554844,0.10828796029090881,0.026654653251171112,0.07259209454059601,0.04053233191370964,0.0,0.37882640957832336,0.0,0.0,0.03696734830737114,0.01640581712126732,0.08611199259757996,0.0,0.0029856848996132612,0.0,0.0579613633453846,0.13788531720638275,0.0,0.23839008808135986,0.021973654627799988,0.09497454017400742,0.0,0.03525562584400177,0.4195263981819153,0.013737160712480545,0.19240066409111023,0.1213516965508461,0.1659911572933197,0.0498511902987957,0.05539412796497345,0.12037242949008942,0.12631763517856598,0.029372461140155792,0.2971968948841095,0.0,0.0,0.2769477367401123,0.007272610440850258,0.0,0.033996567130088806,0.0,0.0,0.07132235914468765,0.0,0.0015313636977225542,0.0008782422519288957,0.0,0.00952023733407259,0.0,0.27521219849586487,0.032037995755672455,0.0,0.0,0.013723038136959076,0.0,0.0,0.10661914944648743,0.013025936670601368,0.09563152492046356,0.0,0.1353239119052887,0.0,0.012399568222463131,0.048202723264694214,0.0,0.029373321682214737,0.0,0.022675899788737297,0.1982448697090149,0.0,0.04608071967959404,0.00559687614440918,0.10760845243930817,0.0015540302265435457,0.06601081043481827,0.04897389933466911,0.0,0.0,0.16304518282413483,0.0,0.0,0.003652780083939433,0.7076222896575928,0.2627393305301666,0.0,0.01650942862033844,0.43147560954093933,0.0,0.004557220730930567,0.004368737805634737,0.25605976581573486,0.0,0.03726373612880707,0.0,0.0011288344394415617,0.0,0.0,0.08605176955461502,0.003436570055782795,0.0,0.2143225222826004,0.06430842727422714,0.0,0.0,0.14598947763442993,0.0,0.009272823110222816,0.016359254717826843,0.0350620411336422,0.04554333537817001,0.022286854684352875,0.01520723570138216,0.04026596620678902,0.0,0.0,0.2619892656803131,0.0,0.0,0.009122334420681,0.043785400688648224,0.016912823542952538,0.0,0.06681884080171585,0.013778150081634521,0.0,0.23848944902420044,0.0026367604732513428,0.0,0.02742506004869938,0.0,0.0,0.043074384331703186,0.3905480206012726,0.0,0.0,0.19866575300693512,0.05555731803178787,0.015744952484965324,0.07603126764297485,0.0,0.10147351026535034,0.038821812719106674,0.0,0.0,0.0,0.08466771990060806,0.0007016241434030235,0.0,0.0,0.0662764459848404,0.11015473306179047,0.059283625334501266,0.17068535089492798,0.0,0.1368701457977295,0.008119285106658936,0.0,0.19618552923202515,0.0,0.010288970544934273,0.09782972186803818,0.0,0.0,0.1273259073495865,0.06827893108129501,0.0,0.054122958332300186,0.448151171207428,0.05936073139309883,0.06586635112762451,0.0,0.09849550575017929,0.15704528987407684,0.08163359016180038,0.14059220254421234,0.0,0.08239231258630753,0.00027215658337809145,0.13078056275844574,0.026318669319152832,0.11139068007469177,0.27641192078590393,0.0,0.4603545069694519,0.0,0.00272104749456048,0.027633802965283394,0.422585666179657,0.11467322707176208,0.17403453588485718,0.1694088727235794,0.0,0.02077595144510269,0.019134793430566788,0.01589248701930046,0.0,0.04205365106463432,0.02604495733976364,0.0,0.0,0.008554888889193535,0.0,0.09797870367765427,0.0,0.0,0.08975706249475479,0.05284890532493591,0.21935687959194183,0.0,0.0,0.0,0.0,0.0,0.0,0.5494502782821655,0.0,0.0,0.0,0.0,0.15493527054786682,0.0,0.0,0.0,0.09841663390398026,0.003932673949748278,0.01260443590581417,0.2322424352169037,0.3000943660736084,0.0,0.011172346770763397,0.007518323604017496,0.0601026676595211,0.0,0.0,0.0,0.00031342505826614797,0.06293279677629471,0.0,0.0,0.0,0.004515876993536949,0.002756559755653143,0.14597088098526,0.1827130913734436,0.0,0.0,0.0,0.0002610623778309673,0.0,0.3500620722770691,0.02393888309597969,0.3007996380329132,0.0,0.0597071647644043,0.006917439866811037,0.00766972778365016,0.0,0.04223483428359032,0.0,0.13039541244506836,0.00580229889601469,0.011285966262221336,0.008695212192833424,0.0,0.0025313282385468483,0.0,0.0651511400938034,0.0,0.07284865528345108,0.031851477921009064,0.0,0.0,0.0,0.0,0.0,0.9778297543525696,0.18088127672672272,0.0,0.0,0.026934800669550896,0.0,0.0009244584944099188,0.027542324736714363,0.07914097607135773,0.0,0.0,0.5915313959121704,0.0,0.0007802556501701474,0.0,0.01361521240323782,0.0,0.0,0.0,0.0,0.0,0.0,0.0,0.46443355083465576,0.023456310853362083,0.0,0.05470544844865799,0.0,0.011744668707251549,0.001886193291284144,0.0,0.0,0.0,0.005746753420680761,0.34783852100372314,0.016536111012101173,1.1688835620880127,0.0,0.010733824223279953,0.008969062939286232,0.005858078133314848,0.0,0.035994965583086014,2.276972532272339,0.01665041223168373,0.0,0.0,0.039786070585250854,0.010870952159166336,0.0,0.0,0.056682080030441284,0.0,0.0,0.4991403818130493,0.0,0.02333800122141838,0.027434376999735832,0.0,0.0,0.0,0.07228486984968185,0.16827407479286194,0.06347496062517166,0.0,0.16813139617443085,0.0,0.0,0.0,0.0,0.0,0.15861228108406067,0.008406068198382854,0.02128741703927517,0.0,0.0,0.18768462538719177,0.011756857857108116,0.030790900811553,0.09506838023662567,0.44425880908966064,0.0,0.004885820206254721,0.19826526939868927,0.0,0.0,0.0,0.0,0.0,0.06672624498605728,0.0,0.06484309583902359,0.0,0.0,0.0,0.0015691542066633701,0.0,0.11606773734092712,0.035442426800727844,1.0748099088668823,0.0,0.0435975082218647,0.008660813793540001,0.023009706288576126,0.11238424479961395,0.0,0.045277148485183716,0.0,0.0,0.4089086651802063,0.0,0.02020820416510105,0.0,0.0,0.0,0.0,0.02183418720960617,0.005186870228499174,0.0,0.0008349422132596374,0.0,0.0,0.0,0.013846359215676785,0.0,0.0,0.0,0.00016470268019475043,0.0,0.012304048985242844,0.1928936243057251,0.0,0.07149956375360489,0.0,0.0,0.0,0.011099539697170258,0.0,0.05539567768573761,0.0,0.005059929098933935,0.018463589251041412,0.010723519138991833,0.0,0.0,0.0261837188154459,0.13229745626449585,0.0,0.09227428585290909,0.029133448377251625,0.0,0.019163265824317932,0.0,0.013855064287781715,0.0,0.021060438826680183,0.0,0.0,0.0,0.04094564542174339,0.0038172078784555197,0.0,0.0,0.05609787628054619,0.04411313682794571,0.00015379667456727475,0.31020644307136536,0.08006982505321503,0.0,0.0,0.0,0.005525275599211454,0.13362759351730347,0.0,0.016665268689393997,0.038278065621852875,0.02454986982047558,0.0,0.024385035037994385,0.0,0.027697952464222908,0.0,0.0,0.0,0.023667506873607635,0.20153012871742249,0.04242968186736107,0.0,0.013005341403186321,0.2961752414703369,0.006047711241990328,0.012917923741042614,0.0,0.2975336015224457,0.0882006362080574,0.05520882084965706,0.009503772482275963,0.0,0.0,1.0868029594421387,0.45568764209747314,0.07178647071123123,0.0,0.0,0.0,0.0,0.0,0.008571380749344826,0.0,0.6072041988372803,0.00570275541394949,0.13107696175575256,0.0,0.0,0.0,0.0064782691188156605,0.04670843109488487,0.0,0.0,0.037665557116270065,0.3871256709098816,0.0,0.003730020485818386,0.2438216656446457,0.008074834011495113,0.5110406279563904,0.05668404698371887,0.0009150922414846718,0.402642160654068,0.08557083457708359,0.03388899937272072,0.0,0.3187735974788666,0.016294818371534348,0.0,0.03193570673465729,0.013092150911688805,0.0,0.0,0.1435757875442505,0.0,0.0,0.33986690640449524,0.03398442268371582,0.0,0.0,0.13429611921310425,0.006116988603025675,0.005691869650036097,0.008725575171411037,0.0,0.0,0.06398144364356995,0.0,0.0,0.0,0.08637720346450806,0.0,0.0,0.008064253255724907,0.0,0.0,0.0,0.0,0.0,0.36458683013916016,0.0071248398162424564,0.0,0.011248504742980003,0.0,0.1800990253686905,0.0,0.0,0.006144610233604908,0.0,0.062259491533041,0.014011809602379799,0.0,0.0,0.0,0.0,0.0,0.0,0.0,0.005549116525799036,0.0,0.0,0.0,0.025521008297801018,0.0,0.009122230112552643,0.0,0.05516507476568222,0.006488771643489599,0.010961067862808704,0.008093655109405518,0.053998421877622604,0.0,0.01863599382340908,0.0,0.17594492435455322,0.0,0.03285570070147514,0.1253758668899536,0.11144202947616577,0.0,0.0023299776948988438,0.0,0.001996437320485711,0.008046162314713001,0.1689007431268692,0.022707318887114525,0.014276325702667236,0.0,0.02697782777249813,0.07930206507444382,0.05205415189266205,0.0,0.018857629969716072,0.0,0.0,0.16606862843036652,0.07555093616247177,0.001714135054498911,0.009592929854989052,0.0,0.02300332300364971,0.012276042252779007,0.0650448352098465,0.039068449288606644,0.0,0.0,0.14092382788658142,0.1857897937297821,0.00498509407043457,0.009464839473366737,0.0,0.00684339040890336,0.0,0.5648532509803772,0.01068788394331932,0.018853791058063507,0.0,0.16034820675849915,0.09745433181524277,0.0884992778301239,0.0,0.11629810929298401,0.00030412792693823576,0.0,0.21631735563278198,0.16700014472007751,0.0,0.07187128067016602,0.0,0.7363308668136597,0.0,0.0031852603424340487,0.0034689330495893955,0.010922062210738659,0.0,0.013596219941973686,0.0,0.0,0.037562739104032516,0.006247066427022219,0.22579579055309296,0.0,0.06827551871538162,0.0,0.0004276371037121862,0.0019525596871972084,0.08175981789827347,0.4303787350654602,0.0028279870748519897,0.01783115044236183,0.11215022951364517,0.0,0.02406330034136772,0.004665348678827286,0.0,0.0,0.1106153205037117,0.04226347804069519,0.005746438633650541,0.0,0.01958327926695347,0.1770840287208557,0.0,0.0,0.0022481167688965797,0.023462794721126556,0.0975787416100502,0.0028163266833871603,0.0,0.0,0.03789824619889259,0.0,0.011588770896196365,0.011970787309110165,0.11103705316781998,0.0009177446481771767,0.07742408663034439,0.0,0.06116721034049988,0.6941950917243958,0.025811657309532166,0.12753325700759888,0.004224157426506281,0.0780562236905098,0.011878290213644505,0.0,0.0,0.0005752420402131975,0.03877246752381325,0.023811500519514084,0.02792269177734852,0.0026111556217074394,0.03501173481345177,0.005490084178745747,0.3845618963241577,0.1305347979068756,0.0,0.05330086126923561,7.557153730886057e-05,0.21929027140140533,0.3638729751110077,0.0483158715069294,0.04170992970466614,0.6287894248962402,0.029449187219142914,0.7155510187149048,0.12114925682544708,0.004982573911547661,0.0,0.0,0.08946872502565384,0.0,0.18406923115253448,0.0,0.00022865533537697047,0.040778812021017075,0.0,0.03151167929172516,1.2180036306381226,0.12550288438796997,0.011609523557126522,0.0,0.059199653565883636,0.0,0.044076599180698395,0.028736023232340813,0.005240199621766806,0.0,0.41507893800735474,0.05462968349456787,0.007742180954664946,0.012023315764963627,0.0,0.0,0.0620969720184803,0.0,0.16490240395069122,0.06308720260858536,0.0,0.1778334379196167,0.009895987808704376,0.006742882542312145,0.0,0.002997467527166009,0.005202749744057655,0.0,0.669575035572052,0.3198263645172119,0.002312128432095051,0.05385957658290863,0.14187157154083252,0.03155133128166199,0.09428048878908157,0.007945802062749863,0.027521347627043724,0.005172989796847105,0.0,0.00391402980312705,0.0,0.018224548548460007,0.0,0.05264325067400932,0.0006212860462255776,0.04813889414072037,0.06500750780105591,0.023511027917265892,0.0,0.0315106138586998,0.011051378212869167,0.03708714619278908,0.15002672374248505,0.012415474280714989,0.0,0.13385647535324097,0.0,0.022145472466945648,0.08258271962404251,0.011799607425928116,0.04020624980330467,0.005323662888258696,0.0,0.014466104097664356,0.4633040130138397,0.0,0.03263064846396446,0.021839965134859085,0.0,0.0061956169083714485,0.0,0.002425420330837369,0.0,0.0,0.014421957544982433,0.023298116400837898,0.019014332443475723,0.009178638458251953,0.024433989077806473,0.0,0.6354540586471558,0.09437105804681778,0.005806484259665012,0.2243618369102478,0.040739983320236206,0.0,0.007590360473841429,0.0,0.026462871581315994,0.0,0.0016636645887047052,0.04184639826416969,0.009940484538674355,0.00045744539238512516,0.0,0.0,0.0,0.007306859362870455,0.0,0.10593834519386292,0.039001449942588806,0.014355075545608997,0.04213256016373634,0.19648723304271698,0.07787857204675674,0.02922527864575386,0.18545430898666382,0.048472221940755844,0.0,0.153839573264122,0.0,0.0,0.0,0.026989886537194252,0.01299145258963108,0.01276685856282711,0.06472554802894592,0.11949553340673447,0.0,0.0,0.0,0.039367638528347015,0.0,0.007448539603501558,0.028102243319153786,0.01484607718884945,0.0,0.03939315676689148,0.01295789610594511,0.003811995964497328,0.01023037452250719,0.0,0.0,0.005860247649252415,0.0,0.022060537710785866,0.16919544339179993,0.0,0.4043534994125366,0.029501324519515038,0.04714484140276909,0.19169704616069794,0.0,0.017886243760585785,0.0,0.0,0.0013449466787278652,0.0033566199708729982,0.11000671982765198,0.4167157709598541,0.0,0.011507770977914333,0.0,0.0,0.014996650628745556,0.0,0.0012335395440459251,0.0,0.0,0.41470396518707275,0.0,0.0,0.0,0.0,0.1936405748128891,0.0039887987077236176,0.0,0.0,0.0,0.18032808601856232,0.016010982915759087,0.04525477811694145,0.0013965177349746227,0.0,0.007661717012524605,0.016481904312968254,0.0,0.0,0.06397123634815216,0.023555852472782135,0.040108367800712585,0.024985237047076225,0.0,0.0038476483896374702,0.030459905043244362,0.0,0.037013500928878784,0.0,0.0,0.02223610319197178,0.06497704237699509,0.12912015616893768,0.004129460081458092,0.020849494263529778,0.06626329571008682,0.03047783300280571,0.0,0.0627111941576004,0.6320209503173828,0.004926778841763735,0.2667613923549652,0.07907599955797195,0.1942099779844284,0.022843055427074432,0.2277420610189438,0.0,0.011232592165470123,0.0,0.06136454641819,0.021650951355695724,0.011313365772366524,0.0,0.02474384941160679,0.0,0.05843517929315567,0.012957403436303139,0.0557858943939209,0.00012687951675616205,0.4659092426300049,0.01911175809800625,0.04027102142572403,0.004093260038644075,0.0,0.0728856772184372,0.00039849997847341,0.03843935579061508,0.01970258541405201,0.0,0.024664631113409996,0.05018014833331108,0.0,0.01369799766689539,0.06489431858062744,0.01228400506079197,0.008545748889446259,0.0,0.00926552340388298,0.005702011752873659,0.02722141705453396,0.0,0.004052060656249523,0.0,0.052814383059740067,0.066191166639328,0.8038421869277954,0.0,0.0,0.0,0.0,0.0,0.1584038883447647,0.0,0.0,0.0,0.0,0.0,0.004667910747230053,0.14580045640468597,0.0,0.007340775802731514,0.1571713387966156,0.016001945361495018,0.030436651781201363,0.026550529524683952,0.16782352328300476,0.0,0.16038641333580017,0.0,0.00041781365871429443,0.0,0.020761024206876755,0.0,0.0,0.2808978259563446,0.0,0.0,0.05648912861943245,0.0,0.0,0.0,0.0,0.0,0.0,0.011206204071640968,0.03126315772533417,0.00821717455983162,0.0,0.0,0.0503067821264267,0.010123715735971928,0.0,0.00039051295607350767,0.0854496955871582,0.02999883145093918,0.0625055804848671,0.05011880397796631,0.0,0.045139674097299576,0.0,0.0,0.0,0.06999567896127701,0.0,0.0036490987986326218,0.04065414518117905,0.0,0.008849862031638622,0.0,0.0,0.11856420338153839,0.0,0.0,0.0,0.0,0.0,0.0,0.003614173037931323,5.3942203521728516e-05,0.03225621208548546,0.6828024387359619,0.0,0.004072478041052818,0.0012554990826174617,0.0,0.006976823788136244,0.17357677221298218,0.0,0.11944305151700974,0.3318755328655243,0.0,0.0,0.006581028923392296,0.0,0.0004247364413458854,0.0,0.0,0.4465472400188446,0.0,0.0,0.049068234860897064,0.0,0.0,0.3925277292728424,0.04770595580339432,0.012294557876884937,0.0,0.0051140692085027695,0.1483546942472458,0.3772554397583008,0.005880457349121571,0.0,0.0010588020086288452,0.0,0.0,0.0,0.0,0.0,0.00930184219032526,0.0,0.0031412362586706877,0.0,0.0,0.22983883321285248,0.0,0.045790333300828934,0.03131328150629997,0.08427940309047699,0.0,0.43384623527526855,0.13077308237552643,0.001311572385020554,0.0751592367887497,0.0,0.006977742537856102,0.0,0.003937075845897198,0.05698791518807411,0.0,0.0,0.03965143486857414,0.0,0.04425377771258354,0.020917242392897606,0.01654425822198391,0.001012182212434709,0.006800205912441015,0.008934622630476952,0.11060234904289246,0.0,0.010885587893426418,0.032646484673023224,0.0,0.06246177852153778,0.0013096362818032503,0.023564916104078293,0.003970583900809288,0.0,0.0,0.005175337661057711,0.05333001911640167,0.0005555168027058244,0.0001517307828180492,0.011027499102056026,0.0,0.03728705644607544,0.0,0.0,0.0,0.0,0.0006013834499754012,0.0031984674278646708,0.0013800017768517137,0.0,0.0,0.15549501776695251,0.052897822111845016,0.04397818446159363,0.006319414358586073,0.017645813524723053,0.00031604288960807025,0.0,0.0,0.416182279586792,0.0,0.05023771896958351,0.03967708721756935,0.005951993633061647,0.007125737611204386,0.4672572612762451,0.012618417851626873,0.05946975573897362,0.0
0.0,0.006748217158019543,0.3313978612422943,0.0002351498551433906,0.0,0.0,0.0069306278601288795,0.0155989620834589,0.018158867955207825,0.08509458601474762,0.0,0.06841394305229187,0.01923774927854538,0.2529071867465973,0.10754217207431793,0.1664198338985443,0.0049863578751683235,0.023426158353686333,0.0,0.2662855088710785,0.03452794626355171,0.0,0.03408293053507805,0.18895860016345978,0.07621375471353531,0.12811893224716187,0.0,0.0,0.0,0.0,0.49610182642936707,0.12506821751594543,0.0022291827481240034,0.0,0.2517874836921692,0.15397195518016815,0.01911182887852192,0.05753730610013008,0.0,0.09958609938621521,0.3006819784641266,0.01589340716600418,0.0075906990095973015,0.11428914964199066,0.45820480585098267,0.015522677451372147,0.04670142009854317,0.0,0.2700389623641968,0.0,0.0,0.19980712234973907,0.00388632295653224,0.14622554183006287,0.03541146218776703,0.0,0.0,0.0,0.09584207832813263,0.008339900523424149,0.0023426353000104427,0.38297539949417114,0.07443636655807495,0.0008788752602413297,0.011002030223608017,0.3344946801662445,0.11041812598705292,0.022427072748541832,0.03961324319243431,0.006628053262829781,0.2413650006055832,0.021302632987499237,0.028276443481445312,0.12788648903369904,0.0,0.12839189171791077,0.3845689296722412,0.008073175325989723,0.18062511086463928,0.3857819437980652,0.0,0.07358699291944504,0.0,0.05948738753795624,7.185220601968467e-05,0.27997714281082153,0.02518533729016781,0.0007583785336464643,0.0,0.04077993333339691,0.01935362070798874,0.013105425983667374,0.22349508106708527,0.5079081058502197,0.001130217919126153,0.13087427616119385,0.038718678057193756,0.0,0.0,0.0,0.029357781633734703,0.04457137733697891,0.14775890111923218,0.01812860742211342,0.07227981090545654,0.016846314072608948,0.01689678616821766,0.0,0.0038906121626496315,0.0031558703631162643,0.014621684327721596,0.03866074979305267,0.0,0.1662067174911499,1.5184878975560423e-05,0.35013458132743835,0.0,0.08153118938207626,0.0,0.11639667302370071,0.017680412158370018,0.005684111267328262,0.35951685905456543,0.055819083005189896,0.00617762329056859,0.0034229541197419167,0.24431589245796204,0.02211863361299038,0.11801420897245407,0.005641128867864609,0.10966140776872635,0.0,0.023579010739922523,0.0,0.044059887528419495,0.09705217182636261,0.00958689209073782,0.0,0.009581186808645725,0.0,0.11339671164751053,0.05262477323412895,0.0,0.015598609112203121,0.21806885302066803,0.0,0.027796847745776176,0.294228732585907,0.040309466421604156,0.04957151412963867,0.061304159462451935,0.0,0.03823225572705269,0.0637272447347641,0.0,0.029908377677202225,0.009381437674164772,0.022039854899048805,0.10746712982654572,0.08734621107578278,0.0012602269416674972,0.010674509219825268,0.025727620348334312,0.3792896270751953,0.07678428292274475,0.0,0.25847816467285156,0.0012296891072764993,0.11847157776355743,0.37944453954696655,0.10639721155166626,0.04753239452838898,0.06995188444852829,0.23235854506492615,0.06342682242393494,0.05303524434566498,0.5433705449104309,0.01741652563214302,0.0,0.30229827761650085,0.0,0.003690655343234539,0.02803044021129608,0.04273836314678192,0.01851019449532032,0.2648891806602478,0.16375571489334106,0.04853636771440506,0.0622653104364872,0.1982131153345108,0.031724486500024796,0.07361811399459839,0.0,0.006083636078983545,0.021922891959547997,0.017872026190161705,0.022260155528783798,0.016767963767051697,0.2367418110370636,0.0016727447509765625,0.14753592014312744,0.02602137066423893,0.0,0.14803241193294525,0.0,0.019515104591846466,0.04372669383883476,0.0,0.057398781180381775,0.09829524159431458,0.13514815270900726,0.0,0.20093627274036407,0.0,0.013440685346722603,0.01963418535888195,0.08708320558071136,0.019758710637688637,0.0,0.018779540434479713,0.04784755781292915,0.013030347414314747,0.17750298976898193,0.1465146392583847,0.0,0.1689683496952057,0.010085396468639374,0.0033649050164967775,0.06990738213062286,0.12885288894176483,0.1591058373451233,0.0,0.1863318681716919,0.06859124451875687,0.12034294009208679,0.29469794034957886,0.009486746974289417,0.08633524179458618,0.0432254895567894,0.0,0.0,0.060021962970495224,0.0484590083360672,0.0,0.07686898112297058,0.04926852136850357,0.04683944582939148,0.0669112503528595,0.0,0.012733500450849533,0.006242923904210329,0.0058060442097485065,0.0,0.0008043551351875067,0.0063371132127940655,0.07649925351142883,0.0,0.08353276550769806,0.04262133687734604,0.4601605236530304,0.0,0.040149591863155365,0.02494133450090885,0.0,0.12020078301429749,0.02637489326298237,0.11025425791740417,0.05109444633126259,0.009556394070386887,0.017130829393863678,0.08330491185188293,0.006845231167972088,0.0,0.12125339359045029,0.06266315281391144,0.0,0.02367239259183407,0.026776960119605064,0.13435892760753632,0.1963115632534027,0.004667863715440035,0.0,0.0242511797696352,0.1391199827194214,0.019003290683031082,0.7336210608482361,0.0,0.0025177360512316227,0.1722780466079712,0.0421864315867424,0.14515432715415955,0.13156266510486603,0.07264444977045059,0.0,0.04801279678940773,0.025647614151239395,0.195864737033844,0.0,0.2898142337799072,0.0,0.010058288462460041,0.027652252465486526,0.15671950578689575,0.1069207563996315,0.11717851459980011,0.0,0.027345450595021248,0.017280083149671555,0.0035019684582948685,0.0,0.0,0.15159036219120026,0.028501486405730247,0.17682921886444092,0.05285237357020378,0.34552380442619324,0.036184538155794144,0.01678290218114853,0.13086487352848053,0.03462027385830879,0.0,0.03828580677509308,0.0,0.0,0.7080345153808594,0.0,0.0,0.005081670358777046,0.0,0.0,0.0,0.03668970987200737,0.0,0.0,0.0,0.0,0.0,0.0,0.00763004319742322,0.05615616217255592,0.0671801045536995,0.004362539853900671,0.0,3.134012149530463e-05,0.0,0.0,0.0,0.0,0.0,0.0,0.21736140549182892,0.0028009950183331966,0.0946933850646019,0.06879142671823502,0.3263612687587738,0.0,0.0,0.0,0.10300524532794952,0.008385780267417431,0.0,0.0,0.0,0.0,0.00027864068397320807,0.0063525233417749405,0.08419197797775269,0.030213691294193268,0.0024456672836095095,0.0,0.5129051208496094,0.0,0.0,0.03789664804935455,0.011811213567852974,0.0,0.02027818001806736,0.004500368610024452,0.0,0.18027405440807343,0.04382060840725899,0.0,0.0,0.0,0.008538935333490372,0.0,0.0,0.04283754900097847,0.0,0.0,0.24166065454483032,0.0,0.0,0.0,0.0,0.0,0.11051518470048904,0.0,0.10659894347190857,0.027499087154865265,0.0,0.02897690050303936,0.0,0.0,0.0,0.0,0.03428031876683235,0.0,0.0,0.01156079862266779,0.0,0.0,0.0,0.0,0.008698143996298313,0.0,0.0,0.0,0.0,0.0,0.03134464845061302,0.0,0.08411546796560287,0.0,0.014052577316761017,0.11789833754301071,0.03540486469864845,0.0018009591149166226,0.013346766121685505,0.12329868227243423,0.0,6.149612454464659e-05,0.0,0.09831417351961136,0.0,0.0,0.0,0.022818272933363914,0.0056452457793056965,0.0,0.0,0.0,0.00640372047200799,0.01100501324981451,0.0,0.0,0.0921289473772049,0.0,0.007250053342431784,0.022551264613866806,0.0006052112439647317,0.0,0.0,0.03422221541404724,0.0,0.0,0.0,0.0,0.015210106037557125,0.005657270085066557,0.00589658273383975,0.2547508478164673,0.0,0.0,0.08815950155258179,0.2183721959590912,0.020122641697525978,0.0,0.0,0.0,0.0,0.0,0.031077641993761063,0.0,0.024792620912194252,0.0,0.0,0.039466649293899536,0.027119440957903862,0.0,0.0,0.0,0.13662227988243103,0.005472078453749418,0.045393869280815125,0.19821566343307495,0.010108845308423042,0.0,0.0,0.0,0.030806701630353928,0.0,0.0,0.0,0.0,0.0,0.0,0.013490993529558182,0.03717029094696045,0.0,0.0,0.0,0.02132929302752018,0.015890110284090042,0.010355271399021149,0.0,0.0,0.0,0.1744857281446457,0.021468276157975197,0.03929751738905907,0.0,0.0,0.0,0.0,0.004383026622235775,0.1569276750087738,0.041699085384607315,0.0,0.0,0.0,0.0,0.4204808473587036,0.0,0.0005691525293514132,0.0,0.0,0.0,0.0,0.018424322828650475,0.0,0.0,0.0002928912581410259,0.0,0.0,0.13561445474624634,0.0,0.0,0.0,0.01442616805434227,0.008181319572031498,0.033698178827762604,0.0,0.09399326145648956,0.0,0.001673238817602396,0.01343525666743517,0.0,0.0,0.0,0.004481509793549776,0.05169164761900902,0.0036182687617838383,0.22948196530342102,0.0013192225014790893,0.001146371359936893,0.0,0.0,0.017627427354454994,0.0,0.018627790734171867,0.06010105088353157,0.07787112891674042,0.0,0.2010294795036316,0.06749966740608215,0.0,0.0,0.09572985768318176,0.22440940141677856,0.0,0.022090483456850052,0.09422899037599564,0.0,0.0,0.021043453365564346,0.0,0.0010164981940761209,0.0,0.00583531241863966,0.08270727843046188,0.0,0.05704039707779884,0.0,0.1624087542295456,0.03302643448114395,0.13922685384750366,0.017873233184218407,0.0,0.0,0.0,0.0,0.00594562292098999,0.0,0.02284412831068039,0.18147332966327667,0.009158381260931492,0.03531463071703911,0.0,0.0,0.0,0.0,0.0,0.048053398728370667,0.0,0.0,0.0,0.42272624373435974,0.01642683520913124,0.042153701186180115,0.0,0.1238672137260437,0.0,0.0,0.0033712119329720736,0.014109950512647629,0.03911617770791054,0.07789573818445206,0.0,0.0,0.001156109618023038,0.0,0.0,0.0,0.01170285139232874,0.013670213520526886,0.0,0.005599542986601591,0.0,0.045986153185367584,0.02315819263458252,0.02287907525897026,0.0010796833084896207,0.0,0.0,0.0,0.00391817931085825,0.0,0.0,0.0,0.0,0.0,0.13846243917942047,0.019318196922540665,0.0,0.0,0.0,0.0,0.0,0.0,0.0,0.0174707118421793,0.0,0.0,0.009600416757166386,0.0,0.0,0.09297892451286316,0.0008111810893751681,0.1471864879131317,0.049841608852148056,0.0,0.21278637647628784,0.004814669955521822,0.12718822062015533,0.006732375826686621,0.0,0.09573938697576523,0.0,0.026972193270921707,0.07233864068984985,0.0,0.04531150311231613,0.0074438112787902355,0.0,0.0,0.0,0.0,0.0,0.011428152211010456,0.0,0.048584189265966415,0.0,0.0,0.0,0.13405655324459076,0.0076416414231061935,0.0,0.0,0.0,0.01969957910478115,0.15020303428173065,0.010821020230650902,0.012895192950963974,0.08244753628969193,0.06397660076618195,0.0,0.0,0.007264741696417332,0.0856240838766098,0.012413032352924347,0.0,0.4056219756603241,0.05301240086555481,0.017430687323212624,0.0,0.02875901758670807,0.0,0.11473774909973145,0.0,0.0,0.0,0.0,0.020145196467638016,0.18124189972877502,0.11205723136663437,0.026265526190400124,0.0,0.007986586540937424,0.08921732753515244,0.0033671630080789328,0.0,0.0,0.06475522369146347,0.0061255251057446,0.01816031150519848,0.0,0.026442263275384903,0.0,0.19750972092151642,0.0,0.0,0.0,0.2383238971233368,0.0659547820687294,0.00196581007912755,0.0311583261936903,0.5623794198036194,0.0,0.02171332575380802,0.0,0.015877772122621536,0.0,0.0,0.0,0.007924952544271946,0.22166749835014343,0.0,0.12828579545021057,0.000544289592653513,0.0,0.0041923304088413715,0.002544872695580125,0.0,0.016236022114753723,0.009594369679689407,0.0,0.31864315271377563,0.09378018975257874,0.0,0.0,0.0,0.04246371239423752,0.0,0.3393973112106323,0.0,0.0,0.0,0.051591891795396805,0.0,0.0900772288441658,0.08217017352581024,0.0770438089966774,0.177937850356102,0.01685028336942196,0.007571754511445761,0.012842790223658085,0.03010265901684761,0.03784792870283127,0.017000604420900345,0.0,0.0,0.18939490616321564,0.005363792181015015,0.04071100801229477,0.009577000513672829,0.012905950658023357,0.07016583532094955,0.24651329219341278,0.0,0.03876744210720062,0.05027344822883606,0.03800686448812485,0.010316194035112858,0.0,0.0,0.06904159486293793,0.0,0.010022109374403954,0.13319101929664612,0.037299126386642456,0.040274687111377716,0.0,0.03483063727617264,0.0,0.0,0.03166324645280838,0.06556140631437302,0.059548359364271164,0.0,0.17006626725196838,0.0,0.004892649129033089,0.0,0.00310477614402771,0.047668181359767914,0.28061187267303467,0.020664310082793236,0.08178328722715378,0.04402536526322365,0.0,0.0,0.0006432890659198165,0.0,0.0,0.0,0.01369114127010107,0.0,0.0,0.043027669191360474,0.15730701386928558,0.0,0.0,0.031866855919361115,0.0069010211154818535,0.0,0.23350811004638672,0.0,0.0,0.04970801994204521,0.038549136370420456,0.0,0.04359740763902664,0.0,0.229337677359581,0.0,0.04777039587497711,0.5956823229789734,0.0,0.02927917055785656,0.0,0.0,0.0,0.0,0.057368889451026917,0.02281251922249794,0.0,0.14244534075260162,0.0,0.0,0.003005572594702244,0.0,0.011781375855207443,0.002232595579698682,0.0,0.02831641212105751,0.0021508634090423584,0.0,0.0013330602087080479,0.0,0.2900516986846924,0.0,0.0,0.0,0.0,0.0,0.0,0.6785029768943787,0.0708308145403862,0.016920683905482292,0.019759202376008034,0.09211043268442154,0.0,0.006378723308444023,0.0,0.1624426692724228,0.010809135623276234,0.07344391942024231,0.021649528294801712,0.01711093634366989,0.014747213572263718,0.00483592739328742,0.17401941120624542,0.0,0.008105206303298473,0.0,0.07402630895376205,0.04541252925992012,0.07396526634693146,0.005692133214324713,0.07771188020706177,0.01849260926246643,0.0,0.4646308124065399,0.0,0.0,0.0645609200000763,0.028184713795781136,0.056630782783031464,0.0,0.002181426389142871,0.0,0.06370524317026138,0.08865877985954285,0.0,0.11130855232477188,0.01947695203125477,0.08392927795648575,0.0,0.03241558000445366,0.38769713044166565,0.0025885379873216152,0.09780625253915787,0.13484333455562592,0.19610638916492462,0.04450672119855881,0.023733260110020638,0.12566520273685455,0.12371312826871872,0.021686039865016937,0.2121770977973938,0.0,0.0,0.36861860752105713,0.012810889631509781,0.0,0.03198350593447685,0.0,0.0,0.10401309281587601,0.0,0.0017249977681785822,0.0,0.0016344308387488127,0.0017825987888500094,0.0,0.24312357604503632,0.11152731627225876,0.0,0.002990397159010172,0.020572839304804802,0.0,0.0044006421230733395,0.08563408255577087,0.0,0.09642373770475388,0.0,0.13129334151744843,0.0,0.007701374124735594,0.05754263326525688,0.0,0.03434540703892708,0.0,0.026589741930365562,0.14678943157196045,0.0,0.09136829525232315,0.0227051954716444,0.07376005500555038,2.7519465220393613e-05,0.11398445069789886,0.06474657356739044,0.0,0.0,0.1819339245557785,0.0,0.0,0.0,0.5218258500099182,0.12431890517473221,0.0,0.028209935873746872,0.32861942052841187,0.0,0.003594346111640334,0.0,0.23867040872573853,0.0,0.049546461552381516,0.0,0.0,0.0,0.0,0.07299802452325821,0.00466997129842639,0.0,0.1575256586074829,0.05142439901828766,0.0,0.0,0.27457860112190247,0.0,0.0008049094467423856,0.024932455271482468,0.030036654323339462,0.05090785399079323,0.02326817438006401,0.013948329724371433,0.059175219386816025,0.0003156305756419897,0.007641382049769163,0.28887879848480225,0.0,0.0,0.007683008909225464,0.08159157633781433,0.055868349969387054,0.0,0.11076845228672028,0.0,0.0,0.31234124302864075,0.012659166939556599,0.0,0.039610423147678375,0.0,0.0,0.020983383059501648,0.43515411019325256,0.0,0.0,0.2890610992908478,0.06198085471987724,0.017812803387641907,0.06255326420068741,0.0012437277473509312,0.0573677122592926,0.0055647725239396095,0.002243984956294298,0.0,0.0,0.041508253663778305,0.01566065102815628,0.0,0.011125635355710983,0.06567996740341187,0.09679127484560013,0.008443480357527733,0.22038596868515015,0.001432594028301537,0.02737504057586193,0.016290239989757538,0.0,0.18143191933631897,0.005087404977530241,0.009397679939866066,0.08414636552333832,0.003114973194897175,0.0,0.10379025340080261,0.046474143862724304,0.0,0.01627570204436779,0.4316951632499695,0.054252516478300095,0.07777829468250275,0.0,0.0661887526512146,0.1495666354894638,0.045288801193237305,0.10657187551259995,0.0,0.09053518623113632,0.010812983848154545,0.037131417542696,0.040082987397909164,0.06953027099370956,0.36407729983329773,0.0,0.3839191496372223,0.0,0.02782449498772621,0.007185432128608227,0.28830355405807495,0.08563276380300522,0.13131241500377655,0.11443393677473068,0.0,0.006520534865558147,1.800060317691532e-06,0.015980834141373634,0.0,0.028809837996959686,0.035484880208969116,0.0,0.0,0.003549052868038416,0.0,0.14481884241104126,0.0,0.0,0.0808136910200119,0.03208617866039276,0.29954975843429565,0.0,0.0,0.0,0.0,0.0,0.0,0.3644405007362366,0.0,0.0,0.0,0.0,0.21078231930732727,0.0,0.0,0.0,0.0679294541478157,0.001098768669180572,0.012894731014966965,0.26121047139167786,0.2658992111682892,0.0,0.008432375267148018,0.0,0.04250974580645561,0.0,0.0,0.0,0.0,0.020078832283616066,0.0,0.0,0.0,0.006554699037224054,0.009146696887910366,0.13805389404296875,0.05678057670593262,0.0,0.004798991605639458,0.0,0.012923951260745525,0.0,0.39910584688186646,0.021472379565238953,0.3030172288417816,0.0,0.05289359390735626,0.0102771557867527,0.0034129214473068714,0.0,0.0438922680914402,0.0,0.019514331594109535,0.0,0.019558407366275787,0.006851378828287125,0.0,0.020921649411320686,0.0,0.06356289982795715,0.0,0.061761464923620224,0.03414790704846382,0.0,0.0,0.0003930848906747997,0.0,0.0,0.8490399718284607,0.28536784648895264,0.0,0.0,0.028264563530683517,0.0,0.009866144508123398,0.041746120899915695,0.07467398792505264,0.0,0.0,0.6611921191215515,0.0,0.0,0.0,0.0008320867782458663,0.0,0.0,0.0,0.0,0.0,0.0,0.0,0.5104905962944031,0.042298898100852966,0.0,0.023438362404704094,0.0,0.00729074003174901,0.002359995851293206,0.0,0.013363700360059738,0.0,0.007441552355885506,0.34246209263801575,0.016091926023364067,1.1374881267547607,0.0,0.0024443829897791147,0.01134845893830061,0.0,0.0,0.015394444577395916,2.318727493286133,0.010875055566430092,0.0,0.0,0.022726722061634064,0.0,0.0,0.0,0.05906016379594803,0.008457928895950317,0.0,0.5036109685897827,0.0,0.012116467580199242,0.030278606340289116,0.0,0.0,0.0,0.09404028207063675,0.25105419754981995,0.02910313569009304,0.0,0.1618189960718155,0.0,0.0,0.0,0.0,0.0,0.0728057473897934,0.01973441056907177,0.034564610570669174,0.0,0.0,0.17736420035362244,0.021047823131084442,0.017867891117930412,0.0537489615380764,0.606844425201416,0.0,0.02983119525015354,0.16296517848968506,0.0,0.008787481114268303,0.0,0.0029991697520017624,0.0,0.01707470417022705,0.0,0.0,0.0,0.0,0.0,0.012544011697173119,0.0,0.09347769618034363,0.025377970188856125,1.0295417308807373,0.0,0.054265376180410385,0.0009958636946976185,0.008065234869718552,0.03163845092058182,0.0,0.049331068992614746,0.0,0.0,0.5913036465644836,0.0,0.038630593568086624,0.0,0.0,0.0,0.0,0.016430698335170746,0.004096233751624823,0.0,0.0,0.0,0.0,0.0,0.0,0.0,0.0,0.0,0.0,0.0,0.0,0.17507462203502655,0.0,0.09339956194162369,0.0,0.003225647145882249,0.0,0.006612527184188366,0.0,0.04810304194688797,0.0,0.003990239929407835,0.058928556740283966,0.0004606008587870747,0.02796793170273304,0.0,0.04066576063632965,0.06849012523889542,0.0,0.08190327882766724,0.01426765602082014,0.0,0.03876547887921333,0.0,0.020037420094013214,0.0,0.02877647429704666,0.0,0.0,0.0,0.03620455414056778,0.0,0.0,0.0,0.06121496111154556,0.0,0.0028929412364959717,0.33408263325691223,0.08978618681430817,0.0,0.004532428923994303,0.0,0.0,0.0,0.0,0.0007646488957107067,0.08479475229978561,0.02107318490743637,0.0,0.02788151428103447,0.0,0.049307119101285934,0.0066095031797885895,0.0,0.0,0.049512967467308044,0.20902471244335175,0.026353267952799797,0.0008087200112640858,0.008571455255150795,0.1795131266117096,0.00902125146239996,0.004498146940022707,0.0,0.2649165093898773,0.08533382415771484,0.0744420513510704,0.027844959869980812,0.0,0.0,1.1040048599243164,0.42114847898483276,0.12089242041110992,0.0,0.0,0.0,0.0,0.0,0.04089248552918434,0.0,0.5995302200317383,0.01517001073807478,0.13854040205478668,0.0,0.0,0.0,0.01025918498635292,0.0414118729531765,0.0,0.0,0.08214837312698364,0.1439356952905655,0.0,0.004930844530463219,0.2701926827430725,0.013565865345299244,0.4911538362503052,0.050790634006261826,0.01108891237527132,0.26070377230644226,0.06288236379623413,0.029524412006139755,0.0,0.3856664299964905,0.013017391785979271,0.0,0.0,0.0,0.0,0.0,0.15660779178142548,0.0,0.0,0.21373632550239563,0.026043472811579704,0.0,0.0,0.05694563686847687,0.018185272812843323,0.0,0.003661638591438532,0.009760279208421707,0.0,0.11675181239843369,0.0050211502239108086,0.0,0.0,0.04199470952153206,0.01705099642276764,0.0,0.004884100053459406,0.0,0.0,0.0,0.0,0.01974184811115265,0.27661165595054626,0.005288423504680395,0.0,0.035768669098615646,0.0,0.16325359046459198,0.0,0.0,0.00879759807139635,0.0,0.0629987120628357,0.04763118922710419,0.0,0.0,0.0,0.0,0.0,0.0,0.0,0.0035295698326081038,0.0,0.0,0.0,0.017457613721489906,0.0,0.012209412641823292,0.0,0.038203489035367966,0.013121139258146286,0.02057046815752983,0.012556271627545357,0.04102766886353493,0.0,0.040562935173511505,0.0,0.1514437347650528,0.016633691266179085,0.026476478204131126,0.08157537132501602,0.11233343183994293,0.0,0.0,0.0,0.0014394819736480713,0.009014447219669819,0.21474014222621918,0.03157421201467514,0.010736832395195961,0.0,0.0370950847864151,0.03181539103388786,0.03627196326851845,0.0,0.010150833055377007,0.0,0.0,0.07100658863782883,0.10544004291296005,0.007270010653883219,0.014505685307085514,0.0027609921526163816,0.04517798498272896,0.0062253475189208984,0.08163843303918839,0.031001312658190727,0.0,0.0,0.14983762800693512,0.08699682354927063,0.017404453828930855,0.0,0.0,0.011358166113495827,0.0,0.5991150736808777,0.0174605343490839,0.0,0.0,0.1605173498392105,0.08082182705402374,0.09609667956829071,0.006225677207112312,0.09957641363143921,3.5300254239700735e-05,0.0,0.24354968965053558,0.13703808188438416,0.0,0.06600798666477203,0.00920451432466507,0.7266843914985657,0.0,0.0,0.007911823689937592,0.003964259754866362,0.0,0.015078063122928143,0.0,0.0,0.07400922477245331,0.0,0.17948204278945923,0.0,0.09701129794120789,0.0,0.0,0.0,0.10681481659412384,0.15923765301704407,0.0,0.011397331021726131,0.21245306730270386,0.0,0.03367626667022705,0.004902987275272608,0.0,0.0,0.09667394310235977,0.03139623627066612,0.0,0.0,0.024833591654896736,0.2209213227033615,0.013545645400881767,0.0,0.0,0.031563594937324524,0.12436137348413467,0.005542723927646875,0.0,0.0,0.02466445416212082,0.0,0.011338314041495323,0.013598975725471973,0.14118929207324982,0.004564967006444931,0.05916761979460716,0.0,0.0859641581773758,0.613040030002594,0.06433232873678207,0.07933002710342407,0.002720136661082506,0.0978999137878418,0.022938841953873634,0.0,0.0,0.0024484205059707165,0.03425387293100357,0.006017439533025026,0.04652918875217438,0.0,0.015861928462982178,0.004842772614210844,0.44860899448394775,0.1525217592716217,0.0,0.04398348927497864,0.0,0.18280348181724548,0.32631102204322815,0.037711113691329956,0.018128082156181335,0.5698590278625488,0.01790006272494793,0.7876484394073486,0.08220691978931427,0.0,0.0,0.0,0.08067556470632553,0.0,0.03865941986441612,0.0,0.0,0.032882727682590485,0.0,0.03447546809911728,1.345129132270813,0.16158656775951385,0.02204587310552597,0.0,0.05775579437613487,0.0,0.06009845808148384,0.015462691895663738,0.006842617876827717,0.0,0.3900918960571289,0.055692173540592194,0.043938685208559036,0.023999275639653206,0.0,0.0,0.042401667684316635,0.0,0.1255980134010315,0.050222620368003845,0.0,0.24508662521839142,0.0,0.053676385432481766,0.0,0.0017423606477677822,0.0010864079231396317,0.0,0.5342540740966797,0.37614089250564575,0.0,0.05656507611274719,0.17487500607967377,0.023183245211839676,0.12286968529224396,0.011194522492587566,0.020832734182476997,0.007043895777314901,0.007725781295448542,0.0,0.0,0.022664064541459084,0.0,0.07510107755661011,0.0,0.09265004843473434,0.14093662798404694,0.004316679202020168,0.0,0.050059881061315536,0.02118883654475212,0.03335778787732124,0.20702657103538513,0.010774263180792332,0.0,0.11486189812421799,0.0,0.02225727029144764,0.09522643685340881,0.008653986267745495,0.04961645230650902,0.0,0.0,0.0051538944244384766,0.374205082654953,0.0,0.031038865447044373,0.020303042605519295,0.0,0.0,0.0,0.01158065814524889,0.0,0.0,0.0343383364379406,0.01548005547374487,0.023706914857029915,0.0020325612276792526,0.04327119514346123,0.0,0.8977832198143005,0.14565519988536835,0.0009651636937633157,0.21036088466644287,0.06826019287109375,0.0014934939099475741,0.00025923727662302554,0.0,0.020058827474713326,0.0,0.018516596406698227,0.0453856959939003,0.02683074027299881,0.010772990062832832,0.0,0.0,0.0,0.015462997369468212,0.0,0.09601234644651413,0.04475829005241394,0.040107861161231995,0.021228695288300514,0.15230350196361542,0.07810710370540619,0.03858090937137604,0.10315332561731339,0.030650215223431587,0.0,0.12839673459529877,0.0,0.0,0.00026842355146072805,0.033397406339645386,0.014989275485277176,0.0,0.11261606216430664,0.35216641426086426,0.0,0.0,0.0,0.041323598474264145,0.0,0.0,0.045384012162685394,0.010930285789072514,0.008479410782456398,0.08438171446323395,0.010095001198351383,0.006483128294348717,0.023879414424300194,0.0,0.0,0.0005161977023817599,0.0,0.05619831010699272,0.20234985649585724,0.013066631741821766,0.4815801978111267,0.032761089503765106,0.0229157954454422,0.23605762422084808,0.0,0.024134760722517967,0.0,0.0,0.002582420129328966,0.0017467272700741887,0.1313267946243286,0.42962902784347534,0.0,0.01236783992499113,0.0,0.01330313365906477,0.003697875188663602,0.0,0.0015093946130946279,0.0,0.0,0.4561045169830322,0.0,0.0035089761950075626,0.0,0.0,0.13879495859146118,0.004138893447816372,0.0,0.0,0.0,0.2079884111881256,0.009653878398239613,0.034824538975954056,0.0,0.0,0.012243942357599735,0.004410202149301767,0.0,0.0,0.05409875884652138,0.018380753695964813,0.0202212855219841,0.020260633900761604,0.0,0.0,0.06266427785158157,0.0,0.0202094167470932,0.0,0.0,0.03320600837469101,0.05416173115372658,0.07171740382909775,0.0,0.030343856662511826,0.08755724132061005,0.06539011746644974,0.0,0.03636987507343292,0.6311553716659546,0.013570544309914112,0.28156664967536926,0.05462440475821495,0.14467409253120422,0.035354550927877426,0.2889929413795471,0.0,0.014831318520009518,0.0,0.058042898774147034,0.024179212749004364,0.006094115786254406,0.0,0.0333731546998024,0.0,0.030893173068761826,0.011351044289767742,0.08384943753480911,0.001261322177015245,0.4645240306854248,0.034403711557388306,0.04662949591875076,0.0,0.010656717233359814,0.048250455409288406,0.012853500433266163,0.052187152206897736,0.026375317946076393,0.0,0.017571765929460526,0.030494939535856247,0.0,0.004271121229976416,0.07094983011484146,0.01817217282950878,0.002359225647523999,0.006005370523780584,0.028682231903076172,0.0129123879596591,0.027572233229875565,0.0,0.0,0.00018068075587507337,0.07564117759466171,0.05634479597210884,0.805199384689331,0.0,0.0,0.0,0.0,0.0,0.05298884958028793,0.0,0.0,0.0,0.0,0.0,0.01047529000788927,0.1475861668586731,0.0,0.00451799388974905,0.1579708755016327,0.016111457720398903,0.22990255057811737,0.01962893083691597,0.10138431191444397,0.0,0.1732414960861206,0.0,0.0,0.005229259841144085,0.02639823406934738,0.0019760476425290108,0.0,0.32889464497566223,0.0,0.0,0.10264407843351364,0.0,0.0,0.0,0.0,0.004767477512359619,0.0,0.022868173196911812,0.049003034830093384,0.00678052194416523,0.0,0.0,0.01830112189054489,0.005516496952623129,0.0,0.0,0.12073525786399841,0.01989246904850006,0.051092278212308884,0.07616230845451355,0.0,0.05320632830262184,0.0,0.0,0.0,0.14059405028820038,0.0,0.0,0.040323611348867416,0.0004340052546467632,0.00019657850498333573,0.0,0.0,0.04459508880972862,0.0,0.0,0.0,0.0,0.0,0.0,0.014499583281576633,0.002220603171736002,0.023402990773320198,0.5865249037742615,0.0,0.010717296972870827,0.002124933060258627,0.0,0.002972845919430256,0.16188573837280273,0.0,0.09905952215194702,0.32249200344085693,0.0,0.0,0.0,0.0,0.0023538810200989246,0.0,0.0,0.4915052652359009,0.0,0.0,0.0,0.0,0.0,0.3888206481933594,0.12141551822423935,0.009074774570763111,0.0,0.005473155993968248,0.12687617540359497,0.366815984249115,0.0,0.0,0.0289929136633873,0.0,0.0,0.0020854189060628414,0.0,0.0,0.011056133545935154,0.0,0.0,0.0,0.0,0.2582782506942749,0.0,0.046938348561525345,0.01638997718691826,0.014444386586546898,0.0,0.30422064661979675,0.11215464770793915,0.0027135617565363646,0.12940163910388947,0.00826996099203825,0.0,0.0,0.004246876109391451,0.04255136474967003,0.0,0.0,0.046263188123703,0.0,0.03592953085899353,0.036763228476047516,0.03194090723991394,0.0,0.007949712686240673,0.0032158184330910444,0.17199121415615082,0.022882146760821342,0.004062714520841837,0.008335423655807972,0.0,0.058134134858846664,0.03962744027376175,0.08823013305664062,0.07410867512226105,0.0,0.0,0.007009923458099365,0.04427918419241905,0.0,0.0,0.021624641492962837,0.0,0.023067740723490715,0.0,0.0,0.0,0.0,0.004752767272293568,0.006809470243752003,0.0,0.0,0.0,0.09552641212940216,0.06040370836853981,0.06106254458427429,0.005704088136553764,0.02377159148454666,2.904176653828472e-05,0.0,0.0,0.38742825388908386,0.0,0.07004351913928986,0.05161295086145401,0.009922437369823456,0.0,0.34929952025413513,0.003138539846986532,0.048412714153528214,0.0008310353732667863
0.0,0.014378568157553673,0.3054410517215729,0.0055707585997879505,0.0,0.0,0.02259237691760063,0.01498863659799099,0.004192702937871218,0.07184947282075882,0.0,0.03953146934509277,0.02706991136074066,0.25805461406707764,0.08737850189208984,0.18014805018901825,0.016854746267199516,0.030475223436951637,0.0009829032933339477,0.26675698161125183,0.04219901189208031,0.0,0.023183578625321388,0.16109706461429596,0.06632446497678757,0.11381210386753082,0.0,0.0,0.0,0.0,0.44524556398391724,0.10963961482048035,0.006763591896742582,0.0,0.2971760034561157,0.17139405012130737,0.0022892975248396397,0.045684557408094406,0.0,0.09827117621898651,0.2762322723865509,0.0,0.0,0.08819529414176941,0.46897900104522705,0.012060975655913353,0.04199414327740669,0.0,0.19541674852371216,0.0,0.0,0.1647321879863739,0.013216648250818253,0.16460895538330078,0.029514599591493607,0.0,0.0,0.0,0.10382222384214401,0.00889523047953844,0.009683315642178059,0.38703033328056335,0.08882169425487518,0.0,0.004280479159206152,0.3466605246067047,0.08689484000205994,0.015995053574442863,0.03243907541036606,0.0035923027899116278,0.24228762090206146,0.001456027035601437,0.004153242334723473,0.13928931951522827,0.0,0.14576071500778198,0.38592609763145447,0.0012934624683111906,0.180270254611969,0.4400976300239563,0.0,0.05987882986664772,0.0,0.07117083668708801,0.00036836147774010897,0.3185569643974304,0.041624583303928375,0.0,0.0,0.04357197880744934,0.02425341308116913,0.0033293389715254307,0.2657245695590973,0.4913388192653656,0.0010111368028447032,0.19186709821224213,0.04461878165602684,0.0,0.0,0.0,0.027261607348918915,0.03942573070526123,0.15471221506595612,0.015629643574357033,0.07051125168800354,0.000141494267154485,0.023791475221514702,0.0,0.003243784885853529,0.0029513740446418524,0.041139088571071625,0.03983042389154434,0.0,0.16243024170398712,0.012916867621243,0.4182874262332916,0.0,0.10738618671894073,0.0,0.1611631214618683,0.014391498640179634,0.014363985508680344,0.32550108432769775,0.04355223476886749,0.0050389934331178665,0.001355595886707306,0.17995937168598175,0.034407924860715866,0.1724277138710022,0.0034785151947289705,0.10541809350252151,0.0,0.02907986007630825,0.0,0.06183810532093048,0.08322305977344513,0.002319915220141411,0.00032598196412436664,0.009057487361133099,0.0,0.13732323050498962,0.04356551170349121,0.0,0.012254283763468266,0.26991844177246094,0.0,0.015211600810289383,0.2701950967311859,0.018776938319206238,0.049445200711488724,0.0509822852909565,0.0,0.08317524194717407,0.07696416229009628,0.0,0.026039989665150642,0.007774557918310165,0.020572256296873093,0.1219378262758255,0.09343565255403519,0.005755491089075804,0.020577935501933098,0.025171194225549698,0.41173240542411804,0.10934339463710785,0.0,0.2448442131280899,0.008723213337361813,0.14182817935943604,0.4005928337574005,0.13391388952732086,0.06762726604938507,0.060977425426244736,0.2178047001361847,0.05645709112286568,0.04214329645037651,0.5182514786720276,0.012843566946685314,0.0,0.30175626277923584,0.0,0.0007715845131315291,0.024981342256069183,0.040619511157274246,0.033525072038173676,0.3167976140975952,0.16570352017879486,0.04903005063533783,0.06851028650999069,0.35506942868232727,0.03692376986145973,0.07478305697441101,0.003404913004487753,0.002114200498908758,0.01659591868519783,0.012638344429433346,0.05005614832043648,0.0379362627863884,0.22731387615203857,0.0,0.15220341086387634,0.020485443994402885,0.0003697466745506972,0.12054174393415451,0.0,0.018130308017134666,0.045047249644994736,0.003066258504986763,0.0564277358353138,0.13181613385677338,0.15835115313529968,0.0012509012594819069,0.23301266133785248,0.0006791824125684798,0.020135506987571716,0.02240808680653572,0.04738524556159973,0.017099104821681976,0.0,0.014802107587456703,0.06460969895124435,0.014379721134901047,0.1868855506181717,0.16525425016880035,0.00037253022310324013,0.22036036849021912,0.011002464219927788,0.012677401304244995,0.07034971565008163,0.15979599952697754,0.14172488451004028,0.0,0.2132318913936615,0.030727742239832878,0.1353664994239807,0.2816465198993683,0.018011383712291718,0.08853527903556824,0.04546453431248665,0.0,0.0,0.049078237265348434,0.11805976927280426,0.0,0.04159659519791603,0.05193868279457092,0.03195788711309433,0.07331997901201248,0.0,0.010557224974036217,0.0052030752412974834,0.010251304134726524,0.003811867209151387,0.016373200342059135,0.0012554597342386842,0.08579519391059875,0.0,0.0713643953204155,0.08266162127256393,0.4185121953487396,0.0,0.04390953108668327,0.026145337149500847,0.0,0.11979062110185623,0.03571419417858124,0.07424840331077576,0.035997845232486725,0.010013015009462833,0.027213532477617264,0.10770416259765625,0.0007671952480450273,0.005053186323493719,0.11986926943063736,0.059700898826122284,0.0,0.028644751757383347,0.009215474128723145,0.15345019102096558,0.2013155221939087,0.00417283782735467,0.0,0.03415592014789581,0.1478467434644699,0.02437032200396061,0.6311089992523193,0.0,0.006629996467381716,0.18769603967666626,0.04805551469326019,0.1708056628704071,0.10719477385282516,0.05972613766789436,0.0,0.04782034456729889,0.019695313647389412,0.16371946036815643,0.0,0.2801077663898468,0.0,0.025002839043736458,0.036126475781202316,0.20709407329559326,0.13389639556407928,0.11681127548217773,0.002653045579791069,0.008862330578267574,0.020956235006451607,0.0,0.0,0.0,0.13676387071609497,0.029133746400475502,0.18533636629581451,0.06883753836154938,0.35607707500457764,0.03218574821949005,0.0046135615557432175,0.18574286997318268,0.030622638761997223,0.0,0.05374946445226669,0.0,0.0,0.7201433777809143,0.0,0.0,0.009906022809445858,0.0,0.0,0.014233455993235111,0.053387533873319626,0.0,0.0,0.06293609738349915,0.0,0.0,0.0,0.012706850655376911,0.08740558475255966,0.07868827134370804,0.00872007291764021,0.0,0.00013447373930830508,0.0,0.0,0.0,0.0,0.0,0.0,0.22182704508304596,0.008444474078714848,0.12495388835668564,0.04763540253043175,0.3043007552623749,0.0,0.0,0.0,0.08446093648672104,0.011017334647476673,0.00470499275252223,0.0,0.0,0.0,0.0,0.0030335593037307262,0.10132531076669693,0.016194958239793777,0.0,0.0,0.5248415470123291,0.0,0.0,0.06217391416430473,0.009821677580475807,0.0,0.012211301364004612,0.0,0.0,0.22430354356765747,0.06394394487142563,0.0,0.0,0.0026046752464026213,0.018835483118891716,0.0,0.0,0.04935741424560547,0.0,0.0,0.24860568344593048,0.0,0.0,0.0,0.0,0.0,0.1278866082429886,0.0010196283692494035,0.12049004435539246,0.028930556029081345,0.0,0.026674795895814896,0.0,0.0003421881119720638,0.005107613746076822,0.0,0.029859738424420357,0.0,0.0,0.04966937378048897,0.0,0.0,0.0,0.0,0.008898692205548286,0.0,0.0,0.0,0.0,0.0,0.03197471424937248,0.0,0.06608963757753372,0.0,0.014315996319055557,0.14497289061546326,0.013567094691097736,0.01584012061357498,0.00485861673951149,0.13072247803211212,0.0,0.00015814141079317778,0.0,0.0825812891125679,0.0,0.0,0.0,0.012761800549924374,0.002789194928482175,0.0,0.0,0.0,0.011790395714342594,0.04181104525923729,0.0,0.0,0.08847011625766754,0.0,0.03817249834537506,0.05402638390660286,0.0015122342156246305,0.0,0.0,0.04992026835680008,0.0,0.020334497094154358,0.0,0.0,0.009642641991376877,0.0,0.004073841962963343,0.19037173688411713,0.0,0.0,0.0689292699098587,0.2511827051639557,0.05502648279070854,0.0,0.0,0.0,0.0,0.0,0.020584354177117348,0.0,0.020628631114959717,0.0,0.0,0.013777773827314377,0.008076749742031097,0.0,0.0,0.0,0.18910498917102814,0.0044164396822452545,0.05164250731468201,0.30003148317337036,0.00821954756975174,0.0,0.0,0.0,0.024643242359161377,0.0,0.0,0.0,0.0,0.0,0.0,0.005386569537222385,0.027014682069420815,0.0,0.0,0.0,0.024514999240636826,0.01050017960369587,0.009525191970169544,0.0,0.0,0.009364820085465908,0.1454978734254837,0.014560801908373833,0.06350002437829971,0.0011475729988887906,0.0,0.007612754125148058,0.0,0.0031785769388079643,0.2045266330242157,0.0315416194498539,0.0,0.00024108529032673687,0.0,0.0,0.47757163643836975,0.0,0.0,0.0,0.0,0.0,0.0,0.026642655953764915,0.007877158001065254,0.0,0.003989185206592083,0.0,0.0,0.15298353135585785,0.0,0.0,0.0,0.016237545758485794,0.004468900617212057,0.013141279108822346,0.0,0.08737832307815552,0.0,0.0,0.025042396038770676,0.0,0.004920325241982937,0.0,0.0,0.029400648549199104,0.014235404320061207,0.21363765001296997,0.01319967769086361,0.007579135708510876,0.0,0.0,0.022090325132012367,0.0,0.0,0.14641182124614716,0.0282960943877697,0.0,0.1960265338420868,0.048954423516988754,0.007584779057651758,0.0,0.10902635753154755,0.27330899238586426,0.0,0.02354520745575428,0.08483892679214478,0.0,0.0,0.023200970143079758,0.0,0.0,0.0,0.0,0.07500041276216507,0.0,0.05747641623020172,0.0,0.17630086839199066,0.06890372186899185,0.10102231800556183,0.024312200024724007,0.0,0.0,0.0,0.0,0.005510709248483181,0.0,0.016674093902111053,0.18261094391345978,0.03629342094063759,0.022911062464118004,0.0,0.0,0.0,0.0,0.0,0.045668650418519974,0.0,0.0,0.0,0.4409712553024292,0.00828508473932743,0.01724650338292122,0.0,0.18930505216121674,0.0,0.0,0.008137932978570461,0.01672462187707424,0.015807826071977615,0.04462375491857529,0.0,0.0,0.0,0.0,0.0,0.0,0.023570619523525238,0.00682379025965929,0.0,0.009333509020507336,0.0,0.02390892431139946,0.024327021092176437,0.0045036994852125645,0.0,0.0,0.0,0.0,0.0,0.0017037391662597656,0.0,0.0,0.0,0.0,0.13655807077884674,0.007733672857284546,0.0,0.0,0.0,0.0,0.04136993736028671,0.0,0.0,0.014264851808547974,0.0,0.0,0.00589635269716382,0.0,0.0,0.09910590946674347,0.011381681077182293,0.11934955418109894,0.010713646188378334,0.0,0.23664501309394836,0.0019020912004634738,0.10580798983573914,0.014864426106214523,0.0,0.10427552461624146,0.0,0.028897389769554138,0.08298679441213608,0.0,0.043414369225502014,0.003042101627215743,0.0,0.0,0.0,0.0,0.0,0.006166339386254549,0.0,0.0585593618452549,0.0,0.0,0.0,0.08675535023212433,0.0,0.0,0.0,0.0,0.0193495936691761,0.09901345521211624,0.014035540632903576,0.0,0.06997820734977722,0.04055983945727348,0.0,0.0,0.0003010834625456482,0.05199012905359268,0.000633595569524914,0.0,0.38985303044319153,0.05653054267168045,0.012544584460556507,0.0,0.024101300165057182,0.0,0.15640270709991455,0.002846009796485305,0.0,0.008002790622413158,0.0037623224779963493,0.01009084191173315,0.18757417798042297,0.09623827040195465,0.02274456061422825,0.0,0.012922627851366997,0.07241669297218323,0.0013628172455355525,0.0,0.0,0.056181397289037704,0.003035998437553644,0.008334022015333176,0.0,0.04308432713150978,0.0,0.2028937190771103,0.0,0.0,0.0,0.23988908529281616,0.07158178836107254,0.0,0.012863724492490292,0.6060399413108826,0.0,0.03071504831314087,0.0,0.0215616412460804,0.0,0.0,0.0,0.01672019064426422,0.2820852994918823,0.0,0.1559118926525116,0.0001200213300762698,0.0,0.003560044104233384,0.00520650390535593,0.0,0.0059342943131923676,0.009417487308382988,0.0,0.23892292380332947,0.09906640648841858,0.0,0.0,0.001433896366506815,0.0716354101896286,0.015731120482087135,0.36679503321647644,0.0,0.0,0.0,0.052779097110033035,0.0038461918011307716,0.15565042197704315,0.10179933905601501,0.0729169175028801,0.12513598799705505,0.03495296090841293,0.0009679818176664412,0.013554342091083527,0.04082239046692848,0.030971694737672806,0.03321315720677376,0.0,0.0,0.2298927754163742,0.01151552889496088,0.02718731388449669,0.0,0.000787727243732661,0.08685306459665298,0.25007590651512146,0.002070365473628044,0.023019451647996902,0.03027663752436638,0.04812438040971756,0.011364356614649296,0.0,0.0,0.06227481737732887,0.0,0.016426673159003258,0.13337062299251556,0.04323675483465195,0.04234740138053894,0.0,0.02510482259094715,0.0,0.0,0.04326288402080536,0.03796586021780968,0.07796147465705872,0.0,0.14927992224693298,0.0,0.004497774876654148,0.0,0.0034232072066515684,0.07871124893426895,0.23606710135936737,0.026624979451298714,0.08004193007946014,0.046578388661146164,0.0,0.0,0.0,0.0,0.0,0.0,0.014984219335019588,0.0,0.0,0.02924642525613308,0.18313537538051605,0.0,0.0,0.02812657319009304,0.004224330186843872,0.0,0.20907917618751526,0.0,0.0,0.03879375755786896,0.043964363634586334,0.0,0.03617231175303459,0.0,0.2520454227924347,0.0,0.00874763261526823,0.5035727620124817,0.0,0.03958059102296829,0.000841855420731008,0.0,0.0,0.0,0.019855458289384842,0.017360569909214973,0.0,0.1110735684633255,0.0,0.0,0.0,0.0,0.010310089215636253,0.01293595414608717,0.0,0.02307751215994358,0.0,0.006721110548824072,0.0,0.0,0.36823949217796326,0.0,0.0,0.0,0.0,0.0,0.0,0.6809484362602234,0.060026831924915314,0.014020727947354317,0.030650079250335693,0.07727544009685516,0.004397813230752945,0.0050276280380785465,0.0,0.2370632290840149,0.0,0.057863421738147736,0.017659178003668785,0.01818479225039482,0.004872017074376345,0.008857154287397861,0.20004020631313324,0.0,0.008980371989309788,0.0,0.13257887959480286,0.02860233560204506,0.09944471716880798,0.006244799122214317,0.059407830238342285,0.021868472918868065,0.0,0.46335965394973755,0.0,0.0,0.0574602410197258,0.017725402489304543,0.03846856951713562,0.0,0.008836968801915646,0.011513778939843178,0.044309500604867935,0.12509150803089142,0.0,0.1809675544500351,0.019451536238193512,0.07462924718856812,0.0,0.022056560963392258,0.3975851833820343,0.0,0.19825752079486847,0.0909099131822586,0.1672465205192566,0.06275814771652222,0.0335698239505291,0.12411627173423767,0.13665369153022766,0.01693398877978325,0.2440861314535141,0.0,0.0,0.37874478101730347,0.005440504755824804,0.0,0.03568507730960846,0.0,0.0,0.09235023707151413,0.004589310381561518,0.0,0.0036041915882378817,0.0,0.005258025601506233,0.0,0.24346452951431274,0.05875358730554581,0.0,0.0,0.0194851141422987,0.0,0.0,0.0824674516916275,0.003405551891773939,0.09345740079879761,0.0,0.12333046644926071,0.0,0.010334838181734085,0.060739003121852875,0.0,0.0369899645447731,0.0,0.031576815992593765,0.10456668585538864,0.0,0.10428366810083389,0.018497448414564133,0.11070477217435837,0.0,0.09696134924888611,0.050159577280282974,0.006145387422293425,0.0,0.24111656844615936,0.0,0.0,0.0,0.5724043846130371,0.2263331264257431,0.0,0.016393480822443962,0.3810095191001892,0.0,0.004554266110062599,0.0022555177565664053,0.2554229199886322,0.0,0.035985760390758514,0.0,0.0,0.0,0.0,0.09613212943077087,0.0,0.0,0.18817450106143951,0.02134864591062069,0.0,0.0,0.2818571627140045,0.0,0.017502451315522194,0.018306024372577667,0.025874879211187363,0.051864538341760635,0.021446064114570618,0.02399483695626259,0.07139256596565247,0.0,0.019103890284895897,0.28698036074638367,0.0,0.0,0.01938006840646267,0.07157868146896362,0.054383743554353714,0.0,0.0847267210483551,0.0,0.0,0.3660309612751007,0.012202058918774128,0.0,0.025214357301592827,0.0,0.0,0.049397554248571396,0.40035611391067505,0.0,0.0,0.2830387353897095,0.04524125158786774,0.006962141487747431,0.06540960818529129,0.0,0.07039935141801834,0.0027885937597602606,0.0,0.0,0.0,0.0545646958053112,0.0,0.0,0.022492554038763046,0.05600946396589279,0.07311651110649109,0.02100825309753418,0.16269221901893616,0.0,0.02803775854408741,0.019832907244563103,0.0,0.17147597670555115,0.0029691862873733044,0.009373468346893787,0.11264178901910782,0.0,0.0,0.12007911503314972,0.053541384637355804,0.0,0.020476825535297394,0.444364994764328,0.06714434921741486,0.06719983369112015,0.0,0.05155828595161438,0.16129840910434723,0.05303236097097397,0.08414752036333084,0.0,0.060111891478300095,0.0,0.035427700728178024,0.025474531576037407,0.08110257983207703,0.40881574153900146,0.0,0.46067389845848083,0.0,0.010300367139279842,0.03273480013012886,0.26968562602996826,0.11613870412111282,0.2014690339565277,0.1168050765991211,0.0,0.0017731869593262672,0.01602337136864662,0.008214345201849937,0.0,0.03702686354517937,0.03670896962285042,0.0,0.0,0.0008339917403645813,0.0,0.16346445679664612,0.0,0.0,0.08460311591625214,0.05544455349445343,0.2707289457321167,0.0,0.0,0.0,0.0,0.0,0.0,0.4850673973560333,0.0,0.0,0.0,0.0,0.16839860379695892,0.0,0.0,0.0,0.05386253446340561,0.0003053426626138389,0.023167278617620468,0.23805630207061768,0.3267088234424591,0.0,0.004204299300909042,0.0005370021099224687,0.035449545830488205,0.0,0.0,0.0,0.0,0.04553034156560898,0.0,0.0,0.0,0.00035724788904190063,0.00036030649789609015,0.17414841055870056,0.1279689222574234,0.0,0.0009821269195526838,0.0,0.009144068695604801,0.0,0.4383682310581207,0.01074147503823042,0.2923263609409332,0.0,0.061407752335071564,0.002824830124154687,0.0011366510298103094,0.0,0.04578925296664238,0.0,0.07441750168800354,0.0046967328526079655,0.01807587780058384,0.016415324062108994,0.0,0.0041479431092739105,0.0,0.05636458098888397,0.0,0.04062642902135849,0.03255738317966461,0.0,0.0,0.0,0.0,0.0,0.9517571330070496,0.16302940249443054,0.0,0.0,0.02751239947974682,0.0013231715420261025,0.0,0.05083952099084854,0.08043356239795685,0.0,0.0,0.6030038595199585,0.0,0.0,0.0,0.007715445943176746,0.0,0.0,0.0,0.0,0.0,0.0,0.0,0.5631697177886963,0.028935737907886505,0.0,0.018017267808318138,0.0,0.005430650897324085,0.0,0.0,0.0,0.0,0.008366244845092297,0.3862285614013672,0.021002301946282387,1.260810136795044,0.0,9.715557098388672e-05,0.006989383604377508,0.0,0.0,0.019219201058149338,2.307800531387329,0.011877217330038548,0.0,0.0,0.030046328902244568,0.0,0.0,0.0,0.0364576131105423,0.0,0.0,0.5225399136543274,0.0,0.014033789746463299,0.030326170846819878,0.0,0.0,0.0,0.05996408313512802,0.23560896515846252,0.031526945531368256,0.0,0.13870002329349518,0.0,0.0,0.0,0.0,0.0,0.110689677298069,0.014075227081775665,0.026249518617987633,0.0,0.0,0.17812097072601318,0.016751421615481377,0.02095825970172882,0.031211331486701965,0.4844585359096527,0.0,0.023513581603765488,0.14643073081970215,0.007097354158759117,0.0015092468820512295,0.0,0.0021087259519845247,0.0,0.05629689246416092,0.0,0.00020807265536859632,0.0,0.0,0.0,0.011686736717820168,0.0,0.08707565069198608,0.03230615705251694,0.9439323544502258,0.0,0.05357593670487404,0.0011682487092912197,0.0,0.08112477511167526,0.0,0.03672870248556137,0.0,0.0,0.4902139902114868,0.0,0.024939827620983124,0.0,0.0,0.0,0.0,0.021889377385377884,0.002250759629532695,0.0,0.0,0.0,0.0,0.0,0.0,0.0,0.0,0.0,0.0,0.00013460159243550152,0.00277776550501585,0.174263134598732,0.0,0.05597037449479103,0.003431872231885791,0.0,0.0,0.01484232023358345,0.0,0.04727990925312042,0.0,0.004976436961442232,0.04242071136832237,0.010288992896676064,0.0,0.0,0.024609368294477463,0.05516046658158302,0.0,0.05360080674290657,0.016170816496014595,0.0,0.015614434145390987,0.0,0.0195478443056345,0.0,0.021541351452469826,0.0,0.0,0.0,0.02045842632651329,0.0,0.0,0.0,0.04006942734122276,0.0036476689856499434,0.0,0.2966060936450958,0.0948731005191803,0.0,0.0,0.0,0.0010368204675614834,0.07011442631483078,0.0,0.004032331518828869,0.049998942762613297,0.020991913974285126,0.0,0.019937140867114067,0.0,0.04838300123810768,0.0,0.0,0.0,0.046835433691740036,0.2017698734998703,0.037818990647792816,0.005145649891346693,0.0011070049367845058,0.16409006714820862,0.008222881704568863,0.004076363984495401,0.0,0.27596554160118103,0.0782746896147728,0.08134648948907852,0.01621983014047146,0.0,0.0,1.0642796754837036,0.49010729789733887,0.11086607724428177,0.0,0.0,0.0,0.0,0.0,0.015481192618608475,0.003630921943113208,0.5106019377708435,0.011508754454553127,0.1202123835682869,0.0,0.0,0.0,0.0032058143988251686,0.053547266870737076,0.0,0.0,0.0677204579114914,0.26894429326057434,0.0,0.02408655919134617,0.26351651549339294,0.005529369227588177,0.4735494554042816,0.0602748729288578,0.0007598769734613597,0.36952874064445496,0.06733337044715881,0.045108504593372345,0.0,0.31825146079063416,0.016226932406425476,0.0,0.005952113773673773,0.0,0.0,0.0,0.09516742825508118,0.0,0.0,0.32421085238456726,0.018735641613602638,0.0,0.0,0.09886984527111053,0.0014918303349986672,0.0,0.0,0.0,0.0,0.093629390001297,0.008722526021301746,0.0,0.0,0.056170836091041565,0.013990020379424095,0.0,0.0048184823244810104,0.0,0.008315346203744411,0.0,0.0,0.005892503075301647,0.3372730016708374,0.007602428086102009,0.0,0.027590518817305565,0.0,0.17987380921840668,0.0,0.0,0.001749931601807475,0.0,0.071126289665699,0.008021051064133644,0.0,0.0,0.0,0.0,0.0,0.0,0.0,0.002152256667613983,0.0,0.0,0.0,0.016664456576108932,0.0,0.0076736281625926495,0.0,0.04647431895136833,0.010942905209958553,0.027112074196338654,0.0060900114476680756,0.04040492698550224,0.0,0.01494185347110033,0.0,0.11220808327198029,0.009563155472278595,0.03310278430581093,0.08391305804252625,0.11202722787857056,0.0,0.0,0.0,0.0041329097002744675,0.0027453231159597635,0.21272119879722595,0.03561347350478172,0.016413310542702675,0.0,0.030936546623706818,0.07805608958005905,0.033533740788698196,0.0,0.028344307094812393,0.0,0.0,0.09842948615550995,0.09222792834043503,0.0,0.005230027250945568,0.0,0.04175208881497383,0.02446729876101017,0.06599869579076767,0.05103721097111702,0.0,0.0,0.12345077842473984,0.13001208007335663,0.024423997849225998,0.0010667097521945834,0.0,0.011443505063652992,0.0,0.6009454727172852,0.010948441922664642,0.014203454367816448,0.0,0.15452887117862701,0.10944173485040665,0.06271960586309433,0.0,0.09878989309072495,0.0,0.0,0.2593659460544586,0.15936487913131714,0.0,0.06136548891663551,0.0,0.763016939163208,0.0,0.0,0.0,0.008483188226819038,0.0,0.009404038079082966,0.0,0.0,0.029482247307896614,0.0,0.19211335480213165,0.0,0.10212789475917816,0.0,0.0,0.008587563410401344,0.10600277036428452,0.30050450563430786,0.0,0.020348716527223587,0.10896365344524384,0.0,0.060307130217552185,0.0,0.0,0.0,0.08131957054138184,0.03160994127392769,0.0019488525576889515,0.0,0.03321139141917229,0.23735040426254272,0.0,0.0,0.0,0.0370776541531086,0.0674494206905365,0.0037675572093576193,0.0,0.0,0.006876454222947359,0.0,0.013611557893455029,0.013505606912076473,0.13473646342754364,0.0,0.07202907651662827,0.0,0.08090925961732864,0.5960935950279236,0.04013624042272568,0.09029152989387512,0.005887818522751331,0.06835535168647766,0.02303732931613922,0.0,0.0,0.0001434564619557932,0.04522239789366722,0.0,0.036762531846761703,0.002974088303744793,0.04265834018588066,0.0,0.3384407162666321,0.1363358348608017,0.0,0.027174079790711403,0.0,0.18772991001605988,0.2851247787475586,0.0349898524582386,0.04837334528565407,0.5850378274917603,0.0227577593177557,0.7963792681694031,0.07208967953920364,0.0,0.0,0.0,0.07554060965776443,0.0,0.06718266755342484,0.0,0.0,0.01788906753063202,0.0,0.03640177100896835,1.2199575901031494,0.13971848785877228,0.019056376069784164,0.0,0.056081999093294144,0.0,0.051091138273477554,0.02191188372671604,0.004340972751379013,0.0,0.3804650902748108,0.05488453432917595,0.057216864079236984,0.017764268442988396,0.0,0.0,0.05398707091808319,0.004594883881509304,0.11180240660905838,0.0790824219584465,0.0,0.21799637377262115,0.013067204505205154,0.048984628170728683,0.0,0.0,0.004814275540411472,0.0,0.612384557723999,0.3723605275154114,0.0022146273404359818,0.0602790005505085,0.15606562793254852,0.019504303112626076,0.1327551156282425,0.016004759818315506,0.029857510700821877,0.01556177344173193,0.00681795459240675,0.0,0.0,0.026491276919841766,0.0,0.0731397271156311,0.0022363602183759212,0.06511082500219345,0.10973569750785828,0.005029338411986828,0.0,0.04155177250504494,0.01154625415802002,0.04557280242443085,0.18873757123947144,0.015706796199083328,0.0,0.11967410147190094,0.0,0.02788284793496132,0.08515167236328125,0.004706625826656818,0.051178235560655594,0.0,0.0,0.0036138666328042746,0.38334304094314575,0.0,0.05955677852034569,0.0103151248767972,0.0,0.0,0.0,0.01380851585417986,0.0,0.0011372101726010442,0.019072623923420906,0.042888808995485306,0.03371458500623703,0.0,0.013081390410661697,0.0,0.703590989112854,0.1049942597746849,0.0,0.23558109998703003,0.05437856540083885,0.0006376552628353238,0.004081842955201864,0.0,0.02254830300807953,0.0,0.0024555290583521128,0.046818703413009644,0.021821623668074608,0.004887906368821859,0.0,0.0,0.0,0.025609560310840607,0.0,0.09312330186367035,0.0429656021296978,0.02841855213046074,0.023531680926680565,0.15524661540985107,0.08216303586959839,0.01873025856912136,0.151370108127594,0.03478963300585747,0.0,0.1244519054889679,0.0,0.0,0.0,0.02274193987250328,0.0069249882362782955,0.0,0.07314562052488327,0.23363187909126282,0.0,0.0,0.0,0.05291140079498291,0.0,0.0,0.026312626898288727,0.007063310127705336,0.0,0.07291381061077118,0.018669404089450836,0.0,0.015903977677226067,0.0,0.0,0.005381288472563028,0.0,0.04054674133658409,0.21622717380523682,0.012348276562988758,0.47978323698043823,0.026514625176787376,0.016966992989182472,0.19916978478431702,0.0,0.016008295118808746,0.0,0.0,0.0,0.0021305703558027744,0.09953655302524567,0.4536004960536957,0.0022701811976730824,0.009142995811998844,0.0,0.0,0.0017020792001858354,0.0,0.0,0.0,0.0,0.4136577844619751,0.0,0.005957405548542738,0.0,0.0,0.23952355980873108,0.0024750090669840574,0.0,0.0,0.0,0.20674581825733185,0.01049196720123291,0.05049913749098778,0.0028408169746398926,0.0,0.011860013008117676,0.017762960866093636,0.0,0.0008242654730565846,0.0609300322830677,0.021328065544366837,0.036461468786001205,0.023554446175694466,0.0,0.0,0.02953927032649517,0.0,0.025360047817230225,0.0,0.0,0.025624332949519157,0.04213812202215195,0.08248236030340195,0.0,0.016219986602663994,0.06106749176979065,0.024012098088860512,0.0,0.027951693162322044,0.5770477652549744,0.0,0.2777251899242401,0.057356249541044235,0.17523419857025146,0.02860107459127903,0.26514190435409546,0.0,0.003915430512279272,0.0,0.03592120110988617,0.02561064437031746,0.0021905028261244297,0.0,0.019195150583982468,0.0,0.05498301610350609,0.02218346856534481,0.06151292845606804,0.0,0.3943679928779602,0.021453451365232468,0.03843839094042778,0.0,0.0017064404673874378,0.04152495414018631,0.004467679187655449,0.024784982204437256,0.017578599974513054,0.0,0.019880330190062523,0.033061522990465164,0.0,0.0035748076625168324,0.0647994801402092,0.005322151351720095,0.0012420177226886153,0.004564986098557711,0.006716659292578697,0.009019055403769016,0.019153060391545296,0.0,0.0,0.0,0.0450039878487587,0.07720185816287994,0.7313878536224365,0.0,0.0,0.0,0.0,0.0,0.04034917429089546,0.0,0.0,0.0,0.0,0.0,0.0013272250071167946,0.11154624819755554,0.0,0.0013217818923294544,0.1848812848329544,0.05757880210876465,0.20300604403018951,0.0242396742105484,0.06842927634716034,0.0,0.16415342688560486,0.0,0.0,0.007673276588320732,0.011066480539739132,0.005943807307630777,0.0,0.36510559916496277,0.0,0.0,0.14155738055706024,0.0,0.0,0.0,0.0,0.0,0.0,0.019484639167785645,0.05265491083264351,0.009268016554415226,0.0,0.0,0.014948505908250809,0.014322837814688683,0.0,0.004067359026521444,0.1562093198299408,0.033295851200819016,0.06497073918581009,0.08911620825529099,0.0,0.03940240293741226,0.0,0.0,0.0,0.12734946608543396,0.0,0.0009103292250074446,0.025798602029681206,0.0,0.004358861595392227,0.0,0.0,0.08464206010103226,0.0,0.0,0.0,0.0,0.0,0.0,0.010327272117137909,0.007498070131987333,0.011982019059360027,0.560034453868866,0.0,0.009888228960335255,0.0,0.0,0.0,0.20394612848758698,0.0,0.10204367339611053,0.4000524580478668,0.0,0.0,0.002922313753515482,0.0,0.0,0.0,0.0,0.4231126308441162,0.0,0.0,0.0,0.0,0.0,0.4283648431301117,0.14680145680904388,0.00986415147781372,0.0,0.007254178635776043,0.12282855063676834,0.32284510135650635,0.0,0.0,0.007478509563952684,0.0,0.0,0.0,0.0,0.0,0.008725223131477833,0.0,0.0,0.0,0.0,0.15226472914218903,0.0,0.04261248558759689,0.02044571377336979,0.0157212745398283,0.0,0.3320485055446625,0.15057383477687836,0.0003214911266695708,0.09916118532419205,0.0,0.0005035019130446017,0.0,0.0024353028275072575,0.036715731024742126,0.0,0.0,0.03796186298131943,0.0,0.02952905185520649,0.036713626235723495,0.013426458463072777,0.0,0.0235546063631773,0.0,0.129200279712677,0.021790482103824615,0.004854215309023857,0.07325809448957443,0.0,0.051517192274332047,0.03912229835987091,0.0662803202867508,0.013479574583470821,0.0,0.0,0.00883825495839119,0.04395841434597969,0.0,0.0,0.021271338686347008,0.0,0.013895957730710506,0.0,0.0,0.0,0.0,0.0022198199294507504,0.02106187306344509,0.0,0.0,0.0,0.06616175919771194,0.057849932461977005,0.046780675649642944,0.01216994971036911,0.02077633887529373,0.00445886654779315,0.0,0.0,0.3617011606693268,0.0,0.08298198878765106,0.033452123403549194,0.0059995208866894245,0.0,0.46282491087913513,0.0017419576179236174,0.045805882662534714,0.0
0.0,0.00642963545396924,0.3301469683647156,0.0002732813300099224,0.0,0.0,0.022175822407007217,0.01775895431637764,0.00528311263769865,0.07163500040769577,0.0,0.058415140956640244,0.017600562423467636,0.27473562955856323,0.08868632465600967,0.1856907308101654,0.002933700103312731,0.019728312268853188,0.0,0.26806288957595825,0.06017715483903885,0.0,0.035231996327638626,0.20641320943832397,0.07258972525596619,0.12729288637638092,0.0,0.0,0.0,0.0,0.444492906332016,0.07824569195508957,0.005022417288273573,0.0,0.20766094326972961,0.20119549334049225,0.007384290918707848,0.04791583865880966,0.0,0.09290718287229538,0.2575337886810303,0.0,0.005338907241821289,0.10469426959753036,0.49880480766296387,0.013110698200762272,0.03979233652353287,0.0,0.23553137481212616,0.0,0.0,0.19303172826766968,0.00545113068073988,0.1391301304101944,0.0289447158575058,0.0,0.0,0.0,0.09299757331609726,0.008804640732705593,0.001450421754270792,0.40962231159210205,0.06996039301156998,0.0,0.006096100900322199,0.3594805598258972,0.14917457103729248,0.013172183185815811,0.044712428003549576,0.00038129568565636873,0.26975151896476746,0.0,0.02509075216948986,0.11308049410581589,0.0,0.05948054790496826,0.387577086687088,0.0016703337896615267,0.1763322502374649,0.3687821328639984,0.0,0.08316469937562943,0.0,0.0745760053396225,0.012479727156460285,0.33709681034088135,0.029469560831785202,0.0,0.0,0.04303746297955513,0.023681318387389183,0.006718792952597141,0.23289287090301514,0.5093757510185242,0.0036727236583828926,0.11835289001464844,0.03739763796329498,0.0,0.0,0.0017678642179816961,0.031321730464696884,0.03504037857055664,0.16455881297588348,0.02487519010901451,0.07548659294843674,0.010298650711774826,0.023194918408989906,0.0,0.0031307293102145195,0.012907130643725395,0.0007571548339910805,0.026674455031752586,0.0031958199106156826,0.13125650584697723,0.0036743951495736837,0.34574469923973083,0.0,0.08320917189121246,0.0,0.1471531242132187,0.022219771519303322,0.009428899735212326,0.283440500497818,0.03895346075296402,0.004684922751039267,0.0033382929395884275,0.24225866794586182,0.021556328982114792,0.09534461051225662,0.0035141564439982176,0.14770211279392242,0.0,0.04644402489066124,0.012733683921396732,0.06607676297426224,0.08369520306587219,0.00912566389888525,0.0,0.006370763760060072,0.0012920766603201628,0.08688623458147049,0.030399294570088387,0.0,0.02964136190712452,0.19597963988780975,0.0,0.011492333374917507,0.2820868194103241,0.02614041045308113,0.05815659090876579,0.046062301844358444,0.0,0.04181816056370735,0.060196682810783386,0.0,0.02421431802213192,0.007561147212982178,0.01403494831174612,0.12211848050355911,0.10840167850255966,0.007408780045807362,0.0176831167191267,0.032304953783750534,0.383223295211792,0.06637144833803177,0.0,0.2776716947555542,0.0007332396344281733,0.12560339272022247,0.4085128903388977,0.1463744193315506,0.02449057810008526,0.04664307460188866,0.21026843786239624,0.0516485795378685,0.048623085021972656,0.5111569762229919,0.006952935364097357,0.0,0.3479890823364258,0.0,0.0015154958236962557,0.038103729486465454,0.03963392227888107,0.015565750189125538,0.2997480630874634,0.16429609060287476,0.05287645757198334,0.04895685985684395,0.21423722803592682,0.029734665527939796,0.08859122544527054,0.0,0.0074731395579874516,0.015930917114019394,0.01176032517105341,0.022034883499145508,0.007829571142792702,0.28804823756217957,0.0,0.14528611302375793,0.038258131593465805,0.0,0.14957569539546967,0.0,0.010917606763541698,0.034668609499931335,0.009858962148427963,0.049871135503053665,0.13218499720096588,0.1420736461877823,0.0,0.173263281583786,0.0,0.020085090771317482,0.024774739518761635,0.04824308305978775,0.03595256432890892,0.0,0.02262326329946518,0.06383045762777328,0.017432179301977158,0.16021108627319336,0.16697734594345093,0.0,0.19852520525455475,0.0055573177523911,0.0012028388446196914,0.0882224291563034,0.10951242595911026,0.12256477028131485,0.0,0.16554096341133118,0.07558992505073547,0.11746308207511902,0.2830440402030945,0.03507192060351372,0.07028834521770477,0.03449731692671776,0.007891194894909859,0.0,0.07267820090055466,0.02045259065926075,0.0,0.08406481146812439,0.05990244448184967,0.05195290222764015,0.043684493750333786,0.0,0.0002631831157486886,0.011721253395080566,0.004286057781428099,0.016752121970057487,0.008745810948312283,0.0,0.07616204023361206,0.0,0.05762801319360733,0.05472399294376373,0.4390060007572174,0.0011907625012099743,0.013934616930782795,0.01912005804479122,0.0,0.13636189699172974,0.04082733020186424,0.09302211552858353,0.06872709095478058,0.009086024947464466,0.025306345894932747,0.1128789484500885,0.002190756844356656,0.016648078337311745,0.10380817204713821,0.08499342203140259,0.0,0.03292323276400566,0.017785869538784027,0.136652871966362,0.1973305493593216,0.026812754571437836,0.0,0.026818115264177322,0.16842691600322723,0.021060749888420105,0.5789565443992615,0.0,0.0,0.1788768321275711,0.032523125410079956,0.15290993452072144,0.07542875409126282,0.06114615127444267,0.0,0.04557693004608154,0.033649906516075134,0.1887567937374115,0.0,0.2869999408721924,0.0,0.01603892259299755,0.016478024423122406,0.14373277127742767,0.1184859499335289,0.15889176726341248,0.0,0.022066863253712654,0.009806787595152855,0.0,0.0,0.0,0.14297765493392944,0.037465400993824005,0.17169463634490967,0.05300043895840645,0.3189997971057892,0.03740638867020607,0.0014899325324222445,0.15538227558135986,0.0336468406021595,0.0,0.05774479731917381,0.0,0.0,0.616569995880127,0.0,0.0,0.014170903712511063,0.0,0.0,0.0025060034822672606,0.05444897711277008,0.0,0.0,0.0,0.0,0.0,0.0,0.011376678012311459,0.07681673765182495,0.06380874663591385,0.0,0.0,0.0,0.0,0.0,0.0,0.0,0.0,0.0,0.15323001146316528,0.002237132750451565,0.07981526106595993,0.05568897724151611,0.3119334280490875,0.0,0.0,0.0,0.08918686956167221,0.007298314478248358,0.016535181552171707,0.0,0.0,0.0,0.0012130903778597713,0.0086529441177845,0.10561925917863846,0.038054488599300385,0.0,0.0,0.5119130611419678,0.0,0.0,0.03608708083629608,0.01116144098341465,0.0,0.009701374918222427,0.0,0.0,0.11477532982826233,0.07725333422422409,0.0,0.0,0.0005634474800899625,0.01637551747262478,0.0,0.0,0.07073749601840973,0.0,0.0,0.21993893384933472,0.0,0.0,0.0,0.0,0.0,0.09275045990943909,0.0,0.08640091866254807,0.03754318878054619,0.00563424825668335,0.022504551336169243,0.0,0.0,0.004526564851403236,0.0,0.019917139783501625,0.0,0.0,0.05123103782534599,0.0,0.0,0.0,0.0,0.026179255917668343,0.0,0.0,0.0,0.0,0.0,0.025240549817681313,0.0,0.04838956519961357,0.0,0.0124008534476161,0.1214665099978447,0.015442614443600178,0.0022377350833266973,0.0063303434289991856,0.11768773943185806,0.0,0.006538471207022667,0.0,0.1141025722026825,0.0,0.0,0.0046868715435266495,0.02681550569832325,0.0010642647976055741,0.0,0.0054617333225905895,0.0,0.00384030700661242,0.0001442748325644061,0.0,0.0,0.056103792041540146,0.0,0.021589118987321854,0.047710318118333817,0.00947726983577013,0.0,0.0,0.043232545256614685,0.0,0.003770735813304782,0.0,0.0,0.0167743768543005,0.0,0.0,0.2325614094734192,0.0,0.0,0.042148903012275696,0.26098766922950745,0.04478229582309723,0.0,0.004712815862149,0.010633034631609917,0.0,0.0,0.02011094056069851,0.0,0.030998116359114647,0.0,0.0,0.024411438032984734,0.07152954488992691,0.0,0.0,0.0,0.15651430189609528,0.002368450164794922,0.047419480979442596,0.21528398990631104,0.00830102525651455,0.0,0.0,0.0,0.012554734013974667,0.0,0.0,0.0,0.0,0.0,0.0,0.01818404719233513,0.05048031359910965,0.0,0.0,0.0,0.028510576114058495,0.031093157827854156,0.008496817201375961,0.0,0.0,0.0,0.15019437670707703,0.02134092152118683,0.047791942954063416,0.0,0.0,0.0,0.0,0.005432454403489828,0.16848912835121155,0.0494149774312973,0.001039601513184607,0.007990812882781029,0.0,0.0,0.394682914018631,0.0,0.0023871681187301874,0.0,0.0,0.0,0.0,0.028452662751078606,0.016314299777150154,0.0,0.011943412013351917,0.0,0.0,0.11199653893709183,0.0,0.0,0.0,0.015209846198558807,0.0072764502838253975,0.061926890164613724,0.0,0.10523778945207596,0.0,0.0,0.0,0.0,0.0005932450294494629,0.0,0.0,0.025465698912739754,0.0,0.22404539585113525,0.011032035574316978,0.005782997701317072,0.0,0.0,0.052958130836486816,0.0,0.005237443372607231,0.08981212973594666,0.03708524629473686,0.0,0.18974943459033966,0.07138077169656754,0.0,0.0,0.044975921511650085,0.2743707597255707,0.0,0.02627159096300602,0.07850053161382675,0.0,0.0,0.0022517710458487272,0.01537714246660471,0.0,0.0,0.01283116266131401,0.10246501863002777,0.0,0.0472080335021019,0.0,0.17499646544456482,0.03868309035897255,0.08133192360401154,0.023066284134984016,0.0,0.0,0.0,0.0,0.006022830028086901,0.0,0.0062043978832662106,0.1569926142692566,0.01569489762187004,0.009400596842169762,0.0,0.0,0.0,0.0,0.0,0.005791835952550173,0.0,0.0,0.0,0.4343131184577942,0.007242732681334019,0.034368839114904404,0.0,0.08262068033218384,0.0024189185351133347,0.0,0.008219415321946144,0.005378996022045612,0.039007894694805145,0.03866450488567352,0.0,0.0,0.0,0.0,0.0,0.0,0.0019047296373173594,0.00434432877227664,0.0,0.008515965193510056,0.0,0.036739494651556015,0.05144861340522766,0.004816306754946709,0.0,0.0,0.0,0.0,0.0,0.003370993072167039,0.0,0.0,0.0,0.0,0.14733010530471802,0.012852131389081478,0.0,0.0,0.0,0.0,0.022595681250095367,0.0,0.0,0.01373962126672268,0.0,0.0,0.01711549237370491,0.0,0.0,0.09097021818161011,0.008749403059482574,0.10883716493844986,0.022540265694260597,0.0,0.266893208026886,0.01124555990099907,0.08707340061664581,0.006962141953408718,0.0,0.09572359174489975,0.0,0.045332904905080795,0.07379107177257538,0.0,0.0439000278711319,0.0033610842656344175,0.0,0.0,0.0,0.0,0.0,0.0023784625809639692,0.0,0.060972943902015686,0.0,0.0,0.0,0.07829900085926056,0.010921207256615162,0.0,0.0,0.0,0.005178625695407391,0.11010550707578659,0.019587593153119087,0.009326920844614506,0.0734715610742569,0.02060166746377945,0.0,0.0,0.009704998694360256,0.04795472323894501,0.006781364791095257,0.0,0.3528228998184204,0.05836939811706543,0.01919984631240368,0.0,0.013647248968482018,0.0,0.12931491434574127,0.007635555230081081,0.0,0.001996586797758937,0.0,0.01310484204441309,0.17847836017608643,0.13429316878318787,0.02646895870566368,0.0,0.017141666263341904,0.05542517080903053,0.0,0.0,0.0,0.056760210543870926,0.0,0.010626651346683502,0.0,0.05242118984460831,0.0,0.24747630953788757,0.0,0.0,0.0,0.23466506600379944,0.04637246951460838,0.0,0.021477092057466507,0.5174230337142944,0.0,0.02611500211060047,0.0,0.01120730396360159,0.0,0.0,0.0,0.01790613867342472,0.2810268700122833,0.0,0.0962042585015297,0.0,0.0,0.017677990719676018,0.009001128375530243,0.0,0.006352676078677177,0.0025796217378228903,0.0,0.23543289303779602,0.09724442660808563,0.0,0.0,0.005849600303918123,0.05063978582620621,0.005808815825730562,0.39038676023483276,0.0,0.0,0.0,0.04965238273143768,0.0,0.10962638258934021,0.07394791394472122,0.04544014111161232,0.12806734442710876,0.007465049158781767,0.009970550425350666,0.006644377484917641,0.025880351662635803,0.027440661564469337,0.012335977517068386,0.0,0.0,0.22147534787654877,0.001993610756471753,0.03442791849374771,0.0,0.011958851478993893,0.0725712701678276,0.3153543770313263,0.0,0.0350186862051487,0.05812618136405945,0.04366963729262352,0.010795303620398045,0.0,0.0,0.03865094110369682,0.0,0.0,0.13058598339557648,0.0688176229596138,0.014837127178907394,0.0,0.022904179990291595,0.0,0.0,0.033360306173563004,0.07208546996116638,0.06347307562828064,0.0,0.14999091625213623,0.0,0.007738991174846888,0.0,0.009553978219628334,0.06442683935165405,0.2274370789527893,0.04685620218515396,0.11890292167663574,0.0763624757528305,0.0,0.0,0.005157706793397665,0.0,0.0,0.0,0.005693640559911728,0.0,0.0,0.0176154226064682,0.12190502882003784,0.0,0.005553945433348417,0.04932047054171562,0.0040367054753005505,0.0,0.1997143030166626,0.0,0.0,0.02529681846499443,0.04270213469862938,0.0,0.03466605767607689,0.000474123953608796,0.2783666253089905,0.0,0.018381768837571144,0.5446133613586426,0.0,0.01886373944580555,0.00027545870398171246,0.0,0.0,0.0,0.017701206728816032,0.020993327721953392,0.0,0.11968164145946503,0.0,0.0,0.005483952816575766,0.0,0.011591034010052681,0.0001234221417689696,0.0,0.005353783257305622,0.0,0.0,0.00021894813107792288,0.0,0.35039764642715454,0.0,0.0,0.0,0.0,0.0,0.0,0.5763168334960938,0.06370800733566284,0.02729249931871891,0.030703194439411163,0.10016908496618271,0.0,0.011902226135134697,0.0,0.20693783462047577,0.026809191331267357,0.0796993151307106,0.011556541547179222,0.014608881436288357,0.010181465186178684,0.004174691624939442,0.15476900339126587,0.0,0.015807969495654106,0.0,0.06889679282903671,0.05093306675553322,0.10176368802785873,0.008025269955396652,0.10059952735900879,0.04035009443759918,0.0,0.49492695927619934,0.0,0.0,0.08823692053556442,0.047473613172769547,0.07520701736211777,0.0,0.010344229638576508,0.0,0.04861600697040558,0.15034939348697662,0.0,0.14094115793704987,0.020390700548887253,0.0894395038485527,0.0,0.034087538719177246,0.3663857579231262,0.007884434424340725,0.17603302001953125,0.11388707160949707,0.17444542050361633,0.038330402225255966,0.020471664145588875,0.09397859871387482,0.11545509099960327,0.03768874704837799,0.21051651239395142,0.0008693915442563593,0.0,0.34172454476356506,0.0013791691744700074,0.0,0.02850528061389923,0.0,0.0,0.09958219528198242,0.0,0.010545228607952595,0.005739901214838028,0.0023174595553427935,0.009106830693781376,0.0,0.19229140877723694,0.06051066517829895,0.0,0.0011801767395809293,0.012277774512767792,0.0,0.0063063777051866055,0.10872691869735718,0.0074691008776426315,0.08500898629426956,0.0,0.1156977117061615,0.0,0.01603194884955883,0.045266617089509964,0.0,0.03743526712059975,0.0,0.04019896686077118,0.14933809638023376,0.0,0.05365060269832611,0.0179758183658123,0.13713207840919495,0.0,0.09136257320642471,0.06267330795526505,0.0,0.0,0.16067080199718475,0.0,0.0,0.01482723094522953,0.5447862148284912,0.21302659809589386,0.0,0.028508104383945465,0.317178875207901,0.0016630184836685658,0.0,0.0,0.20235948264598846,0.0,0.021865850314497948,0.0,0.0,0.0,0.0,0.07363643497228622,0.003137066261842847,0.0,0.18609951436519623,0.02906750701367855,0.0,0.0,0.1961887925863266,0.0,0.00536678172647953,0.024239035323262215,0.01719130016863346,0.06602638959884644,0.020953938364982605,0.011098562739789486,0.07049521803855896,0.0014473041519522667,0.02023826353251934,0.27573975920677185,0.0,0.0,0.030313553288578987,0.0696837455034256,0.06854748725891113,0.0,0.11090611666440964,0.0,0.0,0.3210909962654114,0.0024329882580786943,0.0,0.02420954406261444,0.0,0.0,0.04153536632657051,0.41681107878685,0.0,0.0,0.2572741210460663,0.05507852882146835,0.019920330494642258,0.08660497516393661,0.0,0.044821567833423615,0.027385670691728592,0.007236582692712545,0.0,0.0,0.0757300853729248,0.011381763964891434,0.0,0.02062482200562954,0.06478257477283478,0.07117743790149689,0.014755869284272194,0.1849031299352646,0.0,0.02259073033928871,0.02033381722867489,0.0,0.1652958244085312,0.002195030450820923,0.0075148725882172585,0.07831521332263947,0.002701077377423644,0.0,0.12898147106170654,0.03661595284938812,0.002352677984163165,0.01541042234748602,0.4432433843612671,0.08362245559692383,0.06783654540777206,0.0,0.0614003986120224,0.18367056548595428,0.06161909177899361,0.09495823830366135,0.0,0.08068083971738815,0.024068688973784447,0.052120428532361984,0.029848016798496246,0.07710553705692291,0.39797139167785645,0.0,0.38094955682754517,0.0,0.020793545991182327,0.006068876478821039,0.32226961851119995,0.11610995978116989,0.10671032965183258,0.1126803457736969,0.0,0.014472004026174545,0.015301669016480446,0.02960609458386898,0.0,0.03882834315299988,0.022952545434236526,0.0,0.0,0.0065363990142941475,0.0,0.10159368813037872,0.0,0.0,0.09382861107587814,0.02063882350921631,0.17611107230186462,0.0,0.0,0.0,0.0,0.0,0.0,0.40366944670677185,0.0,0.0,0.0,0.0,0.2469988614320755,0.0034982061479240656,0.0,0.0,0.11123111844062805,0.001459877472370863,0.017501726746559143,0.24642378091812134,0.21178635954856873,0.0,0.014238537289202213,0.0030912195798009634,0.044655848294496536,0.0,0.0,0.0,0.0,0.02092416025698185,0.009343535639345646,0.0,0.0,0.015796927735209465,0.006306048482656479,0.13464252650737762,0.13627570867538452,0.0,0.0,0.0,0.0020857907366007566,0.0,0.3124350905418396,0.02269585430622101,0.28667911887168884,0.0,0.0680718794465065,0.011113293468952179,0.0007320070290006697,0.0,0.046788398176431656,0.0,0.013927090913057327,0.0,0.009380124509334564,0.0009895642288029194,0.0,0.04501934349536896,0.0,0.055652108043432236,0.0,0.04116477817296982,0.03261791542172432,0.0,0.0,0.0,0.0,0.0,0.6979721188545227,0.3568112552165985,0.0,0.0,0.0294451005756855,0.007312122732400894,0.04533786699175835,0.014824104495346546,0.08369605243206024,0.0,0.0,0.6377807259559631,0.0,0.0,0.0,0.015373294241726398,0.0,0.0,0.0,0.0,0.0,0.0,0.0,0.3954313397407532,0.040233202278614044,0.0,0.04075181111693382,0.0,0.013035283423960209,0.0,0.0,0.00479915551841259,0.0,0.008733028545975685,0.38445690274238586,0.021061325445771217,0.9720556735992432,0.0,0.0,0.006576907820999622,0.0,0.0,0.028482886031270027,2.3085641860961914,0.022725149989128113,0.0,0.0,0.04517211765050888,0.0,0.0,0.0,0.029882516711950302,0.005595888942480087,0.0,0.5157055854797363,0.0,0.012998739257454872,0.03198644146323204,0.0,0.0,0.0,0.06719057261943817,0.2627277374267578,0.061858776956796646,0.0,0.15486940741539001,0.0,0.0,0.0,0.0,0.0,0.08413150906562805,0.017353275790810585,0.020696435123682022,0.0,0.0,0.21575622260570526,0.011938379146158695,0.0,0.06687743961811066,0.6127579212188721,0.0,0.024055786430835724,0.17873156070709229,0.0017504477873444557,0.02552526630461216,0.0,0.0029053050093352795,0.0,0.017860936000943184,0.0,0.0,0.0,0.0,0.0,0.008379263803362846,0.0,0.10184239596128464,0.035601768642663956,0.890373706817627,0.0,0.04251909255981445,0.0013446140801534057,0.007562959101051092,0.03453681990504265,0.0,0.05090158060193062,0.0,0.0,0.6988160610198975,0.0,0.023461604490876198,0.0,0.0,0.0,0.0,0.01715506613254547,0.0,0.0,0.0,0.0,0.0,0.0,0.0,0.0005021286197006702,0.0,0.0,0.0,0.0,0.001877260860055685,0.22687089443206787,0.0,0.10039588063955307,0.0,0.0,0.0,0.0,0.0,0.0514107421040535,0.0,0.002263047732412815,0.06021919101476669,0.0076537965796887875,0.07322677969932556,0.0,0.013107802718877792,0.1907292902469635,0.0,0.06927135586738586,0.012038675136864185,0.0,0.03741332143545151,0.0,0.015549658797681332,0.0,0.03351511433720589,0.0,0.0,0.0,0.03482171893119812,0.0,0.0,0.0035250962246209383,0.0498943030834198,0.0,0.0024338734801858664,0.3297710418701172,0.08970122039318085,0.0,0.019343549385666847,0.0,0.011594904586672783,0.0,0.0,0.010860007256269455,0.07850557565689087,0.03245269134640694,0.0,0.03406698629260063,0.0,0.03848448395729065,0.006158825010061264,0.0,0.0002551257493905723,0.1099693775177002,0.17563563585281372,0.02088141441345215,0.0,0.00683720363304019,0.13248181343078613,0.013722381554543972,0.013048590160906315,0.0,0.26950523257255554,0.09560980647802353,0.09496909379959106,0.012031879276037216,0.0,0.0,1.0474227666854858,0.4328177273273468,0.08587288111448288,0.0,0.0,0.0,0.0,0.0,0.03101552091538906,0.00147870066575706,0.534533679485321,0.005789654329419136,0.12726296484470367,0.0,0.0,0.0,0.01100190356373787,0.045901380479335785,0.0,0.0,0.04430091008543968,0.13156108558177948,0.00012098312436137348,0.0,0.25978174805641174,0.01520368829369545,0.4851381182670593,0.061757925897836685,0.01723083108663559,0.19708523154258728,0.032396379858255386,0.021120548248291016,0.0,0.40546897053718567,0.0141305485740304,0.0,0.004401484504342079,0.0,0.0,0.0,0.14477397501468658,0.0,0.006181477103382349,0.27271902561187744,0.0100436732172966,0.0,0.0,0.02407783456146717,0.0023806793615221977,0.0,0.0,0.0,0.0010786947095766664,0.18768413364887238,0.00787490326911211,0.0,0.0,0.029071366414427757,0.011516451835632324,0.0,0.013111229054629803,0.0,0.0,0.0,0.0,0.0,0.11309869587421417,0.0040912870317697525,0.0,0.018669767305254936,0.0,0.1501365303993225,0.0,0.0,0.003130945609882474,0.0,0.05916363373398781,0.06082708761096001,0.0,0.0,0.0,0.0,0.0,0.0,0.0,0.0,0.0,0.0,0.0,0.018830258399248123,0.0,0.0028126263059675694,0.0,0.03623557463288307,0.00995537731796503,0.022212129086256027,0.001274643000215292,0.04846823588013649,0.0,0.025033826008439064,0.0,0.15885484218597412,0.00955750048160553,0.04028351604938507,0.06385701894760132,0.10868611931800842,0.0,0.0,0.0,0.001773023628629744,0.0036120605655014515,0.18882614374160767,0.03236712887883186,0.017825426533818245,0.0,0.03012341447174549,0.031587883830070496,0.03549520671367645,0.0,0.02334383875131607,0.0,0.0,0.05342242121696472,0.08601263165473938,0.005064073950052261,0.003882100572809577,0.0,0.0296365637332201,0.005804760381579399,0.07339127361774445,0.03232909366488457,0.0,0.0,0.11042434722185135,0.1008853167295456,0.009536929428577423,7.12275505065918e-05,0.0,0.014313954859972,0.0,0.5666700005531311,0.012111636810004711,0.017623919993638992,0.0,0.1586066037416458,0.07611683011054993,0.09510793536901474,0.003248033579438925,0.10152233392000198,0.0,0.0,0.19656310975551605,0.10380081087350845,0.0,0.07288269698619843,0.0,0.7593625783920288,0.0,0.0018553674453869462,0.01014807540923357,0.0,0.0013593339826911688,0.018813829869031906,0.0,0.0,0.059319257736206055,0.00794506911188364,0.1778172105550766,0.0,0.07473635673522949,0.0,0.0,0.0066598085686564445,0.11587991565465927,0.07552386075258255,0.0,0.029730258509516716,0.20248199999332428,0.0,0.03447391465306282,0.000912544724997133,0.0,0.0,0.09665264934301376,0.026222815737128258,0.00399235263466835,0.0,0.025333626195788383,0.2133709192276001,0.0169999822974205,0.0,0.0,0.031164715066552162,0.14389385282993317,0.0,0.0,0.0,0.02621360868215561,0.003689582459628582,0.009237359277904034,0.013772513717412949,0.10226727277040482,0.0,0.0773521289229393,0.0,0.0789470374584198,0.6140379905700684,0.08000904321670532,0.07758526504039764,0.0011508631287142634,0.07618322223424911,0.01070045493543148,0.0,0.0,0.0040161991491913795,0.02047865465283394,0.025817064568400383,0.0488944947719574,0.0068085286766290665,0.03379272669553757,0.007475429680198431,0.392253041267395,0.12066574394702911,0.0,0.041500311344861984,0.0,0.20837683975696564,0.3523178994655609,0.041673384606838226,0.034330617636442184,0.5556485056877136,0.025973914191126823,0.6691242456436157,0.10126699507236481,0.0035732316318899393,0.0,0.0,0.09024912863969803,0.0,0.06917346268892288,0.0,0.0011672830441966653,0.04244698956608772,0.0,0.03283136710524559,1.3020846843719482,0.2254054993391037,0.027322744950652122,0.0,0.06347987800836563,0.0,0.04233624413609505,0.01229657419025898,0.002398841315880418,0.0,0.3862415552139282,0.054240502417087555,0.03426239639520645,0.026632599532604218,0.0,0.0,0.04712797701358795,0.0,0.11565917730331421,0.06329924613237381,0.0,0.2250158190727234,0.0071581099182367325,0.03249533474445343,0.0,0.001108083757571876,0.0,0.0,0.5304499268531799,0.27041226625442505,0.0007015025475993752,0.06935348361730576,0.18077248334884644,0.03534874692559242,0.07747223228216171,0.004168891813606024,0.05604991316795349,0.0011630499502643943,0.0031909560784697533,0.005192616023123264,0.0,0.009126629680395126,0.0,0.0753134936094284,0.0,0.1319374293088913,0.1623777449131012,0.016793152317404747,0.0,0.061129096895456314,0.026467539370059967,0.035263195633888245,0.18774762749671936,0.013122874312102795,0.0,0.13474956154823303,0.0,0.01015032734721899,0.07876574248075485,0.006805984769016504,0.05088888481259346,0.0,0.0,0.0007781123858876526,0.4436769485473633,0.0,0.04797188192605972,0.022988950833678246,0.0,0.0,0.0,0.01754777878522873,0.0,0.0,0.04293666034936905,0.028499193489551544,0.023894695565104485,0.0,0.012598798610270023,0.0,0.7348743677139282,0.0909569188952446,0.0042907907627522945,0.23386076092720032,0.09967944771051407,0.007352722343057394,0.00297685619443655,0.0,0.011960803531110287,0.0,0.010945009998977184,0.06253203004598618,0.010450298897922039,0.0022038782481104136,0.0,0.0,0.0,0.007986566051840782,0.0,0.08928623795509338,0.05345415696501732,0.02098468318581581,0.03373193368315697,0.14795812964439392,0.07660539448261261,0.0,0.04229011386632919,0.04197965934872627,0.0011922514531761408,0.10430338978767395,0.0,0.0,0.0,0.04555154964327812,0.01619948074221611,0.0,0.08554401248693466,0.3053615093231201,0.0,0.0,0.0,0.047300443053245544,0.0,0.0,0.10984008014202118,0.011579393409192562,0.0,0.07235715538263321,0.01679661124944687,0.010558663867413998,0.01913001947104931,0.0,0.0,0.009246435016393661,0.0,0.025293689221143723,0.17694930732250214,0.003552792128175497,0.4407604932785034,0.026274424046278,0.013650505803525448,0.24255281686782837,0.0032577579841017723,0.01882329396903515,0.0,0.0,0.004688924644142389,0.002699674339964986,0.1456459015607834,0.4684881865978241,0.0,0.01552910078316927,0.00368647207506001,0.0,0.013372224755585194,0.0,0.0016344571486115456,0.0,0.0,0.5013687014579773,0.0,0.0037243464030325413,0.0,0.0,0.16461360454559326,0.007545002270489931,0.0,0.0,0.0,0.1842791736125946,0.015553653240203857,0.05397682636976242,0.0,0.0,0.009313431568443775,0.005014339461922646,0.0,0.0,0.05815168842673302,0.01967046409845352,0.0312076136469841,0.015638040378689766,0.0,0.0,0.05576765164732933,0.0,0.02591075748205185,0.0,0.0,0.027220850810408592,0.05243368446826935,0.07597595453262329,0.0,0.025497591122984886,0.06878252327442169,0.07647158950567245,0.0,0.06856750696897507,0.5867636799812317,0.0,0.25714150071144104,0.03435669466853142,0.09593622386455536,0.023412244394421577,0.2354489266872406,0.0009990851394832134,0.009170150384306908,0.0,0.0716964453458786,0.004026360344141722,0.008186820894479752,0.0,0.02225540205836296,0.0,0.02898828685283661,0.022087443619966507,0.06854711472988129,0.005055674817413092,0.40499070286750793,0.03634877875447273,0.06024737283587456,0.0005581096047535539,0.007559068035334349,0.061883993446826935,0.0,0.07768590748310089,0.018825354054570198,0.0,0.010209983214735985,0.025329208001494408,0.0,0.014431111514568329,0.06092572584748268,0.0351991206407547,0.005955793894827366,0.004659750498831272,0.028326869010925293,0.011187301017343998,0.04315958172082901,0.0,0.0,0.0,0.09315034002065659,0.07534705102443695,0.7298145890235901,0.0,0.0,0.0,0.0,0.0,0.045386843383312225,0.0,0.0,0.0,0.0,0.0,0.016547895967960358,0.156757652759552,0.0,0.005699732340872288,0.22863632440567017,0.009492979384958744,0.18382272124290466,0.041459597647190094,0.11048677563667297,0.0,0.1356700211763382,0.0,0.0,0.00969903077930212,0.030305571854114532,0.0,0.0,0.299831360578537,0.0,0.0,0.13636437058448792,0.0,0.0,0.0,0.0,0.0,0.0,0.01147895585745573,0.06984581798315048,0.0008036826620809734,0.0,0.0,0.02808133140206337,0.016917530447244644,0.0,0.0,0.09719720482826233,0.016051417216658592,0.036480970680713654,0.0831519216299057,0.0,0.051857758313417435,0.0,0.0,0.0,0.15142472088336945,0.0,0.0015114075504243374,0.04453762620687485,0.0,0.004178754054009914,0.0,0.0,0.051200300455093384,0.0,0.0,0.0,0.0,0.0,0.0,0.007106270641088486,0.00958284642547369,0.02820492908358574,0.5203966498374939,0.0,0.007125601638108492,0.006468778941780329,0.0,0.0,0.18699811398983002,0.0,0.10887986421585083,0.2629454731941223,0.0,0.0,0.013804100453853607,0.0,0.0,0.0,0.0,0.44018563628196716,0.0,0.0,0.0,0.0,0.0,0.3348631262779236,0.10091114789247513,0.0093993553891778,0.002483494346961379,0.010166182182729244,0.1302347034215927,0.3201311528682709,0.0,0.0,0.036299534142017365,0.0,0.0,0.003189532784745097,0.0,0.0,0.021423373371362686,0.0,0.0,0.0,0.0,0.3025180697441101,0.0,0.020005548372864723,0.018110983073711395,0.010045507922768593,0.0,0.29097166657447815,0.15142670273780823,0.0,0.09546074271202087,0.0005563402082771063,0.010487166233360767,0.0,0.005469128955155611,0.061090826988220215,0.0,0.0,0.034218791872262955,0.0,0.011275513097643852,0.029164979234337807,0.03250950202345848,0.0,0.0071232556365430355,0.007656967733055353,0.11399517953395844,0.0,0.007505721878260374,0.0,0.0,0.06173752620816231,0.0413285493850708,0.05635799467563629,0.07664575427770615,0.0,0.0,0.006840818095952272,0.0455082505941391,0.0,0.0,0.019426066428422928,0.0,0.014384898357093334,0.0,0.0,0.0,0.0,0.005287502892315388,0.009903062134981155,0.0005467353039421141,0.0,0.0,0.08072849363088608,0.045624904334545135,0.05357406288385391,0.005528206937015057,0.0382663868367672,0.0035016429610550404,0.0,0.0015826940070837736,0.3012748658657074,0.0,0.06041698530316353,0.03799906000494957,0.00518578989431262,0.002216627588495612,0.292245477437973,0.01130892988294363,0.03909582644701004,0.0
0.0,0.0,0.3756099343299866,0.0006960129830986261,0.0,0.0,0.025219276547431946,0.017152879387140274,0.0,0.08731143921613693,0.0,0.06348817050457001,0.04006204754114151,0.26447775959968567,0.09097801893949509,0.15852274000644684,0.0,0.03265682980418205,0.0,0.26991555094718933,0.05529827997088432,0.0,0.026162652298808098,0.19144973158836365,0.054054178297519684,0.09214718639850616,0.0,0.0,0.0,0.0,0.4285057485103607,0.12310443818569183,0.001613805303350091,0.0,0.2361486852169037,0.17818593978881836,0.0014189004432410002,0.037116292864084244,0.0,0.12060253322124481,0.3698780834674835,0.0,0.01198642235249281,0.14444611966609955,0.4814702272415161,0.0018840193515643477,0.032753124833106995,0.0,0.213922917842865,0.0,0.0,0.18472826480865479,0.0030970668885856867,0.16983337700366974,0.05749174952507019,0.0,0.0,0.0,0.09190365672111511,0.0015457558911293745,0.0,0.49197566509246826,0.12282603979110718,0.0,0.00029623269801959395,0.3130345344543457,0.10220637917518616,0.021543024107813835,0.017831286415457726,0.0,0.15660811960697174,0.013790859840810299,0.015999723225831985,0.10556551814079285,0.009254712611436844,0.10160354524850845,0.3693808317184448,0.012149396352469921,0.17685452103614807,0.36625397205352783,0.0,0.10071679949760437,0.0,0.1038316935300827,0.009268476627767086,0.2696147561073303,0.040501225739717484,0.0,0.0,0.03583809733390808,0.019459355622529984,0.00674202898517251,0.21907371282577515,0.46540766954421997,0.005294767674058676,0.18894031643867493,0.01592898555099964,0.0026431274600327015,0.0,0.0,0.025503993034362793,0.032633982598781586,0.10678505897521973,0.013704287819564342,0.058289047330617905,0.006762053817510605,0.017659561708569527,0.0,0.0,0.012361561879515648,0.050238270312547684,0.014331762678921223,0.0004218101385049522,0.1597813069820404,0.0,0.48084691166877747,0.0,0.10239625722169876,0.0,0.16048449277877808,0.013017191551625729,0.005380189511924982,0.3401063084602356,0.03868775814771652,0.002770674182102084,0.0005152854137122631,0.19128447771072388,0.03674309328198433,0.12871716916561127,0.010444059036672115,0.11417768150568008,0.005681974813342094,0.06975899636745453,0.03723122179508209,0.05851848050951958,0.07788630574941635,0.008090095594525337,0.0,0.013159176334738731,0.0,0.09444335848093033,0.03471449390053749,0.0,0.021074706688523293,0.2173023372888565,0.0,0.017342906445264816,0.29163700342178345,0.008369619958102703,0.0603790283203125,0.04572634771466255,0.0,0.07896895706653595,0.06798457354307175,0.0,0.015890957787632942,0.00442518712952733,0.05331723392009735,0.15165367722511292,0.07838670909404755,0.0022202327381819487,0.012284385971724987,0.029938964173197746,0.40365999937057495,0.08729532361030579,0.0,0.24232149124145508,0.0,0.08950602263212204,0.32656216621398926,0.12457349896430969,0.02313247136771679,0.0829654112458229,0.24297815561294556,0.06631530821323395,0.03185654804110527,0.49871745705604553,0.016817305237054825,0.0,0.309312105178833,0.0,0.0,0.046696826815605164,0.018954923376441002,0.003617231734097004,0.2777523398399353,0.1971135288476944,0.06273123621940613,0.05602850392460823,0.3841947317123413,0.04889753460884094,0.044926535338163376,0.0,0.012180013582110405,0.027912676334381104,0.03812751546502113,0.01677415333688259,0.020220398902893066,0.2979044020175934,0.0,0.16436412930488586,0.013858454301953316,0.0,0.14941073954105377,0.0,0.002418575342744589,0.023428577929735184,0.02006000466644764,0.0622628778219223,0.11532913893461227,0.12802137434482574,0.0,0.21107730269432068,0.01194621343165636,0.014988698996603489,0.022401049733161926,0.055406633764505386,0.026854490861296654,0.0,0.005373492371290922,0.06127551943063736,0.0,0.17227259278297424,0.15041714906692505,0.009602254256606102,0.18352623283863068,0.007956142537295818,0.03768947720527649,0.1349533200263977,0.1310839056968689,0.1809520721435547,0.006326939910650253,0.2055807262659073,0.0726669505238533,0.1573869287967682,0.27813827991485596,0.006944522727280855,0.09880998730659485,0.038884032517671585,0.0,0.0,0.0691281110048294,0.08048922568559647,0.0,0.08588647842407227,0.04121660068631172,0.02576795592904091,0.04494374245405197,0.0,0.008527291007339954,0.01584879867732525,0.0,0.0008469080785289407,0.010808787308633327,0.01459582056850195,0.06107839569449425,0.0,0.07938622683286667,0.07127305120229721,0.45840224623680115,0.0,0.02777985855937004,0.02234884351491928,0.0,0.1329146921634674,0.03285251557826996,0.09323045611381531,0.07862264662981033,0.007787978742271662,0.023630408570170403,0.061732906848192215,0.007928564213216305,0.006182270124554634,0.1255365014076233,0.03183902055025101,0.0,0.06060675159096718,0.010506811551749706,0.11733022332191467,0.1551613211631775,0.004439146723598242,0.0,0.013141589239239693,0.14299990236759186,0.028393685817718506,0.6255789399147034,0.0,5.0346850912319496e-05,0.20645958185195923,0.05299355462193489,0.1558579057455063,0.1595890372991562,0.06577230989933014,0.0,0.03197803348302841,0.014911162666976452,0.20253297686576843,0.0,0.2976287007331848,0.0,0.013968568295240402,0.040758419781923294,0.1675497442483902,0.14673468470573425,0.16245588660240173,0.0,0.016629667952656746,0.028170114383101463,0.0,0.0,0.0,0.14817553758621216,0.0021456812974065542,0.18961313366889954,0.022666849195957184,0.29619619250297546,0.03278746083378792,0.003885700600221753,0.17491202056407928,0.036577340215444565,0.0057047163136303425,0.035736389458179474,0.0,0.0,0.7875959873199463,0.0,0.0,0.03749239072203636,0.0,0.0,0.0027269197162240744,0.05504535511136055,0.0,0.0,0.07935392111539841,0.0,0.0,0.0,0.0064694080501794815,0.07416373491287231,0.07770060747861862,0.001627018442377448,0.0,0.0,0.0,0.0,0.0,0.0,0.0,0.0,0.20329251885414124,0.004428229294717312,0.14875301718711853,0.05458753556013107,0.27650171518325806,0.0,0.0,0.0,0.02649068646132946,0.009257633239030838,0.0012153912102803588,0.0,0.0,0.0,0.0,0.0,0.09108389914035797,0.05303442105650902,0.0,0.0,0.4592975676059723,0.0,0.0,0.05891532450914383,0.01020884234458208,0.0,0.010843583382666111,0.0,0.0,0.251812219619751,0.04833570867776871,0.0,0.0,0.0,0.014360232278704643,0.0,0.0,0.08193369209766388,0.0,0.0031173222232609987,0.3018730878829956,0.0,0.0,0.0,0.0,0.0,0.14470119774341583,0.0007093696040101349,0.0698561742901802,0.00964678917080164,0.001129866810515523,0.02250737138092518,0.0,0.00558156194165349,0.0,0.0,0.024697814136743546,0.0,0.0,0.03776650130748749,0.0,0.0,0.0,0.0,0.005197620484977961,0.0,0.0,0.0,0.0,0.0,0.023986367508769035,0.0,0.05844441428780556,0.0,0.01154667604714632,0.17705297470092773,0.01636355184018612,0.005936773493885994,0.0,0.1412288099527359,0.0,0.0019714776426553726,0.0,0.07821359485387802,0.0,0.0,0.0,0.0025527155958116055,0.002951127476990223,0.0,0.0,0.0,0.02491241879761219,0.01520179770886898,0.0,0.0,0.1260489523410797,0.0,0.02795884571969509,0.07300243526697159,0.017371639609336853,0.0,0.0,0.03666332736611366,0.0,0.0011361336801201105,0.0,0.0,0.025533931329846382,0.0,0.0,0.23398885130882263,0.0,0.0,0.030289163812994957,0.2541055977344513,0.04182027280330658,0.0,0.0,0.0010904103983193636,0.0,0.0,0.01939484290778637,0.0,0.02286500670015812,0.0,0.0,0.02973630465567112,0.06387403607368469,0.0,0.0,0.0,0.132116436958313,0.007039465941488743,0.0296806450933218,0.2196304351091385,0.02736593782901764,0.0,0.0,0.0,0.03531166911125183,0.0,0.0,0.0,0.0,0.0,0.0,0.01802375353872776,0.029317660257220268,0.0,0.0,0.0,0.005553583614528179,0.009306278079748154,0.018967818468809128,0.0,0.0,0.009523746557533741,0.1260834038257599,0.02169039100408554,0.03646889701485634,0.024228710681200027,0.0,0.0013074410380795598,0.0,0.0,0.13915251195430756,0.03900668025016785,0.0,0.016959916800260544,0.0,0.0,0.41834530234336853,0.0,0.002172954147681594,0.0,0.0,0.0,0.0,0.0251685231924057,0.025229649618268013,0.0,0.008475367911159992,0.0,0.0,0.19503438472747803,0.0,0.0,0.0,0.012044069357216358,0.007620195858180523,0.0011569863418117166,0.0,0.08445679396390915,0.0,0.0,0.029184574261307716,0.0,0.0,0.0008126824977807701,0.0038638103287667036,0.002330759773030877,0.013007533736526966,0.2100766897201538,0.004878250416368246,0.01578841358423233,0.0,0.0,0.048267263919115067,0.0,0.024097271263599396,0.11455930769443512,0.037106867879629135,0.0,0.16328902542591095,0.04995916783809662,0.00618562800809741,0.0,0.04074842482805252,0.26602497696876526,0.0,0.02943936176598072,0.08169906586408615,0.0,0.0046219839714467525,0.013622221536934376,0.0,0.0,0.0,0.007756746839731932,0.06895776838064194,0.0,0.06117938086390495,0.0,0.09756428003311157,0.05429781973361969,0.10121206194162369,0.04088849201798439,0.0,0.0,0.0,0.00769092096015811,0.009578886441886425,0.0,0.0,0.18034744262695312,0.0057904948480427265,0.03528236597776413,0.0,0.0,0.0,0.0,0.0,0.03918895870447159,0.0,0.0,0.0,0.3535342514514923,0.011955573223531246,0.033260587602853775,0.0,0.1950526237487793,0.0,0.0,0.010880759917199612,0.02580397203564644,0.032452262938022614,0.08033443242311478,0.0,0.0,0.0,0.0,0.0,0.0,0.0019095841562375426,0.005770726129412651,0.0,0.009849511086940765,0.0,0.0434926301240921,0.03126081824302673,0.01959615759551525,0.0,0.0,0.00044725180487148464,0.0,0.0,0.005138452164828777,0.0,0.0,0.0,0.0,0.12988820672035217,0.02120320498943329,0.0,0.0,0.0,0.0,0.049083493649959564,0.0,0.0,0.012962006032466888,0.0,0.0,0.014818564988672733,0.0,0.0,0.10401254892349243,0.004003767389804125,0.12321758270263672,0.036799341440200806,0.0,0.22628210484981537,0.0023901008535176516,0.11941899359226227,0.0,0.014427611604332924,0.12194742262363434,0.0014268684899434447,0.03306882455945015,0.08975673466920853,0.0,0.03424321487545967,0.0,0.0,0.0,0.0,0.0,0.0,0.04296628013253212,0.0,0.05684029683470726,0.0,0.0,0.0,0.15421780943870544,0.016838956624269485,0.0,0.0,0.0,0.0563439279794693,0.08862695842981339,0.0017557734390720725,0.01012105867266655,0.07481929659843445,0.07070338726043701,0.0,0.0,0.0047508906573057175,0.04247084632515907,0.0,0.0,0.39159655570983887,0.08462560921907425,0.025813760235905647,0.0,0.00897913333028555,0.0,0.10688993334770203,0.005368375685065985,0.0,0.010262510739266872,0.0,0.004568044096231461,0.21294376254081726,0.1309531331062317,0.04797805845737457,0.0,0.020408375188708305,0.08211216330528259,0.0,0.0,0.007455345243215561,0.08043479919433594,0.0,0.009037033654749393,0.0,0.10661591589450836,0.0,0.24372674524784088,0.0,0.0,0.00012107551447115839,0.24155665934085846,0.07047069817781448,0.0,0.043469298630952835,0.5581558346748352,0.0,0.034446243196725845,0.0,0.012281329371035099,0.0,0.0,0.0,0.017003677785396576,0.2528422176837921,0.0,0.16329912841320038,0.0,0.0,0.02606612630188465,0.008768703788518906,0.0,0.013624110259115696,0.0013570892624557018,0.0,0.2806360125541687,0.07663819938898087,0.0,0.0,0.010709741152822971,0.08611263334751129,0.0,0.3942161500453949,0.0,0.0,0.0,0.06195304915308952,0.0027411002665758133,0.10385502129793167,0.11073079705238342,0.07668668031692505,0.18234312534332275,0.02914285846054554,0.0,0.009722783230245113,0.026813296601176262,0.028797529637813568,0.015838393941521645,0.0,0.0,0.170905202627182,0.006477728020399809,0.041899509727954865,0.0,0.022592049092054367,0.06771824508905411,0.2679498791694641,0.0019481527851894498,0.03629333898425102,0.04577970504760742,0.04472624883055687,0.0,0.0,0.0,0.08069287985563278,0.0,0.0,0.18067415058612823,0.03092918172478676,0.033854350447654724,0.0,0.027057742699980736,0.0,0.0,0.024210527539253235,0.13821764290332794,0.06162751093506813,0.0,0.14614875614643097,0.0,0.0,0.0,0.00462466012686491,0.058806389570236206,0.23499630391597748,0.021761715412139893,0.14620453119277954,0.0517653189599514,0.0,0.0,0.004001906141638756,0.0,0.0,0.003615505760535598,0.005055048502981663,0.0,0.0,0.05626429244875908,0.1930825263261795,0.0,0.0,0.02732626162469387,0.014596512541174889,0.0,0.2637985348701477,0.0,0.00043399061542004347,0.04249245673418045,0.03893611580133438,0.0,0.056590963155031204,0.015051048249006271,0.2981189787387848,0.0,0.002638530684635043,0.5166222453117371,0.0,0.02614673599600792,0.0032048397697508335,0.0,0.0,0.0,0.03453360125422478,0.03745383769273758,0.0,0.14236730337142944,0.0,0.0,0.0,0.0,0.0,0.010376405902206898,0.0,0.008103461004793644,0.0,0.007056770380586386,0.0019306421745568514,0.0,0.3230278789997101,0.0,0.0,0.0,0.0,0.0,0.003257861128076911,0.6184797883033752,0.07293779402971268,0.005309214815497398,0.011336108669638634,0.050684232264757156,0.0003358233079779893,0.00516360392794013,0.0,0.2271125167608261,0.021552767604589462,0.06690070778131485,0.00596276530995965,0.014462240040302277,0.013206848874688148,0.014340695925056934,0.16199049353599548,0.0,0.021864118054509163,0.0,0.13146311044692993,0.03549540415406227,0.10746251046657562,0.008739530108869076,0.04339643940329552,0.036733344197273254,0.0,0.4968210458755493,0.0,0.0,0.030671309679746628,0.011152434162795544,0.10616214573383331,0.0,0.007003949489444494,0.0,0.09951287508010864,0.1319330781698227,0.0,0.08789066970348358,0.03562336042523384,0.09918887168169022,0.0,0.02390885353088379,0.33986523747444153,0.0007470881682820618,0.1802729368209839,0.07239804416894913,0.1398105025291443,0.06740471720695496,0.025926699861884117,0.11779635399580002,0.11665412783622742,0.02410277910530567,0.1954762041568756,0.0,0.0,0.4003278613090515,0.03230474516749382,0.0,0.030003929510712624,0.0,0.0,0.09819343686103821,0.002366888802498579,0.006028599571436644,0.0,0.0,0.0,0.0,0.2255949079990387,0.07285458594560623,0.0,0.0011825240217149258,0.023280657827854156,0.0,0.0,0.07829733937978745,0.0,0.12123718112707138,0.0,0.13204461336135864,0.0,0.017539434134960175,0.061067480593919754,0.0,0.02909194864332676,0.0,0.04332122951745987,0.17820775508880615,0.0,0.09755605459213257,0.026269126683473587,0.06697866320610046,0.0,0.13939374685287476,0.021679893136024475,0.023747684434056282,0.0,0.24255239963531494,0.0,0.0,0.0001718884741421789,0.5345446467399597,0.15362423658370972,0.0,0.037313029170036316,0.3924363851547241,0.0,0.011583772487938404,0.0,0.2548803389072418,0.0,0.06012347340583801,0.0,0.0,0.0,0.0,0.09327108412981033,0.004203353077173233,0.0,0.1177937239408493,0.05002748966217041,0.0,0.005461780820041895,0.26111993193626404,0.0,0.011739980429410934,0.005964216776192188,0.02735971286892891,0.05982512980699539,0.04214603453874588,0.015634305775165558,0.0902879536151886,0.0,0.001774320611730218,0.2975127398967743,0.0,0.0,0.0,0.08826246112585068,0.05400936305522919,0.0,0.10385086387395859,0.0,0.0,0.3306731879711151,4.2003393900813535e-06,0.0,0.027416998520493507,0.0,0.0,0.014346879906952381,0.482873797416687,0.0036211758852005005,0.0,0.3033573031425476,0.05852440372109413,0.01485870499163866,0.1422422081232071,0.002253006212413311,0.050049200654029846,0.054984141141176224,0.0,0.0,0.0,0.05170358717441559,0.0,0.0,0.014097852632403374,0.08394421637058258,0.07321655005216599,0.0,0.18146783113479614,0.0,0.044553402811288834,0.01197262853384018,0.0,0.2088679075241089,0.0033554022666066885,0.007461256347596645,0.11569631844758987,0.008181817829608917,0.0,0.12394602596759796,0.04976613447070122,0.009088040329515934,0.013690833933651447,0.4225292503833771,0.07616893947124481,0.04504292458295822,0.0,0.036383047699928284,0.1711329221725464,0.03218735381960869,0.12041905522346497,0.0,0.06159116327762604,0.0019504153169691563,0.042737122625112534,0.04560765251517296,0.07510247081518173,0.3800991177558899,0.020874906331300735,0.39487549662590027,0.0,0.012594800442457199,0.03214685618877411,0.23692220449447632,0.15030960738658905,0.1499580442905426,0.12469255179166794,0.0,0.02040727064013481,0.020501211285591125,0.0070870304480195045,0.0,0.04504045471549034,0.019317535683512688,0.0,0.0,0.0063470774330198765,0.0,0.14751321077346802,0.0,0.0,0.11691819131374359,0.038813516497612,0.3185364007949829,0.0,0.0,0.01412657368928194,0.0,0.0,0.0,0.4677196145057678,0.0,0.0,0.0,0.0,0.19319860637187958,0.0,0.0,0.0,0.04335198551416397,0.009560415521264076,0.017810998484492302,0.29470813274383545,0.3502764403820038,0.0,0.011201304383575916,0.0,0.044686686247587204,0.0,0.0,0.0,0.0,0.06312231719493866,0.0,0.0,0.0,0.00973525084555149,0.024778222665190697,0.2202978879213333,0.16337108612060547,0.0,0.0,0.0,0.0,0.0,0.3285391926765442,0.02500012144446373,0.27998656034469604,0.0,0.06840990483760834,0.005164491478353739,0.0099884532392025,0.0,0.038198161870241165,0.0,0.05728327855467796,0.0015138164162635803,0.013697493821382523,0.021977834403514862,0.0,0.003450703574344516,0.0,0.06452980637550354,0.0,0.07788298279047012,0.03168751299381256,0.0,0.0,0.0,0.0,0.0,1.0018877983093262,0.1971578150987625,0.0,0.0,0.02578597515821457,0.0,0.005526314955204725,0.04727578163146973,0.10242316871881485,0.0,0.0,0.5502579808235168,0.0,0.0,0.0,0.001900730188935995,0.0,0.0,0.0,0.0,0.0,0.0,0.0,0.5818024277687073,0.026505334302783012,0.0,0.06943783164024353,0.0,0.02496997080743313,0.00782820489257574,0.0,0.0,0.0,0.004893705248832703,0.23199856281280518,0.02255076915025711,1.3581010103225708,0.0,0.003913278691470623,0.0,0.0,0.0,0.01496809720993042,2.3023905754089355,0.021617891266942024,0.0,0.0,0.03799206763505936,0.00453621381893754,0.0,0.0,0.01738404668867588,0.0,0.0,0.4564485251903534,0.0,0.010587568394839764,0.03715480491518974,0.0,0.0,0.0,0.07069959491491318,0.2476976215839386,0.03535518795251846,0.0,0.16028286516666412,0.0,0.0,0.0,0.0,0.0,0.11723525822162628,0.00736335851252079,0.02554299868643284,0.0,0.0,0.170927956700325,0.015613207593560219,0.014461388811469078,0.032807815819978714,0.5429568290710449,0.0,0.014206293039023876,0.17450328171253204,0.0,0.013370145112276077,0.0,0.0,0.0,0.06285390257835388,0.0,0.0004187643644399941,0.0,0.0,0.0,0.00747744319960475,0.0,0.10541482269763947,0.03960258141160011,1.091692328453064,0.0,0.027151763439178467,0.0,0.00638057105243206,0.0610356330871582,0.0,0.03597747161984444,0.0,0.0,0.38300955295562744,0.0,0.026085756719112396,0.0,0.0,0.0,0.0,0.04116740822792053,0.0041828034445643425,0.0,0.0004076343902852386,0.0,0.0,0.0,0.0014882683753967285,0.0,0.0,0.0,0.0,0.001234674477018416,0.008182371035218239,0.22475412487983704,0.0,0.07698815315961838,0.0,0.0,0.0,0.0,0.0,0.06317779421806335,0.0,0.005196941085159779,0.0348396934568882,0.002025132067501545,0.0,0.0,0.03592357411980629,0.03994514048099518,0.0,0.11455164849758148,0.009421193972229958,0.0,0.014302484691143036,0.0,0.021062981337308884,0.0,0.015595094300806522,0.0,0.0,0.0,0.029824675992131233,0.0,0.0,0.0,0.029165558516979218,0.0008251106482930481,0.0,0.3115955591201782,0.08571089059114456,0.0,0.0,0.0,0.001473110867664218,0.05437544360756874,0.0,0.01384098082780838,0.10797024518251419,0.023513169959187508,0.0,0.025229284539818764,0.0,0.03936872258782387,0.0,0.0,0.0,0.045263729989528656,0.20871280133724213,0.04077121615409851,0.0,0.013348459266126156,0.21917927265167236,0.005121088121086359,0.01632712222635746,0.0,0.28931379318237305,0.09519077092409134,0.042533230036497116,0.030702218413352966,0.0,0.0,0.9231170415878296,0.5058799982070923,0.09775495529174805,0.0,0.0,0.0,0.0,0.0,0.0037433092948049307,0.0,0.5554365515708923,0.0026765442453324795,0.1366448998451233,0.0,0.0,0.0,0.01729656755924225,0.06362289935350418,0.0,0.0,0.07854676991701126,0.21805104613304138,0.0,0.009310167282819748,0.3779110014438629,0.01330716535449028,0.3816232681274414,0.06017523258924484,0.0059505365788936615,0.31679120659828186,0.04186128079891205,0.05302456393837929,0.0,0.3493456542491913,0.024179372936487198,0.0,0.0,0.007935421541333199,0.0,0.0,0.12468980997800827,0.0,0.0,0.24418456852436066,0.01516137644648552,0.0,0.0,0.06361845135688782,0.008964098058640957,0.002253506099805236,0.0,0.0,0.0011328787077218294,0.10032690316438675,0.026493873447179794,0.0,0.0,0.10930360853672028,0.0,0.0,0.009882497601211071,0.0,0.0,0.0,0.0,0.0,0.2853166162967682,0.0,0.0,0.02718154340982437,0.0,0.13749441504478455,0.0,0.0,0.0052946521900594234,0.0,0.06853394210338593,0.0067116315476596355,0.0,0.0,0.0,0.0,0.0,0.0,0.0,0.0,0.0,0.0,0.0,0.030230605974793434,0.0,0.003981764428317547,0.0010787862120196223,0.07204141467809677,0.007451733574271202,0.025531494989991188,0.014996187761425972,0.07019856572151184,0.0,0.03605807200074196,0.0,0.12094274163246155,0.002366582164540887,0.037758927792310715,0.08979382365942001,0.11158579587936401,0.0,0.0,0.0,0.01377878524363041,0.01049599889665842,0.2988700866699219,0.03160800412297249,0.014709001407027245,0.0,0.03261593356728554,0.06000411882996559,0.04105423763394356,0.0,0.02556731179356575,0.0,0.0,0.08035033941268921,0.11399023979902267,0.0,0.004477683454751968,0.0,0.023393549025058746,0.018693430349230766,0.07279039174318314,0.044217467308044434,0.0,0.0,0.1674303114414215,0.10745749622583389,0.01242076139897108,0.0013908791588619351,0.0,0.011497173458337784,0.0,0.6271374821662903,0.01216260064393282,0.04374535009264946,0.0,0.1438826024532318,0.06717503815889359,0.036034535616636276,0.0,0.07142891734838486,0.00353302713483572,0.0,0.23541565239429474,0.25860023498535156,0.0008952307980507612,0.09631103277206421,0.004021205939352512,0.7481122016906738,0.0,0.0,0.0,0.007254340685904026,0.019312364980578423,0.00924073439091444,0.0,0.0,0.019965799525380135,0.010513713583350182,0.21294909715652466,0.0,0.10046645998954773,0.0,0.00497216684743762,0.013810881413519382,0.10987619310617447,0.27587464451789856,0.0,0.03635793179273605,0.10101419687271118,0.002245203824713826,0.041548147797584534,0.0064814710058271885,0.0,0.0,0.08755306899547577,0.04595957323908806,0.0,0.0,0.026373103260993958,0.19411520659923553,0.013241194188594818,0.0,0.002485030796378851,0.0682220384478569,0.11243711411952972,0.0069469367153942585,0.0,0.0,0.027243733406066895,0.0,0.0,0.020326513797044754,0.11668901145458221,0.002805957803502679,0.06939323246479034,0.006927432958036661,0.07297921925783157,0.7006757855415344,0.05315122753381729,0.04700617492198944,0.0051676128059625626,0.07958555966615677,0.009594390168786049,0.0,0.0,0.0006811380153521895,0.02793259173631668,0.028618447482585907,0.061182137578725815,0.004755826201289892,0.028834927827119827,0.0012399733532220125,0.4405638575553894,0.16819100081920624,0.0,0.05051110312342644,0.004369707312434912,0.17893101274967194,0.30419299006462097,0.0484093576669693,0.036397647112607956,0.5960407853126526,0.020938925445079803,0.7607704401016235,0.07001431286334991,0.003083133604377508,0.0,0.0,0.09615840017795563,0.0,0.05850732699036598,0.0,0.0,0.032634176313877106,0.0,0.033016301691532135,1.383691668510437,0.13745136559009552,0.018176812678575516,0.0,0.05478660762310028,0.0,0.05014337599277496,0.026069017127156258,0.010197021998465061,0.0,0.4021112024784088,0.033148590475320816,0.04134033992886543,0.03447207808494568,0.0,0.0,0.06407996267080307,0.0,0.09124435484409332,0.07858270406723022,0.0,0.21804115176200867,0.0,0.048960521817207336,0.0,0.007905232720077038,0.0,0.0,0.6593742966651917,0.4121858477592468,0.0014760899357497692,0.06697304546833038,0.19904641807079315,0.029420586302876472,0.24638782441616058,0.006623094901442528,0.017468471080064774,0.015029365196824074,0.0,0.0,0.0,0.02016216702759266,0.0,0.05611024796962738,0.0,0.057580843567848206,0.09864125400781631,0.01648496650159359,0.0,0.07408154755830765,0.03509568050503731,0.029839040711522102,0.18870092928409576,0.011248452588915825,0.0,0.13865768909454346,0.0,0.007117347791790962,0.08559826761484146,0.0,0.047340277582407,0.005424294620752335,0.0,0.0012853622902184725,0.42259231209754944,0.0,0.08602077513933182,0.02562057040631771,0.0,0.0,0.0,0.01630531996488571,0.0,0.0,0.026929937303066254,0.0056451247073709965,0.02512219361960888,0.0,0.005313343834131956,0.0,0.773211658000946,0.10277795791625977,0.01221791747957468,0.1885770559310913,0.10542453080415726,0.004081390332430601,0.00988891813904047,0.0,0.026660358533263206,0.0,0.01248355396091938,0.061853084713220596,0.0008920287946239114,0.0013207995798438787,0.0,0.0,0.0,0.004033851437270641,0.0,0.1087985634803772,0.0443631112575531,0.029609842225909233,0.027563054114580154,0.10539668798446655,0.07745867967605591,0.03382216393947601,0.15693482756614685,0.03875470161437988,0.0,0.0968484953045845,0.004687222186475992,0.0043001435697078705,0.0007338201976381242,0.03646882623434067,0.0060111153870821,0.00838434137403965,0.07197697460651398,0.2135823369026184,0.0,0.0,0.00247114896774292,0.043040018528699875,0.0,0.0008234953857026994,0.04143644869327545,0.004713053815066814,0.0,0.048036087304353714,0.007480794098228216,0.009719994850456715,0.023749297484755516,0.0,0.0,0.0016926574753597379,0.0,0.016949279233813286,0.21100935339927673,0.026744704693555832,0.43171223998069763,0.027562033385038376,0.03254776820540428,0.25686246156692505,2.1742582248407416e-05,0.022769248113036156,0.0,0.0,0.005830550100654364,0.0011866342974826694,0.10651116073131561,0.4583662450313568,0.0002841043460648507,0.008009109646081924,0.00028893828857690096,0.0,0.014735864475369453,0.0,0.00113234284799546,0.0,0.0,0.42642876505851746,0.0,0.0032418537884950638,0.0,0.0,0.2036648988723755,0.015379004180431366,0.0,0.0,0.0,0.21594856679439545,0.007024390622973442,0.047378044575452805,0.0,0.0,0.014532741159200668,0.03832073137164116,0.001075990148819983,0.0,0.07812445610761642,0.014035501517355442,0.020629730075597763,0.02089618146419525,0.0,0.0,0.06183778867125511,0.0,0.043904513120651245,0.002548494376242161,0.0,0.021395178511738777,0.06023053824901581,0.07905789464712143,0.0,0.028921078890562057,0.11180296540260315,0.04077541455626488,0.0,0.06608954071998596,0.6052731871604919,0.008580498397350311,0.27172955870628357,0.062377508729696274,0.1763870120048523,0.02024211920797825,0.39585548639297485,0.0,0.0021850825287401676,0.0,0.04331299662590027,0.02272045612335205,0.012950596399605274,0.0,0.020561005920171738,0.0,0.04685208201408386,0.006126606371253729,0.06561147421598434,0.0045493608340620995,0.4705860912799835,0.02212507277727127,0.05275128781795502,0.007960186339914799,0.0,0.05255339294672012,0.00940093956887722,0.03874189779162407,0.025546550750732422,0.0,0.00440237857401371,0.008657239377498627,0.0,0.010456588119268417,0.0600525364279747,0.0,0.009485769085586071,0.010795002803206444,0.024704499170184135,0.01791364699602127,0.02276090532541275,0.0,5.7275890867458656e-05,0.0,0.11898074299097061,0.06813815236091614,0.7719877362251282,0.0,0.0,0.0,0.0,0.0,0.08053979277610779,0.0,0.0,0.0,0.0,0.0,0.010456942021846771,0.18198981881141663,0.0,0.0,0.20529720187187195,0.03549867495894432,0.2392490953207016,0.051459670066833496,0.05966688320040703,0.0,0.16880306601524353,0.0,0.0,0.01260549109429121,0.001417576102539897,0.006374971941113472,0.0,0.33569708466529846,0.0,0.0,0.12351598590612411,0.0,0.002761363983154297,0.0,0.0,0.0,0.0,0.009153774939477444,0.046712931245565414,0.013585669919848442,0.0,0.0,0.007311335764825344,0.019147641956806183,0.0,0.0,0.16807997226715088,0.011502369306981564,0.10744564235210419,0.0753643661737442,0.0,0.03169310465455055,0.0,0.0,0.0,0.14628061652183533,0.0,0.0,0.05629931390285492,0.0,0.0067484439350664616,0.0,0.0,0.025420812889933586,0.0,0.0,0.0,0.0,0.0,0.0,0.005605440121144056,0.008443165570497513,0.011394082568585873,0.5130330920219421,0.0,0.007270610425621271,0.020069260150194168,0.0,0.0003398728440515697,0.23685160279273987,0.0,0.05977834761142731,0.37068676948547363,0.0,0.0003632521547842771,0.0290423221886158,0.0,0.0,0.0,0.0,0.3787902593612671,0.0,0.0,0.0,0.0,0.0,0.4309620261192322,0.09318222105503082,0.006549656391143799,0.0,0.003003668738529086,0.09855703264474869,0.3185971677303314,0.0,0.0,0.006269209552556276,0.0,0.0,0.0,0.0,0.0,0.01983926072716713,0.0,0.0,0.0,0.000619885919149965,0.2782694697380066,0.0,0.029871458187699318,0.03468596935272217,0.009502110071480274,0.0,0.2324880063533783,0.13403049111366272,0.0028907053638249636,0.1388414055109024,0.0005134200910106301,0.0,0.0,0.008893389254808426,0.05764131620526314,0.0,0.0,0.03761321306228638,0.0,0.020047931000590324,0.03898195922374725,0.004471979103982449,0.0,0.0,0.0002224099589511752,0.15504032373428345,0.013029882684350014,0.011489097028970718,0.03729017823934555,0.0,0.06589459627866745,0.031195558607578278,0.07821796834468842,0.03790028393268585,0.0,0.0,0.004621369764208794,0.06071266159415245,0.0,0.0,0.028088560327887535,0.0,0.017851587384939194,0.0,0.0,0.0,0.0,0.004918497987091541,0.005006616003811359,0.0009814472869038582,0.0,0.0,0.06159529834985733,0.07112794369459152,0.07275117933750153,0.00669619906693697,0.012774339877068996,0.002467842074111104,0.0,0.0,0.237165167927742,0.0,0.07487140595912933,0.057753611356019974,0.004714365117251873,0.0014782142825424671,0.38848185539245605,0.0,0.039612237364053726,0.0
0.0,0.00475567439571023,0.3687645196914673,0.0,0.0,0.0,0.03283977136015892,0.014116468839347363,0.0,0.06071935594081879,0.0,0.04708494246006012,0.03551676124334335,0.2894081175327301,0.1387164294719696,0.16052022576332092,0.004974501207470894,0.02451336942613125,0.0,0.2436748445034027,0.03999078646302223,0.0,0.037846293300390244,0.2024368792772293,0.06782692670822144,0.11635272949934006,0.0,0.005667787976562977,0.0,0.0014687717193737626,0.44040927290916443,0.10439645498991013,0.0,0.0,0.23994997143745422,0.16340357065200806,0.0,0.04889019578695297,0.0,0.06882688403129578,0.3976702094078064,0.0,0.011395993642508984,0.11991912871599197,0.5075651407241821,0.01077963039278984,0.038208384066820145,0.0,0.23252399265766144,0.0,0.0,0.15085603296756744,0.013137626461684704,0.1462591588497162,0.07088024914264679,0.0,0.0,0.0,0.0823947936296463,0.019612645730376244,0.00023582339053973556,0.46127691864967346,0.12054751068353653,0.0,0.007687197998166084,0.3507465422153473,0.09543722122907639,0.019654404371976852,0.03910999000072479,0.0,0.19066932797431946,0.01084509864449501,0.011054567992687225,0.08177535235881805,0.02398541383445263,0.1260693222284317,0.37959206104278564,0.0,0.15777398645877838,0.43711891770362854,0.0,0.09318715333938599,0.0,0.15670564770698547,0.0036507986951619387,0.24345581233501434,0.0316803939640522,0.0012495279079303145,0.0,0.022837961092591286,0.01908145658671856,0.014996285550296307,0.19222491979599,0.4872654974460602,0.007213628385215998,0.15900501608848572,0.03724537044763565,0.0010011958656832576,0.0017970710759982467,0.0,0.017188215628266335,0.0345582440495491,0.1077301949262619,0.013456945307552814,0.09694398939609528,0.0052724312990903854,0.021780960261821747,0.0,0.0,0.003261504229158163,0.0406278595328331,0.01981738582253456,0.003179500112310052,0.1644780933856964,0.009438436478376389,0.4113008975982666,0.0,0.0925101563334465,0.0,0.1666460931301117,0.008927945978939533,0.0047081089578568935,0.3209291696548462,0.030043330043554306,0.0,0.0,0.22746120393276215,0.030295100063085556,0.11924982070922852,0.003405592404305935,0.1360834240913391,0.0,0.043001994490623474,0.015577421523630619,0.05987710505723953,0.06626037508249283,0.011758015491068363,0.0,0.009448685683310032,0.0,0.1031530573964119,0.023448320105671883,0.0,0.02793678268790245,0.2076684832572937,0.0,0.025533700361847878,0.2904284596443176,0.0,0.05598639324307442,0.06686472147703171,0.0,0.0821642279624939,0.07595565170049667,0.0,0.04776224493980408,0.005490377079695463,0.058637239038944244,0.1506122648715973,0.08336792886257172,0.0018567973747849464,0.020255716517567635,0.017941484227776527,0.39509081840515137,0.08987526595592499,0.0,0.25231486558914185,0.0,0.13674795627593994,0.3679272532463074,0.11728949844837189,0.02244616486132145,0.05157697573304176,0.23328976333141327,0.056357402354478836,0.039903346449136734,0.5767105221748352,0.01829669438302517,0.0,0.288674920797348,0.0,0.009219947271049023,0.03587020933628082,0.02109568566083908,0.008489596657454967,0.27064937353134155,0.1885092705488205,0.051681920886039734,0.06827941536903381,0.3621785342693329,0.02970767207443714,0.06369423866271973,0.0,0.00430670753121376,0.030826570466160774,0.04326143115758896,0.03263676166534424,0.0197888370603323,0.29552996158599854,0.0,0.1599467545747757,0.013193434104323387,0.0,0.1460079699754715,0.0036737965419888496,0.009374461136758327,0.022634826600551605,0.02994856797158718,0.050668492913246155,0.13609866797924042,0.12110912054777145,0.0,0.22086219489574432,0.0,0.025869742035865784,0.015044097788631916,0.05826207250356674,0.02232302725315094,0.0,0.012104497291147709,0.04946238547563553,0.021901803091168404,0.1825477033853531,0.1452508568763733,0.0,0.18133202195167542,0.006226992700248957,0.04164629429578781,0.13189467787742615,0.16760146617889404,0.21096466481685638,0.0,0.18991097807884216,0.06666702032089233,0.13581570982933044,0.3137929439544678,0.007658691611140966,0.09306617826223373,0.04145973175764084,0.0008794784662313759,0.0,0.07864208519458771,0.07075126469135284,0.0,0.07913294434547424,0.05266490578651428,0.037344012409448624,0.048565302044153214,0.0,0.015962880104780197,0.013499397784471512,0.0011291289702057838,0.0036852764897048473,0.009548292495310307,0.006592159159481525,0.10245329141616821,0.0,0.08107257634401321,0.10000266879796982,0.4470919370651245,0.0,0.007469756528735161,0.037801895290613174,0.0,0.11884063482284546,0.03457986190915108,0.10314974933862686,0.08347511291503906,0.00693886261433363,0.030744051560759544,0.07142060995101929,0.0,0.0070243882946670055,0.13167601823806763,0.020573733374476433,0.0,0.06482288241386414,0.016081195324659348,0.13872547447681427,0.17618703842163086,0.01611575298011303,0.0,0.005276870913803577,0.12941139936447144,0.039902154356241226,0.6452475786209106,0.0,0.00409901374951005,0.17284943163394928,0.040541086345911026,0.15623123943805695,0.15815429389476776,0.06316015124320984,0.00172240671236068,0.0675201565027237,0.01762608252465725,0.22442376613616943,0.0,0.3022710680961609,0.0,0.02374470978975296,0.05300017446279526,0.15641915798187256,0.17149829864501953,0.1713952273130417,0.00458980817347765,0.022977406159043312,0.029550405219197273,0.0,0.0,0.0,0.17344513535499573,0.012374438345432281,0.21255645155906677,0.03087872453033924,0.28856825828552246,0.036148712038993835,0.0,0.17033980786800385,0.040350306779146194,0.0034201922826468945,0.02099543623626232,0.0,0.0,0.8216832876205444,0.0,0.0,0.02381845936179161,0.0,0.0,0.0002877402293961495,0.05689537152647972,0.0,0.0,0.05231643095612526,0.0,0.0,0.0,0.013348578475415707,0.07685749977827072,0.0990363284945488,0.0,0.0,0.0001970267330761999,0.0,0.0,0.0,0.0,0.0,0.0,0.21551212668418884,0.0,0.12817469239234924,0.04182744026184082,0.31849509477615356,0.0,0.0,0.0,0.04291316121816635,0.011084160767495632,0.005163000896573067,0.0,0.0,0.0,0.0,0.005393651779741049,0.08000471442937851,0.06387752294540405,0.0,0.0,0.5159284472465515,0.0,0.0,0.07858219742774963,0.007494346704334021,0.0,0.01212394516915083,0.0,0.0012305584968999028,0.20198410749435425,0.09147646278142929,0.0,0.0,0.00898691639304161,0.01598343998193741,0.0,0.0,0.06944990158081055,0.0,0.0,0.27913129329681396,0.0,0.0,0.0,0.0,0.0,0.16729575395584106,0.0,0.10869063436985016,0.012053541839122772,0.017220789566636086,0.015625925734639168,0.0,0.00211385078728199,0.0,0.0,0.01959528774023056,0.0,0.0,0.04595165699720383,0.0,0.0,0.0,0.0,0.007580387406051159,0.0,0.0,0.0,0.0,0.0,0.0278610922396183,0.0,0.04536241665482521,0.0,0.007731306366622448,0.15140241384506226,0.009240126237273216,0.008142880164086819,0.0,0.1718275099992752,0.0,0.0,0.0,0.08714818954467773,0.0,0.0,0.0,0.003933204337954521,0.0,0.000173498090589419,0.0,0.0,0.014836755581200123,0.024291060864925385,0.0,0.0,0.1413024514913559,0.0,0.044104307889938354,0.0053656925447285175,0.013967293314635754,0.0,0.0,0.02162030152976513,0.0,0.013677382841706276,0.0,0.0,0.025435395538806915,0.0,0.0,0.2497175633907318,0.0,0.0,0.050362925976514816,0.24933896958827972,0.06471950560808182,0.0,0.0,0.0008311188430525362,0.0,0.0,0.015196052379906178,0.0,0.01510311383754015,0.0,0.0,0.051100388169288635,0.07099387794733047,0.0,0.0,0.0,0.17014434933662415,0.004912477917969227,0.058824796229600906,0.2867366373538971,0.012106683105230331,0.0,0.0,0.0,0.031278096139431,0.0,0.0,0.0,0.0,0.0,0.0,0.030533593147993088,0.016626719385385513,0.0,0.0,0.0,0.009473307058215141,0.015321600250899792,0.02815520577132702,0.0,0.0,0.00045115305692888796,0.12105615437030792,0.013437440618872643,0.030745232477784157,0.029720773920416832,0.0,0.016293149441480637,0.0,0.0013981959782540798,0.1786418855190277,0.04303161799907684,0.0,0.015205531381070614,0.0,0.0,0.39296767115592957,0.0,0.0,0.0,0.0,0.0,0.0,0.005194616504013538,0.06908641010522842,0.0,0.0008939504623413086,0.0,0.0,0.20638445019721985,0.0,0.0,0.0,0.04590707644820213,0.01024358719587326,0.018202930688858032,0.0,0.10564851760864258,0.0,0.0,0.032649386674165726,0.000600447179749608,0.012954454869031906,0.0,0.0,0.007879073731601238,0.004510717466473579,0.1550503671169281,0.0,0.014394974336028099,0.0,0.0,0.033278923481702805,0.0,0.020272912457585335,0.06301064789295197,0.035011399537324905,0.0,0.20217491686344147,0.039100468158721924,0.025832345709204674,0.0,0.06847423315048218,0.24550262093544006,0.0,0.03128582611680031,0.0628005862236023,0.0,0.00904126651585102,0.022529728710651398,0.0,0.0016096299514174461,0.0,0.023186391219496727,0.10010841488838196,0.0,0.07887834310531616,0.0,0.15001524984836578,0.03773586079478264,0.09994201362133026,0.049008771777153015,0.0,0.0,0.0,0.002361563965678215,0.01065328624099493,0.0,0.00980155449360609,0.1887589693069458,0.005895059090107679,0.051500774919986725,0.0,0.0,0.0,0.0,0.0,0.034313030540943146,0.0,0.0,0.0,0.4925268590450287,0.009310103952884674,0.0010416614823043346,0.0,0.14768418669700623,0.0,0.0,0.013507132418453693,0.07179506123065948,0.02324696071445942,0.04737646132707596,0.0,0.0,0.0,0.0,0.0,0.0,0.019698040559887886,0.011932012625038624,0.0,0.008433914743363857,0.0,0.04839890077710152,0.039250683039426804,0.020169470459222794,0.0,0.0,0.0050524878315627575,0.0,0.0,0.0034526349045336246,0.0,0.0,0.0,0.0,0.1351870894432068,0.022125432267785072,0.0,0.0,0.0,0.0,0.08608320355415344,0.0,0.0,0.0153252137824893,0.0,0.0,0.02944686822593212,0.0,0.0,0.09582988917827606,0.005879337899386883,0.13092884421348572,0.02159910835325718,0.0,0.21977554261684418,0.0004216573724988848,0.15502171218395233,0.024487711489200592,0.008022315800189972,0.16138552129268646,0.0007245084852911532,0.03558223322033882,0.053295765072107315,0.0,0.016382260248064995,0.006399035919457674,0.0,0.0,0.0,0.0,0.0,0.02993936836719513,0.0,0.07018785178661346,0.0,0.0,0.0,0.1213497519493103,0.002586201997473836,0.0,0.0,0.0,0.05527587980031967,0.08397918939590454,0.01124292891472578,0.0,0.03916413336992264,0.02578229270875454,0.0,0.0,0.0,0.02001575380563736,0.0,0.0,0.3490329384803772,0.07581481337547302,0.014032328501343727,0.0,0.017866039648652077,0.0,0.10662868618965149,0.0012848138576373458,0.0,0.001648985780775547,0.0,0.021852273494005203,0.23553666472434998,0.16613586246967316,0.035200729966163635,0.0,0.009320307523012161,0.0748930424451828,0.0,0.0,0.008248221129179,0.09470844268798828,0.0,0.02191152609884739,0.0,0.13201548159122467,0.003179385559633374,0.18218660354614258,0.0,0.0,0.00030859350226819515,0.2964138388633728,0.07839593291282654,0.002118941629305482,0.012345714494585991,0.5488539338111877,0.0,0.027973828837275505,0.0,0.0032314544077962637,0.0,0.0,0.0,0.020228689536452293,0.2565745413303375,0.0,0.11817370355129242,0.0,0.0,0.007512821350246668,0.007356667425483465,0.0,0.021678956225514412,0.0010190915782004595,0.0,0.31550103425979614,0.09308133274316788,0.0,0.0,0.00030511230579577386,0.11877342313528061,0.002293875440955162,0.4086458683013916,0.0,0.0,0.0028060697950422764,0.08791675418615341,0.0,0.10736847668886185,0.1289115846157074,0.06932370364665985,0.21463027596473694,0.015197217464447021,0.011949271894991398,0.0060044946148991585,0.020298156887292862,0.02427825890481472,0.009191950783133507,0.0,0.0,0.17297689616680145,0.018912410363554955,0.03772955760359764,0.0,0.012161033228039742,0.07315125316381454,0.32307136058807373,0.001518819946795702,0.05326114222407341,0.02734532579779625,0.046152468770742416,0.0,0.0,0.0,0.10876160860061646,0.0,0.01082689967006445,0.14126266539096832,0.043870870023965836,0.03178371116518974,0.0,0.019792675971984863,0.0,0.0,0.023292193189263344,0.07528891414403915,0.027134738862514496,0.0010796395363286138,0.17974023520946503,0.0,0.0,0.0,0.012915474362671375,0.07578165829181671,0.21164464950561523,0.029034776613116264,0.123786062002182,0.047278691083192825,0.0,0.0,0.0,0.0,0.0,0.0,0.008813286200165749,0.0,0.0,0.08726464956998825,0.19687630236148834,0.0010689187329262495,0.0,0.031575266271829605,0.018644321709871292,0.0,0.2534833252429962,0.0,0.0024458158295601606,0.02099042572081089,0.03732923045754433,0.0,0.05637599155306816,0.012003741227090359,0.28471532464027405,0.0,0.005733532831072807,0.5675423741340637,0.0,0.04591561481356621,0.004166243132203817,0.0,0.0,0.0,0.04431900382041931,0.03153001889586449,0.0,0.14808663725852966,0.0,0.0,0.009079827927052975,0.0,0.0027354538906365633,0.0038491464219987392,0.0,0.006853742524981499,0.008841917850077152,0.0,0.0011697625741362572,0.0,0.34014996886253357,0.0,0.0,0.0,0.0,0.0,0.0,0.6859342455863953,0.06078292801976204,0.011967334896326065,0.014434145763516426,0.06858543306589127,0.0,0.0,0.0,0.18870672583580017,0.02678465098142624,0.036070212721824646,0.013931567780673504,0.017741333693265915,0.018901197239756584,0.003544188803061843,0.14119534194469452,0.0,0.0013820016756653786,0.0,0.14307910203933716,0.021567167714238167,0.10656139999628067,0.014243828132748604,0.07241227477788925,0.04416966438293457,0.0,0.4572800397872925,0.0,0.0,0.06664449721574783,0.017423206940293312,0.08798223733901978,0.0,0.0030938941054046154,0.0,0.07483638823032379,0.15339812636375427,0.0,0.14308586716651917,0.02787178009748459,0.08073969930410385,0.0,0.029560767114162445,0.383807897567749,0.03763445466756821,0.18607860803604126,0.08680704236030579,0.18799088895320892,0.1073700338602066,0.03375265747308731,0.11147653311491013,0.13019733130931854,0.02370300143957138,0.17429234087467194,0.0,0.0,0.3772369623184204,0.021894922479987144,0.0,0.03824169933795929,0.0,0.024732964113354683,0.10378512740135193,0.0015126848593354225,0.0069626630283892155,0.0,0.0,0.004900316707789898,0.0,0.18459299206733704,0.0800940990447998,0.0,0.0,0.01589391380548477,0.0,0.0,0.07528959959745407,0.0,0.09282568842172623,0.0,0.1733674257993698,0.0019381141755729914,0.021784625947475433,0.05562005564570427,0.0,0.03587651625275612,0.0,0.04843664541840553,0.15565969049930573,0.0,0.08070185780525208,0.02792220748960972,0.11470355838537216,0.0,0.15396156907081604,0.019665854051709175,0.014746401458978653,0.0,0.2486221343278885,0.0,0.0,0.006357470527291298,0.5681231617927551,0.10365566611289978,0.0,0.015834784135222435,0.4236904978752136,0.005450716242194176,0.011723008006811142,0.0,0.27162760496139526,0.0,0.03298531845211983,0.0,0.0,0.0,0.0,0.07102450728416443,0.0,0.0,0.13469403982162476,0.014003566466271877,0.0,0.008848046883940697,0.29723164439201355,0.0,0.028671562671661377,0.004076388198882341,0.03484299033880234,0.03574105352163315,0.040591251105070114,0.01714576967060566,0.16698844730854034,0.0,0.03147713840007782,0.2895999252796173,0.0,0.0,0.02004127763211727,0.08514948934316635,0.06513724476099014,0.0,0.09622235596179962,0.0,0.0,0.38682517409324646,0.006189252249896526,0.0,0.006219326052814722,0.0,0.0,0.010095935314893723,0.4600074887275696,0.0,0.0,0.2867632508277893,0.06265180557966232,0.03837458789348602,0.12337595224380493,0.0,0.03989371657371521,0.012699051760137081,0.0,0.0,0.0,0.06471667438745499,0.0011990475468337536,0.0,0.0016699719708412886,0.07531959563493729,0.09961643069982529,0.0006145047955214977,0.21109361946582794,0.0,0.05113474279642105,0.0,0.0,0.22770854830741882,0.006229667458683252,0.0,0.11460252106189728,5.381703522289172e-05,0.0,0.13514424860477448,0.0375371128320694,0.00599650340154767,0.027814140543341637,0.3941114842891693,0.0669373944401741,0.04996296390891075,0.0,0.0512981116771698,0.19444695115089417,0.0427277572453022,0.1147397831082344,0.0,0.07015287131071091,0.0104607455432415,0.03917946293950081,0.03698316216468811,0.08243018388748169,0.41291266679763794,0.0,0.38219550251960754,0.0026324838399887085,0.004088158719241619,0.035193685442209244,0.3120725750923157,0.13256773352622986,0.1895754039287567,0.09741546958684921,0.0,0.019989382475614548,0.022885534912347794,0.0038133191410452127,0.0,0.03684462979435921,0.02968847006559372,0.0,0.0,0.002535016741603613,0.0,0.18864500522613525,0.0,0.0,0.0892355740070343,0.027485854923725128,0.26960206031799316,0.0,0.0,0.006602825131267309,0.0,0.0,0.0,0.45790350437164307,0.0,0.0014320297632366419,0.0,0.0,0.2047194540500641,0.0,0.0,0.0,0.08559959381818771,0.010225444100797176,0.007948608137667179,0.3073291480541229,0.37818005681037903,0.0,0.008106288500130177,0.0,0.024846548214554787,0.0,0.0,0.0,0.0,0.07116043567657471,0.005440168548375368,0.0,0.021568570286035538,0.012884284369647503,0.018638573586940765,0.10040643066167831,0.18868345022201538,0.0,0.00600508414208889,0.0,0.0032649445347487926,0.0,0.33113276958465576,0.008352100849151611,0.3003131151199341,0.0,0.05546404793858528,0.005681651644408703,0.014211457222700119,0.0,0.038161955773830414,0.0,0.0379122719168663,0.0017901649698615074,0.01721072755753994,0.026176782324910164,0.0,0.0018378138775005937,0.0,0.08637207001447678,0.0,0.07811238616704941,0.02613717131316662,0.0,0.0,0.0,0.0,0.0,0.9709656238555908,0.1065286174416542,0.0,0.0,0.009947926737368107,0.0,0.00839852076023817,0.04072690010070801,0.09202756732702255,0.0,0.0,0.485161691904068,0.0,0.0,0.0,0.011016113683581352,0.0,0.0,0.0,0.007751971483230591,0.0,0.0,0.0,0.5515748858451843,0.01141228899359703,0.0,0.04246080294251442,0.0,0.02406787872314453,0.009316685609519482,0.0,0.0,0.0034457289148122072,0.0,0.4204290807247162,0.020536251366138458,1.178045630455017,0.0,0.008788946084678173,0.0040552616119384766,0.0,0.0,0.018522515892982483,2.3185677528381348,0.012511207722127438,0.0,0.00030980707379058003,0.028824448585510254,0.007349206134676933,0.0,0.0,0.010528710670769215,0.0013880752958357334,0.0,0.5548919439315796,0.0,0.005537633318454027,0.007870519533753395,0.0,0.0,0.0,0.05281778424978256,0.23442205786705017,0.002320600673556328,0.0,0.12112848460674286,0.0,0.0,0.0,0.0,0.0,0.10870702564716339,0.0019950198475271463,0.014220844954252243,0.0,0.0,0.19160380959510803,0.011657455004751682,0.00440325727686286,0.045913420617580414,0.5364803075790405,0.0,0.022559627890586853,0.15908169746398926,0.0037446236237883568,0.00890158861875534,0.0,0.0,0.0,0.04725025221705437,0.0,0.0,0.0,0.0,0.0,0.022568779066205025,0.0,0.08816947042942047,0.029817096889019012,1.0480324029922485,0.0,0.0362340584397316,0.0,0.03207174688577652,0.08757124096155167,0.0,0.026341058313846588,0.0,0.0,0.4058212339878082,0.0,0.013337773270905018,0.0,0.0,0.0,0.0,0.05081159621477127,0.006801788695156574,0.0,0.009599171578884125,0.0,0.0,0.0,0.000580875261221081,0.012889210134744644,0.0,0.0,0.0,0.0,0.00276353070512414,0.21145568788051605,0.0,0.041765157133340836,0.0,0.0,0.0,0.016318880021572113,0.0,0.052661553025245667,0.0,0.0034412359818816185,0.018441280350089073,0.01289251446723938,0.0008455935167148709,0.0,0.041004523634910583,0.021536478772759438,0.0,0.07252144813537598,0.008160047233104706,0.0,0.00958664808422327,0.0,0.00866289995610714,0.0,0.013769017532467842,0.0,0.0,0.0,0.018552372232079506,0.0,0.0,0.0,0.02185566909611225,0.002215842716395855,0.0,0.2731911242008209,0.08025560528039932,0.0,0.0,0.0020799743942916393,0.0,0.11739295721054077,0.0,0.016544854268431664,0.15667179226875305,0.028642721474170685,0.0,0.016428614035248756,0.0,0.025940146297216415,0.0,0.0,0.0,0.02792072296142578,0.2203129529953003,0.023791396990418434,0.0,0.019489068537950516,0.3002108335494995,0.0026332521811127663,0.0,0.0,0.25599291920661926,0.08767138421535492,0.04087705537676811,0.024419140070676804,0.0,0.0,1.018919587135315,0.3747934401035309,0.09084334969520569,0.0,0.0,0.0,0.0,0.0,0.015811389312148094,0.0,0.685391366481781,0.0,0.12098138779401779,0.0,0.0,0.0,0.019094955176115036,0.08204324543476105,0.0,0.0,0.06618081033229828,0.19481828808784485,0.0,0.023335296660661697,0.4421480596065521,0.014281177893280983,0.4810948073863983,0.05922659486532211,0.006499955430626869,0.39867058396339417,0.05297042801976204,0.07075180858373642,0.0,0.33495739102363586,0.018954439088702202,0.0,0.0,0.006046422757208347,0.0,0.0,0.101922407746315,0.0,0.0016816986026242375,0.25867053866386414,0.00866073090583086,0.0,0.0,0.11404480040073395,0.008950747549533844,0.0017647421918809414,0.0,0.0,0.0,0.07258499413728714,0.05707678943872452,0.0,0.0,0.09376155585050583,8.411645831074566e-05,0.0,0.010003244504332542,0.0,0.0,0.0,0.003811242524534464,0.0,0.28953829407691956,0.0028362309094518423,0.0,0.024194130674004555,0.0,0.11977798491716385,0.0,0.0,0.0,0.0,0.07936661690473557,0.0,0.0,0.0,0.0,0.0,0.0,0.0,0.0,0.002963022096082568,0.0,0.0,0.0,0.023233462125062943,0.0,0.0027002168353646994,0.0,0.056917570531368256,0.011288207024335861,0.011617796495556831,0.009295136667788029,0.06236248090863228,0.0,0.0448637455701828,0.0,0.13791604340076447,0.005971704609692097,0.03730078414082527,0.08691076189279556,0.09865263849496841,0.0,0.0,0.0,0.007132897153496742,0.0,0.2762541174888611,0.04045625776052475,0.023312387987971306,0.0,0.033919140696525574,0.044486694037914276,0.0483953133225441,0.0,0.006604005116969347,0.0,0.0,0.10493877530097961,0.0890340730547905,0.0,0.015275324694812298,0.0,0.011226608417928219,0.011352777481079102,0.05520176887512207,0.040475841611623764,0.0,0.0,0.154222309589386,0.10590874403715134,0.01714392751455307,0.002735505113378167,0.0,0.010411820374429226,0.0,0.611725926399231,0.019636280834674835,0.03117997571825981,0.0,0.13489624857902527,0.10107122361660004,0.07702731341123581,0.0,0.07573799043893814,0.0,0.0,0.23001648485660553,0.3317199945449829,0.008423750288784504,0.0887066051363945,0.00960398931056261,0.7566978931427002,0.0,0.007891397923231125,0.0,0.012399513274431229,0.008944332599639893,0.0,0.0,0.0,0.0724666491150856,0.008418158628046513,0.2633451819419861,0.0,0.09640000015497208,0.0,0.0,0.011825483292341232,0.08779752999544144,0.30877330899238586,0.0,0.032211411744356155,0.1011289581656456,0.0,0.05092442035675049,0.0024522829335182905,0.0,0.0,0.08754409849643707,0.030829479917883873,0.0,0.0,0.018709970638155937,0.2033068686723709,0.012537208385765553,0.0,0.0038412564899772406,0.039328381419181824,0.08616773784160614,0.0,0.0049419282004237175,0.0,0.009491436183452606,0.0,0.002544927643612027,0.02404758706688881,0.11837155371904373,0.0,0.07765515148639679,0.007057130336761475,0.07773429155349731,0.6675090193748474,0.046579040586948395,0.0710982158780098,0.011702856048941612,0.06974512338638306,0.009031381458044052,0.0,0.0,0.007748150732368231,0.023763876408338547,0.027261970564723015,0.04007220268249512,0.0,0.030706943944096565,0.0,0.4426732659339905,0.1189671978354454,0.0,0.03722185268998146,0.0181952603161335,0.17297369241714478,0.2616625726222992,0.046635206788778305,0.03164101764559746,0.638334333896637,0.019178610295057297,0.7150688767433167,0.0545414574444294,0.01155463419854641,0.0,0.0,0.0922497808933258,0.0,0.1299426406621933,0.0,0.0,0.01108178123831749,0.0,0.031902626156806946,1.3040965795516968,0.13641798496246338,0.035271476954221725,0.0,0.0681891143321991,0.0,0.05551682785153389,0.012274468317627907,0.003953754901885986,0.0,0.35823261737823486,0.030866451561450958,0.044112857431173325,0.0345430001616478,0.0,0.0,0.040419917553663254,0.011152681894600391,0.10408623516559601,0.06152957305312157,0.0,0.21507680416107178,0.0,0.061329349875450134,0.0,0.0,0.010973762720823288,0.0,0.7161602973937988,0.4025212228298187,0.003208725480362773,0.07272788882255554,0.1909143477678299,0.023992428556084633,0.19142089784145355,0.009043389931321144,0.01852564886212349,0.008722783997654915,0.0,0.0,0.0,0.02502712793648243,0.0,0.041430748999118805,0.0,0.04517301917076111,0.12403017282485962,0.0061976672150194645,0.0,0.07487869262695312,0.03937225043773651,0.019907141104340553,0.20863643288612366,0.014157741330564022,0.005900428164750338,0.11968994140625,0.0,0.014233779162168503,0.07205865532159805,0.0,0.04689449444413185,0.006062555126845837,0.0,0.0,0.417667031288147,0.0,0.08661358058452606,0.011771809309720993,0.0,0.0,0.0,0.007500662934035063,0.0,0.0,0.020398259162902832,0.00933709368109703,0.025350339710712433,0.0,0.012923069298267365,0.0,0.6757426261901855,0.08524134755134583,0.00861157663166523,0.1894027143716812,0.06763600558042526,0.0022003566846251488,0.006010029464960098,0.0,0.011641077697277069,0.0,0.0035051382146775723,0.02467733807861805,0.0,0.004603864159435034,0.0,0.0008348131086677313,0.0,0.0,0.0,0.09786451607942581,0.03839428722858429,0.02247174270451069,0.02831808291375637,0.1118079125881195,0.07430730760097504,0.038026269525289536,0.1723717749118805,0.03842812776565552,0.0005242061452008784,0.05604325234889984,0.0,0.0021395469084382057,0.007512891199439764,0.015698295086622238,0.005892302840948105,0.0,0.07533153891563416,0.20450524985790253,0.0,0.0,0.0,0.04686709865927696,0.0,0.0,0.03871668875217438,0.01038574893027544,0.0,0.05569089949131012,0.012711448594927788,0.00329542881809175,0.010845592245459557,0.0,0.0,0.0024930215440690517,0.0,0.019710371270775795,0.24107715487480164,0.027134370058774948,0.44824305176734924,0.030727792531251907,0.018010089173913002,0.24651077389717102,0.00035379111068323255,0.013148545287549496,0.0,0.0,0.00572810648009181,0.004481003154069185,0.08760800957679749,0.4023238718509674,0.025607924908399582,0.0004006075905635953,0.0,0.0,0.014472449198365211,0.0,0.0022701192647218704,0.0,0.0,0.4416731297969818,0.0,0.03190580755472183,0.0,0.0,0.19887466728687286,0.02406180463731289,0.0,0.0,0.0,0.1914510875940323,0.012095553800463676,0.03608540818095207,0.0020146251190453768,0.0,0.011403065174818039,0.04507428780198097,0.0,0.0,0.07510630786418915,0.01550776045769453,0.029222380369901657,0.013520964421331882,0.0,0.0,0.07374612987041473,0.0,0.03384142369031906,0.0,0.0,0.020752644166350365,0.03735126927495003,0.07823847979307175,0.0,0.026444965973496437,0.1385040581226349,0.031998176127672195,0.0,0.03862077370285988,0.6194530129432678,0.0037170189898461103,0.25857648253440857,0.04007728397846222,0.16512827575206757,0.022758740931749344,0.3847620487213135,0.0,0.0006569051765836775,0.0,0.029971759766340256,0.006746675819158554,0.01341655757278204,0.0,0.030191220343112946,0.0,0.047992996871471405,0.006919157691299915,0.05788604915142059,0.0,0.5436127185821533,0.02552483230829239,0.04502461850643158,0.0,0.0,0.07133881747722626,0.005867942702025175,0.03033328615128994,0.017302105203270912,0.0,0.015565980225801468,0.015424301847815514,0.0,0.007088849321007729,0.06149774417281151,0.0,0.010824060067534447,0.010327798314392567,0.015722358599305153,0.01787964627146721,0.032243382185697556,0.0,0.0017128449399024248,0.0004016959574073553,0.07813402265310287,0.0879664197564125,0.8152615427970886,0.0,0.0,0.0,0.0,0.0,0.048349760472774506,0.0,0.0,0.0,0.0,0.0,0.01087089255452156,0.15841804444789886,0.0,0.007557575590908527,0.17908340692520142,0.09033985435962677,0.24404463171958923,0.056343063712120056,0.061511680483818054,0.0,0.15394136309623718,0.0,0.0,0.023055141791701317,0.0017125570448115468,0.011723143979907036,0.0,0.32872799038887024,0.0,0.0,0.09707295149564743,0.0,0.0013361322926357388,0.0,0.0,0.0,0.0,0.009464663453400135,0.03813369199633598,0.012285279110074043,0.0,0.0,0.02220206707715988,0.018244488164782524,0.0,0.0,0.18048401176929474,0.011798297055065632,0.14698803424835205,0.07280713319778442,0.0,0.03708195313811302,0.0,0.0,0.0,0.1733788698911667,0.0,0.0,0.06857409328222275,0.00885175820440054,0.023437917232513428,0.0,0.0,0.04574014991521835,0.0,0.0,0.0,0.0,0.0,0.0,0.014204771257936954,0.011832982301712036,0.01459465827792883,0.517333984375,0.0,0.007197058293968439,0.003213812131434679,0.0021141832694411278,0.00013847828085999936,0.21382102370262146,0.0,0.07195784151554108,0.43190696835517883,0.0,0.0,0.061679407954216,0.0,0.0,0.0,0.0,0.3838311731815338,0.0,0.0,0.0,0.0,0.0,0.5226930379867554,0.10678215324878693,0.018328802660107613,0.0,0.004696061834692955,0.05455576255917549,0.3145892024040222,0.0,0.0,0.01936068758368492,0.0,0.0,0.0,0.0,0.0,0.008544452488422394,0.0,0.0,0.011570964008569717,0.0,0.2446371614933014,0.0,0.023379618301987648,0.027953656390309334,0.007526289205998182,0.0,0.26653265953063965,0.21162299811840057,0.0,0.12325998395681381,0.0010503994999453425,0.0,0.0,0.008792934007942677,0.05544840916991234,0.0,0.0,0.0271772313863039,0.0,0.015366754494607449,0.033641524612903595,0.014907893724739552,0.0,0.002658300334587693,0.0024559260345995426,0.20357587933540344,0.0382692851126194,0.023439640179276466,0.07415374368429184,0.0,0.09225920587778091,0.05853855237364769,0.09296239167451859,0.04815599322319031,0.0,0.0,0.0037532735150307417,0.06090867519378662,0.0,0.0,0.03515077754855156,0.0,0.014409506693482399,0.0,0.0,0.0,0.0,0.0016489028930664062,0.005319061689078808,0.0025110936257988214,0.0,0.0,0.12534721195697784,0.04522250220179558,0.045842960476875305,0.020892834290862083,0.01980985701084137,0.0037932144477963448,0.0,0.0,0.3561449348926544,0.0,0.08609732985496521,0.05252948775887489,0.006382230669260025,0.0,0.47580841183662415,0.0,0.057786036282777786,0.0
0.0,0.013948679901659489,0.3145928680896759,0.0,0.0,0.0,0.012718613259494305,0.007244572509080172,0.0,0.08280599862337112,0.0,0.05290602520108223,0.03881688416004181,0.345977246761322,0.09683814644813538,0.16200052201747894,0.0,0.040881067514419556,0.0,0.25721704959869385,0.024359216913580894,0.0,0.044074755162000656,0.13487960398197174,0.06414107978343964,0.10456962883472443,0.0,0.0,0.0,0.0,0.41683563590049744,0.12322279065847397,0.0,0.0,0.28068456053733826,0.17481809854507446,0.01748669147491455,0.04087328910827637,0.0,0.08732196688652039,0.2873513102531433,0.005369084887206554,0.0066156648099422455,0.16918863356113434,0.47965455055236816,0.004028435796499252,0.04279487207531929,0.0,0.2451302856206894,0.0,0.0,0.1759282350540161,0.012276658788323402,0.15290267765522003,0.04356425255537033,0.0,0.0,0.0,0.060203418135643005,0.0023088837042450905,0.0,0.41807615756988525,0.09121739119291306,0.0,0.003733677789568901,0.30543091893196106,0.08085590600967407,0.018251685425639153,0.03577492758631706,0.0,0.184860959649086,0.005683951545506716,0.01128698792308569,0.13024504482746124,0.0,0.16460652649402618,0.337738037109375,0.0010768556967377663,0.18054939806461334,0.47687089443206787,0.0,0.06781958788633347,0.0,0.07253101468086243,0.0012638354673981667,0.22474275529384613,0.035387616604566574,0.0,0.0,0.011391936801373959,0.01370441634207964,0.00597787369042635,0.24638311564922333,0.41786742210388184,0.002817779779434204,0.24577705562114716,0.035451486706733704,0.0007143259281292558,0.0012035137042403221,0.00026422442169860005,0.018720371648669243,0.03047982230782509,0.11355812847614288,0.01511977706104517,0.06540278345346451,0.007127866614609957,0.013508252799510956,0.0,0.0,0.0024596189614385366,0.047449056059122086,0.038440264761447906,0.0,0.1515422761440277,0.0013265395537018776,0.5017650723457336,0.0,0.08954835683107376,0.0,0.160187229514122,0.011395599693059921,0.00707699079066515,0.33564651012420654,0.03675360977649689,0.0028512608259916306,0.0,0.1916455775499344,0.036564335227012634,0.15730270743370056,0.0018477010307833552,0.14754599332809448,0.0,0.03094906359910965,0.018278703093528748,0.0388270765542984,0.08929572254419327,0.003042778931558132,0.0018605190562084317,0.0075231194496154785,0.0,0.10078337043523788,0.023340925574302673,0.0,0.02794010564684868,0.23954670131206512,0.0,0.04308430850505829,0.27278631925582886,0.03943101316690445,0.07460635155439377,0.11811868846416473,0.0,0.09309466183185577,0.06726466119289398,0.0,0.038325920701026917,0.003813724499195814,0.04024607315659523,0.16250760853290558,0.0719013661146164,0.0019763365853577852,0.01760004833340645,0.016150737181305885,0.4144461750984192,0.08804606646299362,0.0,0.22477489709854126,0.0,0.1303757131099701,0.3009125590324402,0.13371071219444275,0.04022499918937683,0.037931859493255615,0.23025260865688324,0.06627364456653595,0.040459781885147095,0.5251618027687073,0.01613646000623703,0.0,0.29910218715667725,0.0,0.0,0.03327500447630882,0.0021496545523405075,0.012443948537111282,0.22886542975902557,0.161213219165802,0.057653650641441345,0.022167930379509926,0.351777583360672,0.05203520879149437,0.04500905051827431,0.0,0.015705090016126633,0.01674135960638523,0.01869210973381996,0.028318261727690697,0.047486141324043274,0.255833238363266,0.001017389353364706,0.11890216916799545,0.031164919957518578,0.0,0.1483159065246582,0.0,0.02669464983046055,0.03832395374774933,0.01957184635102749,0.04422089084982872,0.10458764433860779,0.12729434669017792,0.0,0.23847268521785736,0.0,0.029533129185438156,0.018185822293162346,0.032257143408060074,0.025726718828082085,0.0,0.008798542432487011,0.0661868304014206,0.02776370197534561,0.17092345654964447,0.1573982834815979,0.0,0.18144047260284424,0.015378613024950027,0.016902709379792213,0.06579958647489548,0.08596474677324295,0.20259229838848114,0.0,0.219947949051857,0.05291447788476944,0.1070595532655716,0.2595912218093872,0.01557578518986702,0.13386279344558716,0.037469532340765,0.0,0.0022320628631860018,0.049156829714775085,0.10393908619880676,0.0,0.047666262835264206,0.03223402798175812,0.03652361407876015,0.054179612547159195,0.0,0.011557305231690407,0.019673796370625496,0.003489831695333123,0.0003413844096940011,0.011307606473565102,0.009864809922873974,0.10231400281190872,0.0,0.08088092505931854,0.1376490294933319,0.5323827862739563,0.0,0.016759240999817848,0.04937346279621124,0.0,0.09461846947669983,0.03547598794102669,0.10210465639829636,0.05876694619655609,0.0,0.016156764701008797,0.08295470476150513,0.0,0.0,0.0971977487206459,0.011535326018929482,0.0,0.03465452045202255,0.002263500588014722,0.14326830208301544,0.1478864550590515,0.002107806270942092,0.0,0.017820393666625023,0.1210714802145958,0.018131878226995468,0.6981256604194641,0.0,0.01920340210199356,0.17563091218471527,0.058259423822164536,0.1337835043668747,0.1513654887676239,0.07387702167034149,0.0,0.060309018939733505,0.0031311558559536934,0.16504356265068054,0.0,0.2686688303947449,0.0,0.030073676258325577,0.03215111419558525,0.17854301631450653,0.11438656598329544,0.15226902067661285,0.007396750617772341,0.00867181085050106,0.02049250528216362,0.0,0.0,0.0014844941906630993,0.12151329964399338,0.011555561795830727,0.186297208070755,0.0410415455698967,0.3417297601699829,0.030633660033345222,0.002986578969284892,0.19896665215492249,0.03346622362732887,0.0,0.018712880089879036,0.0,0.0,0.6330687403678894,0.0,0.0,0.0,0.0,0.0,0.0019604517146945,0.05832291021943092,0.0,0.0,0.1476501226425171,0.0,0.0,0.0,0.0034767435863614082,0.06970365345478058,0.07409719377756119,0.0,0.0,0.011810154654085636,0.0,0.0,0.0,0.001748810987919569,0.0,0.0,0.17801757156848907,0.0,0.10508356988430023,0.04656500369310379,0.27455228567123413,0.0,0.0,0.0,0.03253478929400444,0.01658104918897152,0.0,0.0,0.0,0.0,0.0,0.009261653758585453,0.07502792030572891,0.046048954129219055,0.009535331279039383,0.0,0.48372432589530945,0.0,0.0,0.08025297522544861,0.0128597067669034,0.0,0.017802078276872635,0.0,0.0011639785952866077,0.15746863186359406,0.053970348089933395,0.0,0.0,0.0046561481431126595,0.011475757695734501,0.0,0.0,0.05894951894879341,0.0,0.00486326776444912,0.2491081804037094,0.0,0.0,0.0,0.0,0.0,0.1553179770708084,0.0,0.08846981823444366,0.012433798052370548,0.0,0.014411214739084244,0.0,0.004215264227241278,0.003029681509360671,0.0,0.0499722920358181,0.0,0.0,0.027555884793400764,0.0,0.0,0.0,0.0,0.017471056431531906,0.0009708821889944375,0.0,0.0,0.0024043333251029253,0.0,0.031612928956747055,0.0,0.041741982102394104,0.0,0.007845175452530384,0.1338726282119751,0.023536227643489838,0.010977732948958874,0.02190978452563286,0.1006721705198288,0.0,0.0,0.0,0.10246958583593369,0.0,0.0,0.0,0.015243373811244965,0.0028616494964808226,0.0,0.0,0.0,0.017369991168379784,0.0020161664579063654,0.0,0.0,0.10145214945077896,0.0,0.010897022671997547,0.05189736187458038,0.02224317379295826,0.0,0.0,0.02599983662366867,0.0,0.020465979352593422,0.0,0.0,0.01940174214541912,7.526934496127069e-05,0.0,0.17168256640434265,0.0,0.0,0.06802281737327576,0.33219966292381287,0.041706304997205734,0.0,0.0,0.0,0.0,0.0,0.008922196924686432,0.0,0.019004667177796364,0.0,0.0,0.019391238689422607,0.04260352998971939,0.0,0.0,0.0,0.1336606740951538,0.0,0.05969027429819107,0.2644566297531128,0.013263951987028122,0.0,0.0,0.0,0.0298647228628397,0.0,0.0,0.0,0.0,0.0,0.0,0.02183576673269272,0.03044159896671772,0.0,0.0,0.0,0.011368803679943085,0.015305005013942719,0.0,0.0,0.0,0.00994924921542406,0.15780667960643768,0.019612174481153488,0.08065849542617798,0.01782567985355854,0.0,0.0006223666714504361,0.0,0.0004700584686361253,0.19406719505786896,0.06121087446808815,0.0,0.008623194880783558,0.0,0.0,0.4837157428264618,0.0,0.0,0.0,0.0,0.0,0.0,0.02519458346068859,0.015149452723562717,0.0,0.0,0.0,0.0,0.07793077081441879,0.0,0.0,0.0,0.005103109870105982,0.008583862334489822,0.026336515322327614,0.0,0.03549101948738098,0.0,0.0,0.019354689866304398,0.002199060982093215,0.012022452428936958,0.0,0.00222043227404356,0.024322183802723885,0.010064387694001198,0.2360415905714035,0.0,0.018397537991404533,0.0,0.0,0.044650670140981674,0.0,0.000893230433575809,0.1286650151014328,0.033300839364528656,0.0,0.18504896759986877,0.041600700467824936,0.014309924095869064,0.0,0.10491922497749329,0.2771756052970886,0.0,0.030853912234306335,0.08232656121253967,0.0,0.0,0.010947000235319138,0.002512106904760003,0.0,0.0,0.0,0.07133795320987701,0.0,0.039425693452358246,0.0,0.13698910176753998,0.04034348577260971,0.09289512783288956,0.017577607184648514,0.0,0.0,0.0,0.0002960413694381714,0.0,0.0,0.01397162675857544,0.1842154860496521,0.00892571359872818,0.044207192957401276,0.0,0.0,0.0,0.0,0.0,0.046933289617300034,0.0,0.0,0.0,0.40813010931015015,0.007298632990568876,0.018785780295729637,0.0,0.1435507833957672,0.0,0.0,0.0,0.012853272259235382,0.0,0.08533931523561478,0.0,0.0,0.0,0.0,0.0,0.0,0.014437821693718433,0.003152034943923354,0.0,0.011451677419245243,0.0,0.036647964268922806,0.019790109246969223,0.0019011176191270351,0.006779041141271591,0.0,0.0,0.011356327682733536,0.0,0.005170207004994154,0.0,0.0,0.0,0.0,0.10135387629270554,0.023446034640073776,0.0,0.0,0.0,0.0,0.029409756883978844,0.0,0.0,0.003944959491491318,0.0,0.0,0.005606751423329115,0.0,0.0,0.0913827046751976,0.0,0.12119551002979279,0.025095723569393158,0.0,0.20087900757789612,0.0,0.0864177718758583,0.0,0.0056587145663797855,0.11284679174423218,0.0,0.043837711215019226,0.09998713433742523,0.0,0.039924513548612595,0.0,0.0,0.0,0.0,0.0,0.0,0.005066773388534784,0.0,0.0467296727001667,0.0,0.0,0.0,0.07312489300966263,0.002703031525015831,0.0,0.0,0.0,0.03226177394390106,0.12671694159507751,0.00550659466534853,0.011460661888122559,0.04623006656765938,0.02124117873609066,0.0,0.0,0.0,0.0313078798353672,0.0,0.0,0.3625521957874298,0.12041772156953812,0.010395901277661324,0.0,0.016234204173088074,0.0,0.13887986540794373,0.009566337801516056,0.0,0.0,0.0022257936652749777,0.023378834128379822,0.18070325255393982,0.10763334482908249,0.05229561775922775,0.0,0.011529965326189995,0.09646790474653244,0.0,0.0,0.0,0.03139006346464157,0.0,0.008127220906317234,0.0003598719777073711,0.08050233870744705,0.0,0.28030651807785034,0.0,0.0,0.0,0.30885830521583557,0.0573250912129879,0.0,0.01418190449476242,0.5856760740280151,0.0,0.05680125206708908,0.0,0.01262027956545353,0.0,0.0,0.0,0.012810077518224716,0.23985517024993896,0.0,0.12967735528945923,0.0,0.0,0.010997839272022247,0.006406543310731649,0.0,0.006137568969279528,0.005027866456657648,0.0,0.2709976136684418,0.11584744602441788,0.0,0.0,0.00055139628238976,0.08704707771539688,0.003935500513762236,0.3503451645374298,0.0,0.0,0.0054388223215937614,0.08557118475437164,0.0006492328830063343,0.16189002990722656,0.13364242017269135,0.09213060140609741,0.11199602484703064,0.050580501556396484,0.0,0.00807958748191595,0.030977731570601463,0.018295178189873695,0.015177876688539982,0.0,0.0,0.15925391018390656,0.023614514619112015,0.03143414855003357,0.0,0.00773890595883131,0.06526026874780655,0.2963375151157379,0.002774275606498122,0.0338490754365921,0.07622961699962616,0.04775151237845421,0.0030400955583900213,0.0,0.0,0.0783466026186943,0.0,0.0023728448431938887,0.12941813468933105,0.03783011808991432,0.0463491715490818,0.0,0.018959255889058113,0.0,0.0,0.032798852771520615,0.08299507945775986,0.09100344032049179,0.0,0.18825894594192505,0.0,0.00014435545017477125,0.0,0.002070497954264283,0.06938031315803528,0.27017942070961,0.0038400364574044943,0.10801767557859421,0.050176795572042465,0.0,0.0,0.0,0.0,0.0,0.0,0.005559978540986776,0.0,0.0,0.04559197276830673,0.183115154504776,0.0,0.0033260630443692207,0.009585315361618996,0.017076294869184494,0.0,0.1580328792333603,0.0,0.008726970292627811,0.028251836076378822,0.0436132475733757,0.0,0.04886970669031143,0.0047918763011693954,0.21613474190235138,0.0,0.0004950928851030767,0.46375739574432373,0.0021885645110160112,0.03958055377006531,0.009206516668200493,0.0,0.0,0.0,0.03409189730882645,0.018144821748137474,0.0,0.10041822493076324,0.0,0.0,0.005386682692915201,0.0,0.0,0.03782793879508972,0.0,0.028338519856333733,0.0,0.002544189803302288,0.0006297015934251249,0.0,0.4193139374256134,0.0,0.0,0.0,0.0,0.0,0.00710330018773675,0.6691926717758179,0.035736240446567535,0.013620899058878422,0.022432249039411545,0.04807950556278229,0.0,0.0010971176670864224,0.0,0.22125938534736633,0.020743070170283318,0.05836835503578186,0.014197912067174911,0.011787516996264458,0.008342009969055653,0.0042242323979735374,0.18174436688423157,0.0,0.022147785872220993,0.0,0.13109593093395233,0.06357467919588089,0.07870123535394669,0.02022000029683113,0.07945012301206589,0.052815619856119156,0.0,0.4241380989551544,0.0,0.0,0.026176894083619118,0.012208751402795315,0.0943392813205719,0.0,0.0002586498740129173,0.040865637362003326,0.08478473871946335,0.113810233771801,0.0,0.1570940911769867,0.018761057406663895,0.08166541904211044,0.0,0.04278131574392319,0.43399059772491455,0.023884456604719162,0.15131951868534088,0.05081058666110039,0.18187206983566284,0.04092613607645035,0.03463173285126686,0.11340396851301193,0.12438065558671951,0.019526638090610504,0.23800988495349884,0.0,0.0,0.30346912145614624,0.027686985209584236,0.0,0.026797166094183922,0.0,0.0,0.10430312901735306,0.0005983046139590442,0.0,0.0,0.0021610879339277744,0.0,0.0,0.20694321393966675,0.05111236497759819,0.0,0.0,0.022287989035248756,0.0,0.005223480518907309,0.048894092440605164,0.0,0.13345107436180115,0.0,0.17506904900074005,0.0,0.0023124313447624445,0.039106324315071106,0.0,0.032375410199165344,0.003067794954404235,0.06750176101922989,0.15529200434684753,0.0,0.10022285580635071,0.023342428728938103,0.09376250207424164,0.002649295376613736,0.11320247501134872,0.04616372287273407,0.006195269990712404,0.0,0.16619105637073517,0.0,0.0,0.0014368935953825712,0.5150035619735718,0.15784063935279846,0.0033217244781553745,0.03906790539622307,0.42857033014297485,0.0,0.00830626767128706,0.0014484249986708164,0.2790107727050781,0.0,0.04165218397974968,0.0,0.0,0.0,0.0,0.1319073885679245,0.0,0.0,0.19059358537197113,0.04437760263681412,0.0,0.0,0.23740610480308533,0.0,0.011572510004043579,0.008074778132140636,0.025657963007688522,0.05278993770480156,0.031721748411655426,0.02617020159959793,0.028101231902837753,0.0,0.01792304217815399,0.3106305003166199,0.0,0.0,0.03863678500056267,0.05206345021724701,0.043400030583143234,0.0,0.10785433650016785,0.0,0.0,0.29750359058380127,0.01198665052652359,0.0,0.020097486674785614,0.0,0.0,0.018254976719617844,0.3905014395713806,0.010750546120107174,0.0,0.20393405854701996,0.07257427275180817,0.02866828627884388,0.04934319481253624,0.0,0.057395946234464645,0.03149774298071861,0.0,0.0,0.0,0.04779241234064102,0.0,0.0,0.0010805756319314241,0.0950758159160614,0.06886846572160721,0.04848964512348175,0.11922550946474075,0.0,0.054305702447891235,0.013813899829983711,0.0,0.1754882037639618,0.00252331979572773,0.004443066194653511,0.11671402305364609,0.0,0.0,0.07724153250455856,0.07318713515996933,0.0027981807943433523,0.02186398021876812,0.47286614775657654,0.07028421759605408,0.032979391515254974,0.0,0.047001373022794724,0.12972284853458405,0.023743167519569397,0.12316793203353882,0.0,0.05604135990142822,0.013052222318947315,0.04579468071460724,0.04747382178902626,0.09603574872016907,0.3905336260795593,0.002179154194891453,0.46117714047431946,0.0,0.015182689763605595,0.014316017739474773,0.3226566016674042,0.1254647672176361,0.16099610924720764,0.1786995828151703,0.0,0.017049653455615044,0.021228009834885597,0.005323805846273899,0.0,0.02918260172009468,0.029291585087776184,0.0,0.0,0.003907415084540844,0.0,0.18236854672431946,0.0,0.0,0.09372452646493912,0.03357274457812309,0.29499077796936035,0.0,0.0,0.0,0.0,0.0,0.0016575956251472235,0.5324414968490601,0.0,0.0,0.0,0.0,0.1483968049287796,0.0,0.0,0.0,0.07276075333356857,0.014373080804944038,0.02626403607428074,0.2867499589920044,0.3698168098926544,0.0,0.0084084402769804,0.0,0.04051291570067406,0.0,0.0,0.0,0.0,0.051700808107852936,0.0,0.0,0.0024046683683991432,0.005654395092278719,0.005392061546444893,0.15013240277767181,0.13180948793888092,0.0,0.0,0.0,0.007427126169204712,0.0,0.37126269936561584,0.02004939317703247,0.3178672790527344,0.0,0.06944963335990906,0.0003902742173522711,0.022206664085388184,0.0018760794773697853,0.04292009398341179,0.0,0.10364924371242523,0.006092342082411051,0.01126813143491745,0.004167390521615744,0.0,0.0032123399432748556,0.0,0.062088899314403534,0.0,0.0623842291533947,0.03334493562579155,0.0,0.0,0.0,0.0,0.0,1.0495338439941406,0.14861808717250824,0.0,0.0,0.03625783696770668,0.001213782699778676,0.0,0.07814741879701614,0.08063111454248428,0.0,0.0,0.5457921028137207,0.0,0.0,0.0,0.0044573284685611725,0.0,0.0,0.0,0.0,0.0,0.0,0.0,0.45359984040260315,0.044853776693344116,0.0,0.05147833749651909,0.0,0.017006799578666687,0.008087163791060448,0.0,0.0,0.005014114547520876,0.009326551109552383,0.18624277412891388,0.018691668286919594,1.3351629972457886,0.0,0.010755988769233227,0.00877742562443018,0.005564095918089151,0.0,0.01828485168516636,2.2867276668548584,0.014003915712237358,0.0,0.0,0.031523801386356354,0.02983677200973034,0.0,0.0,0.06301996856927872,0.0003082609036937356,0.0,0.5034499168395996,0.0,0.006647046655416489,0.028455771505832672,0.0,0.0,0.0,0.06925645470619202,0.16270112991333008,0.03676743060350418,0.0,0.17529849708080292,0.0,0.0,0.0,0.0,0.0,0.09102395921945572,0.02555684745311737,0.028162727132439613,0.0014126773457974195,0.0,0.16508625447750092,0.011365097016096115,0.01324936281889677,0.031642377376556396,0.4428006708621979,0.0,0.019647659733891487,0.1694440096616745,0.0016182339750230312,0.008332054130733013,0.0,0.0,0.0,0.0779481902718544,0.0,0.017114024609327316,0.0,0.0,0.0,0.01728389970958233,0.0,0.10968700051307678,0.042798224836587906,1.0439865589141846,0.0,0.05270857736468315,0.0,0.00822380743920803,0.0854586511850357,0.0,0.039084479212760925,0.0,0.0,0.38097989559173584,0.0,0.03815267235040665,0.0,0.0,0.0,0.0,0.025718845427036285,0.003738794242963195,0.0,0.0,0.0,0.0,0.0,0.0021711320150643587,0.0,0.0,0.0,0.0,0.002635478973388672,0.009230353869497776,0.1779678761959076,0.0,0.07210259884595871,0.0,0.0,0.0,0.013688687235116959,0.0,0.0658513754606247,0.0,0.00724466796964407,0.018273239955306053,0.004011349752545357,0.0,0.0,0.03655797988176346,0.06308045238256454,0.0,0.1032959371805191,0.027609791606664658,0.0,0.010551619343459606,0.0,0.023793401196599007,0.0,0.017193950712680817,0.0,0.0,0.0,0.02290327474474907,0.0,0.0,0.0,0.028905825689435005,0.016208816319704056,0.0,0.2993980944156647,0.08580674231052399,0.0,0.0,0.0,0.01519140973687172,0.13604876399040222,0.0,0.007395398803055286,0.07768189162015915,0.025513682514429092,0.0,0.021583622321486473,0.0,0.027131345123052597,0.0,0.0,0.0,0.03266464173793793,0.21177995204925537,0.0504305474460125,0.0,0.0,0.35149842500686646,0.0133143225684762,0.0,0.0,0.2947028577327728,0.0846555307507515,0.058101411908864975,0.014766853302717209,0.0,0.0,1.0013351440429688,0.4168468713760376,0.09989716857671738,0.0,0.0,0.0,0.0,0.0,0.012073075398802757,0.0,0.568692684173584,0.01548808068037033,0.09059634804725647,0.0,0.0,0.0,0.018077678978443146,0.05694769695401192,0.0,0.0,0.06452734023332596,0.27312320470809937,0.0,0.024720555171370506,0.2920076847076416,0.012665686197578907,0.449542760848999,0.05641152709722519,0.0,0.3476313650608063,0.08604896813631058,0.04622895270586014,0.0,0.3386828601360321,0.018509237095713615,0.0,0.0029220390133559704,0.001335322274826467,0.0,0.0,0.09067478030920029,0.0,0.0,0.40579959750175476,0.01722249947488308,0.0,0.0,0.14507927000522614,0.01088428869843483,0.0,0.0,0.0,0.0,0.08679939061403275,0.012125345878303051,0.0,0.0,0.06589913368225098,0.015067355707287788,0.0,0.00473302835598588,0.0,0.0,0.0,0.0,0.001277358504012227,0.41548439860343933,0.0,0.0,0.017550349235534668,0.0,0.18974599242210388,0.0,0.0,0.005642259027808905,0.0,0.09517517685890198,0.005212747026234865,0.0,0.0,0.0,0.0,0.0,0.0,0.0,0.0020042581018060446,0.0,0.0,0.0,0.02023152820765972,0.0,0.011704640462994576,0.005761234555393457,0.06747111678123474,0.01584865339100361,0.016401618719100952,0.006014461629092693,0.04921957850456238,0.0,0.018095239996910095,0.0,0.1324797123670578,0.0035681151784956455,0.037035323679447174,0.11872069537639618,0.10893760621547699,0.0,0.0,0.0,0.01570182479918003,0.004603596869856119,0.2310219407081604,0.030921893194317818,0.019305840134620667,0.0004432308778632432,0.03351134434342384,0.08142466843128204,0.0363091304898262,0.0,0.05010545626282692,0.0,0.0,0.1369088590145111,0.07905363291501999,0.0037355893291532993,0.00960880983620882,0.0,0.025565778836607933,0.01777719333767891,0.07705049216747284,0.024410834535956383,0.0,0.0,0.13620327413082123,0.09918297827243805,0.014822447672486305,0.008727720938622952,0.0,0.009023778140544891,0.0,0.6039774417877197,0.02787058614194393,0.0,0.0,0.18095234036445618,0.10887905955314636,0.07175720483064651,0.0,0.09204337745904922,0.0010391068644821644,0.0,0.2837793827056885,0.23400945961475372,0.0,0.07395394891500473,0.00022522448853123933,0.7469381093978882,0.0,0.004795378539711237,0.0,0.004485298413783312,0.008619463071227074,0.026080414652824402,0.0,0.0,0.029292883351445198,0.004539376124739647,0.2688194215297699,0.0,0.12211903929710388,0.0,0.007203004322946072,0.0172270555049181,0.13617590069770813,0.46277645230293274,0.0033040165435522795,0.019623098894953728,0.1168556809425354,0.0,0.03636742755770683,0.0015923333121463656,0.0,0.0,0.11711116135120392,0.02692602574825287,0.008483197540044785,0.0,0.026846013963222504,0.19537551701068878,0.0055326237343251705,0.0,0.0035566287115216255,0.04033252224326134,0.08405650407075882,0.0,0.0,0.0,0.0,0.0,0.0065195439383387566,0.018345335498452187,0.15230412781238556,0.01034734770655632,0.08030743896961212,0.0,0.08402116596698761,0.7247602939605713,0.03583245724439621,0.09001316130161285,0.005976006854325533,0.06364920735359192,0.0010774683905765414,0.0,0.0,0.0,0.02725965902209282,0.010997839272022247,0.04614740237593651,0.0,0.022443916648626328,0.0009231782169081271,0.43728724122047424,0.10275950282812119,0.0,0.052919793874025345,0.0,0.20034204423427582,0.2774035334587097,0.04157286509871483,0.051705051213502884,0.6092674732208252,0.016432788223028183,0.9165094494819641,0.056671179831027985,0.0,0.0,0.0,0.07529618591070175,0.0,0.0558488592505455,0.0,0.0,0.0335262157022953,0.0,0.02202674373984337,1.1391502618789673,0.0958351120352745,0.028739793226122856,0.0,0.05252712219953537,0.0,0.05041142553091049,0.03253686800599098,0.007909033447504044,0.0,0.4230080842971802,0.05323324352502823,0.06859534978866577,0.02113981731235981,0.0,0.0,0.05804765224456787,0.0,0.10942806303501129,0.05179494991898537,0.0,0.20420415699481964,0.006070628296583891,0.062395885586738586,0.0,0.003324067685753107,0.00046288847806863487,0.0,0.6444993019104004,0.46845686435699463,0.0,0.058916930109262466,0.20160605013370514,0.021933384239673615,0.172626793384552,0.004357765894383192,0.014347724616527557,0.009848535060882568,0.014717983081936836,0.0,0.0,0.03354763984680176,0.0,0.04818122088909149,0.009517860598862171,0.07309149950742722,0.06118721887469292,0.004706989508122206,0.0,0.033947933465242386,0.026026584208011627,0.03768154978752136,0.18217983841896057,0.013516915030777454,0.0009053683024831116,0.12509983777999878,0.0,0.04068202152848244,0.10609710961580276,0.0,0.046964120119810104,0.0070615350268781185,0.0,0.010258491151034832,0.43791767954826355,0.0,0.04878080263733864,0.0026565527077764273,0.0,0.0,0.0,0.019202154129743576,0.0,0.0,0.014522581361234188,0.01947873830795288,0.03203226253390312,0.0028582073282450438,0.028681473806500435,0.0,0.6357969045639038,0.07169324159622192,0.0006811714265495539,0.24989201128482819,0.04581688717007637,0.0,0.0074099209159612656,0.0,0.025158854201436043,0.0,0.000616976001765579,0.044503770768642426,0.020615629851818085,0.0026916658971458673,0.0,0.0,0.0,0.008700644597411156,0.0,0.09400613605976105,0.042036544531583786,0.03647744283080101,0.01979685388505459,0.12987114489078522,0.07600393146276474,0.02167808823287487,0.19225309789180756,0.037169769406318665,0.0,0.10283045470714569,0.0,0.0,0.0,0.0068513681180775166,0.016780097037553787,0.003984951879829168,0.08657778054475784,0.12793655693531036,0.0,0.0,0.0,0.0440233051776886,0.0,0.0034195096231997013,0.018866097554564476,0.011061246506869793,0.0,0.07789293676614761,0.009494087658822536,0.0035576773807406425,0.015799377113580704,0.0,0.0,0.0014547824393957853,0.0,0.029752736911177635,0.2326037585735321,0.016457684338092804,0.44155749678611755,0.02389850653707981,0.03532694652676582,0.22232384979724884,0.0,0.009983002208173275,0.0,0.0,0.0009366380982100964,0.0,0.07585354894399643,0.40293845534324646,0.0,0.0016118217026814818,0.0034586607944220304,0.0,0.002838343381881714,0.0,0.0,0.008200976997613907,0.0,0.3535877466201782,0.0,0.011564722284674644,0.0,0.0,0.2912099361419678,0.022409753873944283,0.0,0.0,0.0,0.19764436781406403,0.011463374830782413,0.052527088671922684,0.0,0.0,0.006167043931782246,0.026065509766340256,0.0,0.0,0.051993511617183685,0.024813709780573845,0.04004587605595589,0.01632789522409439,0.0,0.0,0.03968174755573273,0.0,0.04196693375706673,0.0,0.0,0.03563203290104866,0.030915526673197746,0.11917253583669662,0.0,0.014146681874990463,0.07737965881824493,0.06065186858177185,0.0,0.04612443968653679,0.5763408541679382,0.027278542518615723,0.28710392117500305,0.04538213089108467,0.1989840716123581,0.022575873881578445,0.3222615420818329,0.0,0.010692802257835865,0.0,0.05184677988290787,0.028679709881544113,0.0,0.0,0.029887724667787552,0.0,0.06571473926305771,0.0032718824222683907,0.0634848102927208,0.00015534221893176436,0.4215737581253052,0.03836563229560852,0.06729263067245483,0.0005644962075166404,0.002884957706555724,0.05207403749227524,0.017593879252672195,0.02741040661931038,0.014864461496472359,0.0,0.020756250247359276,0.025711409747600555,0.0,0.0,0.07944002002477646,0.0005731034325435758,0.001906971912831068,0.00023541212431155145,0.04693705588579178,0.02052142843604088,0.019960355013608932,0.0,0.002524071838706732,0.0,0.07126539200544357,0.06951223313808441,0.7666032910346985,0.0,0.0,0.0,0.0,0.0,0.051679421216249466,0.0,0.0,0.0,0.0,0.0,0.01597055234014988,0.1820291131734848,0.0,0.0007090651779435575,0.12234558910131454,0.06061259284615517,0.058751430362463,0.030864272266626358,0.04823664575815201,0.0,0.17161016166210175,0.0,0.0,0.016996292397379875,0.00048391937161795795,0.00584331015124917,0.0,0.29742300510406494,0.0,0.0,0.0777309387922287,0.0,0.0,0.0,0.0,0.0,0.0,0.01290547102689743,0.03475235402584076,0.016344774514436722,0.0,0.0,0.03555940464138985,0.002664718544110656,0.0,0.0,0.13788089156150818,0.013373475521802902,0.07524596899747849,0.07806675881147385,0.0,0.030596299096941948,0.0,0.0,0.0,0.11919048428535461,0.0,0.0,0.10109372437000275,0.00261719455011189,0.004006397910416126,0.0,0.0,0.05718616023659706,0.0,0.0,0.0,0.0,0.0,0.0,0.01801312528550625,0.0,0.006497007794678211,0.6725046038627625,0.0,0.011639263480901718,0.0,0.0,0.0034097766038030386,0.18900203704833984,0.0,0.0898267924785614,0.2971309423446655,0.0,0.0,0.012196015566587448,0.0,0.0,0.0,0.0,0.36815208196640015,0.0,0.0,0.0,0.0,0.0,0.4823529124259949,0.16564565896987915,0.012185245752334595,0.0,0.006460502278059721,0.10258892923593521,0.29696592688560486,0.0012391650816425681,0.0,0.013397777453064919,0.0,0.0,0.0,0.0,0.0,0.00772974593564868,0.0,0.0,0.0,0.0,0.21602730453014374,0.0,0.01871253177523613,0.015014011412858963,0.018308943137526512,0.0,0.4342431128025055,0.20484644174575806,0.0,0.12379565089941025,0.0025268758181482553,0.0,0.0,0.005641354713588953,0.051736343652009964,0.0,0.0,0.03260543942451477,0.0,0.0232000183314085,0.04961914196610451,0.03273220732808113,0.0,0.006433825474232435,0.0045372676104307175,0.11910269409418106,0.013524258509278297,0.009259969927370548,0.0975969135761261,0.0,0.14718566834926605,0.02623838372528553,0.06912095844745636,0.02813221514225006,0.0,0.0,0.005225572735071182,0.047445762902498245,0.0,0.0,0.026651078835129738,0.0,0.016951553523540497,0.0,0.0,0.0,0.0,0.0,0.006614724174141884,0.0066541386768221855,0.0,0.0,0.10048095881938934,0.04154938831925392,0.07591767609119415,0.015083018690347672,0.011436473578214645,0.004100754391402006,0.0,0.0,0.25405585765838623,0.0,0.0781378448009491,0.0527200922369957,0.00378028629347682,0.0,0.4747108221054077,0.00021212815772742033,0.02550075575709343,0.0
0.0,0.007285255007445812,0.3456939458847046,0.0,0.0,0.0,0.0203841682523489,0.013506123796105385,0.0,0.10749135911464691,0.0,0.057217568159103394,0.038557276129722595,0.32034310698509216,0.12891948223114014,0.164087176322937,0.0,0.02034945785999298,0.0,0.21947559714317322,0.02712154947221279,0.0,0.02544502168893814,0.24247822165489197,0.06023402512073517,0.08294593542814255,0.0,0.0,0.0,0.0,0.45716914534568787,0.062328118830919266,0.0,0.0,0.20755617320537567,0.19971035420894623,0.0,0.04682279750704765,0.0,0.06817013025283813,0.3018810749053955,0.00806459691375494,0.009165282361209393,0.12647990882396698,0.47706589102745056,0.0033327711280435324,0.03436052054166794,0.0,0.30965590476989746,0.0,0.0,0.14870323240756989,0.002969191176816821,0.13884258270263672,0.05055428668856621,0.0,0.0,0.0,0.06257197260856628,0.003040134906768799,0.004186413250863552,0.42609307169914246,0.10769353061914444,0.002833662088960409,0.004529185127466917,0.3132729232311249,0.0995897501707077,0.012641031295061111,0.03141740709543228,0.0,0.20009809732437134,0.01228032074868679,0.011602669022977352,0.08772659301757812,0.019894637167453766,0.11226796358823776,0.38958558440208435,0.0015495391562581062,0.1371833086013794,0.48414063453674316,0.0,0.06891343742609024,0.0,0.11702261865139008,0.0014239192241802812,0.2416786253452301,0.03270391374826431,0.0,0.0,0.00911523588001728,0.02045310288667679,0.009526343084871769,0.24376267194747925,0.448630154132843,0.002842503832653165,0.1535331755876541,0.026256995275616646,0.005116019397974014,0.0,0.007397887762635946,0.01642521843314171,0.035727620124816895,0.1181282252073288,0.02568133920431137,0.07880612462759018,0.005511043127626181,0.01541233342140913,0.0,0.0,0.016846949234604836,0.03418833389878273,0.02491074800491333,0.0014341926435008645,0.14667676389217377,0.013028835877776146,0.4224161207675934,0.0,0.07176969200372696,0.0,0.1541346162557602,0.008349237032234669,0.008911125361919403,0.34222084283828735,0.04032523185014725,0.00924505852162838,0.008148989640176296,0.21030403673648834,0.03550305217504501,0.19434119760990143,0.004330330062657595,0.13539989292621613,0.0,0.033426716923713684,0.007599864155054092,0.05926074832677841,0.07367580384016037,0.012526643462479115,0.0,0.018558615818619728,0.0,0.11971767246723175,0.04423733055591583,0.0,0.03188767284154892,0.20152010023593903,0.0,0.03696645796298981,0.3100416362285614,0.02319074422121048,0.04534425586462021,0.09799566119909286,0.0,0.03966092690825462,0.06021812930703163,0.0,0.05634588748216629,0.0018817759118974209,0.04589555785059929,0.13590174913406372,0.07052845507860184,0.00948617234826088,0.005812902934849262,0.011334290727972984,0.37168392539024353,0.09181643277406693,0.0,0.24563808739185333,0.006129834800958633,0.11679741740226746,0.3318062126636505,0.12041797488927841,0.03460979461669922,0.06752444058656693,0.22238048911094666,0.052319154143333435,0.05062498897314072,0.6468227505683899,0.013308375142514706,0.0,0.31276339292526245,0.0,0.008943152613937855,0.04317593574523926,0.007904334925115108,0.002027115784585476,0.2500540614128113,0.16775670647621155,0.07515470683574677,0.03633509948849678,0.3392891585826874,0.05994858220219612,0.036911264061927795,1.2664794667216484e-05,0.010653156787157059,0.01737523265182972,0.018314022570848465,0.03135670721530914,0.014398016966879368,0.25650736689567566,0.0005735635641030967,0.11760184913873672,0.020555851981043816,0.0,0.15886270999908447,0.0,0.03313656896352768,0.039042845368385315,0.016802798956632614,0.03700153902173042,0.09626655280590057,0.13149869441986084,5.696058360626921e-05,0.24007564783096313,0.0,0.015977978706359863,0.01734261028468609,0.01906406134366989,0.01914709247648716,0.0,0.007686595898121595,0.05426378175616264,0.02844579517841339,0.16984477639198303,0.1307094544172287,0.0,0.18002544343471527,0.012137522920966148,0.009774226695299149,0.1170022264122963,0.13181132078170776,0.15398946404457092,0.0,0.19989162683486938,0.08720666170120239,0.09622329473495483,0.2840763330459595,0.018725251778960228,0.08046931028366089,0.05402512475848198,0.0,0.0,0.0753871276974678,0.05641753226518631,0.0,0.05586054176092148,0.03506702557206154,0.0444960780441761,0.03237652778625488,0.0,0.0,0.019910916686058044,0.0,0.002924602013081312,0.010288545861840248,0.004063901957124472,0.09827551245689392,0.0,0.08047988265752792,0.05065436288714409,0.514400839805603,0.0,0.007006044499576092,0.03243183344602585,0.0,0.12191906571388245,0.04864906147122383,0.09400450438261032,0.08173180371522903,0.0040121315978467464,0.014597253873944283,0.0738714188337326,0.0029618716798722744,0.0,0.08587253838777542,0.034247349947690964,0.0,0.0559716671705246,0.010605749674141407,0.13625331223011017,0.15324069559574127,0.03389022871851921,0.0,0.014100927859544754,0.14377184212207794,0.035033538937568665,0.5966649651527405,0.0,0.004646603949368,0.20860490202903748,0.057963352650403976,0.15969868004322052,0.16101904213428497,0.05877746641635895,0.0,0.05482621490955353,0.02258758619427681,0.20166227221488953,0.0,0.28177347779273987,0.0,0.03621160611510277,0.024362297728657722,0.151712566614151,0.1436844766139984,0.15005852282047272,0.0,0.0,0.022952528670430183,0.0,0.0,0.0,0.13945874571800232,0.007291436195373535,0.19263103604316711,0.03443324193358421,0.2738034129142761,0.026481976732611656,0.0007360458257608116,0.15322484076023102,0.031578417867422104,0.0,0.013552870601415634,0.0,0.0,0.7130048871040344,0.0,0.0,0.008890092372894287,0.0,0.0,0.00015569210518151522,0.04492368549108505,0.0,0.0,0.02254313975572586,0.0,0.0,0.0,0.011159861460328102,0.06744236499071121,0.07454637438058853,0.0,0.0,0.0,0.0,0.0,0.0,0.004887161310762167,0.0,0.0,0.21497774124145508,0.0,0.116225965321064,0.06874345988035202,0.35795870423316956,0.0,0.0,0.0,0.019197555258870125,0.0056764958426356316,0.002951408037915826,0.0,0.0,0.0,0.0,0.0015752649633213878,0.0834512785077095,0.05992355942726135,0.0,0.0,0.5691406726837158,0.0,0.0,0.0480022057890892,0.022732842713594437,0.0,0.011892037466168404,0.0,0.01276879571378231,0.1340986043214798,0.05379588156938553,0.0,0.0,0.0,0.014298009686172009,0.0,0.0,0.05115751922130585,0.0,0.0,0.2612813115119934,0.0,0.0,0.0,0.0,0.0,0.18811030685901642,0.0011502687120810151,0.10299668461084366,0.009509822353720665,0.011477749794721603,0.017879892140626907,0.0,0.005384210497140884,0.0,0.0,0.02071641944348812,0.0,0.0,0.0532691664993763,0.0,0.0,0.0,0.0,0.019574495032429695,0.0,0.0,0.0,0.0007000815821811557,0.0,0.02876892499625683,0.0,0.03477199003100395,0.0,0.0063432930037379265,0.1512143313884735,0.015490258112549782,0.011497700586915016,0.006437160540372133,0.1349778026342392,0.0,0.0024826896842569113,0.0,0.1290639340877533,0.0,0.0,0.0,0.017040951177477837,0.0005298078176565468,0.00632524536922574,0.0,0.0,0.009354090318083763,0.01820686087012291,0.0,0.0,0.10866913944482803,0.0,0.04321466013789177,0.03768051043152809,0.014313365332782269,0.0,0.0,0.029956040903925896,0.0,0.0013564557302743196,0.0,0.0,0.03215397149324417,0.0,0.0,0.19687384366989136,0.0,0.0,0.044652070850133896,0.31413206458091736,0.05178717523813248,0.0,0.0009193606674671173,0.0,0.0,0.0,0.01477059256285429,0.0,0.017379235476255417,0.0,0.0,0.03306198492646217,0.06334882974624634,0.0,0.0,0.0,0.14553269743919373,0.0,0.02834831178188324,0.20774120092391968,0.015116963535547256,0.0,0.0,0.0,0.00023219466675072908,0.0,0.0,0.0,0.0,0.0,0.0,0.019168127328157425,0.02299281395971775,0.0,0.0,0.0,0.003929976839572191,0.03727474808692932,0.03012378141283989,0.0,0.0,0.0,0.16852404177188873,0.03071703016757965,0.029611578211188316,0.02278994768857956,0.0,0.003885634010657668,0.0,0.0011240263702347875,0.22891147434711456,0.03950132057070732,0.0,0.016589539125561714,0.0,0.0,0.368836373090744,0.0,0.0,0.0,0.0,0.0,0.0,0.02355228364467621,0.04717230424284935,0.0,0.0,0.00034364699968136847,0.0,0.13503652811050415,0.0,0.0,0.0,0.01413202565163374,0.004233070649206638,0.05362481623888016,0.0,0.10599472373723984,0.0,0.0,0.03571237251162529,0.0,0.004490723833441734,0.0,0.0,0.013727500103414059,0.0018313302425667644,0.25110235810279846,0.0,0.010351543314754963,0.0,0.0,0.017278775572776794,0.0,0.008843052200973034,0.059484194964170456,0.06632331013679504,0.0,0.19360317289829254,0.045056238770484924,0.0,0.0,0.06588271260261536,0.2701266407966614,0.0,0.040884483605623245,0.060213543474674225,0.0,0.006912126671522856,0.03883256018161774,0.0,0.0,0.0,0.009317309595644474,0.07725343108177185,0.0,0.0778379961848259,0.0,0.15446947515010834,0.06000121682882309,0.12307242304086685,0.01851671375334263,0.0,0.0,0.0,0.005018376279622316,0.004927392117679119,0.0,0.01707281358540058,0.20058651268482208,0.012051914818584919,0.02898753620684147,0.0,0.0,0.0,0.0,0.0,0.00029913426260463893,0.0,0.0,0.0,0.3932756185531616,0.012281971052289009,0.05275530740618706,0.0,0.07143284380435944,0.0,0.0,0.0018063699826598167,0.041103631258010864,0.0012886631302535534,0.015102501027286053,0.0,0.0,0.0,0.0,0.0,0.0,0.0,0.008337042294442654,0.0,0.01689557544887066,0.0,0.04977352172136307,0.04234130680561066,0.010466456413269043,0.0,0.0,0.0,0.0,0.0,0.0,0.0,0.0,0.0,0.0,0.1413733959197998,0.03011295013129711,0.0,0.0,0.0,0.0,0.034236785024404526,0.0,0.0,0.007582920603454113,0.0,0.0,0.011077608913183212,0.0,0.0,0.09385983645915985,0.005603746045380831,0.10299307107925415,0.02924230881035328,0.0,0.2050265073776245,0.006682836916297674,0.13748398423194885,0.022698435932397842,0.0,0.1557508111000061,0.0,0.0383153110742569,0.09507077932357788,0.0,0.034436002373695374,0.004550747107714415,0.0,0.0,0.0,0.0,0.0,0.0010427123634144664,0.0,0.04685530811548233,0.0,0.0,0.0,0.09527631103992462,0.0,0.0,0.0,0.0,0.05501490458846092,0.07840730994939804,0.039975568652153015,0.0,0.07328278571367264,0.06231394782662392,0.0,0.0,0.0013813429977744818,0.029263878241181374,0.0,0.0,0.3678962290287018,0.09729909896850586,0.03158092126250267,0.0,0.026979751884937286,0.0,0.12411011010408401,0.003759293584153056,0.0,0.0,0.0008099365513771772,0.012115735560655594,0.20680202543735504,0.12215999513864517,0.043847646564245224,0.0,0.021834032610058784,0.06916811317205429,0.0,0.0028705643489956856,0.0075826626271009445,0.05315396934747696,0.0,0.030346417799592018,0.0,0.11510398238897324,0.0,0.20797938108444214,0.0,0.0,0.0,0.2671278119087219,0.046592455357313156,0.0,0.016870014369487762,0.567207932472229,0.0,0.024396130815148354,0.0,0.005502551794052124,0.0,0.0,0.0,0.00946896057575941,0.2543072998523712,0.0,0.09469134360551834,0.0,0.0,0.0,0.0013960468349978328,0.0,0.006046620663255453,0.0,0.0,0.2912519574165344,0.06986504793167114,0.0,0.0,0.009652474895119667,0.11508028954267502,0.022929856553673744,0.36680638790130615,0.0,0.0,0.0,0.10489742457866669,0.0,0.1064930334687233,0.11168836802244186,0.08964681625366211,0.17486290633678436,0.020619675517082214,0.01189921423792839,0.006448474712669849,0.02121809683740139,0.02958284318447113,0.002207755343988538,0.0,0.0,0.1814032793045044,0.010391566902399063,0.04016778990626335,0.0,0.012821430340409279,0.12036990374326706,0.2615564465522766,0.009815274737775326,0.06118643656373024,0.014706156216561794,0.043682217597961426,0.0,0.0,0.0,0.0973370149731636,0.0,0.02770877070724964,0.14791230857372284,0.0315030962228775,0.02978159859776497,0.0,0.028993787243962288,0.0,0.0,0.019478077068924904,0.07528755813837051,0.07203993201255798,0.0,0.2024240642786026,0.0,0.0,0.0,0.009082277305424213,0.10729864239692688,0.22290000319480896,0.024281593039631844,0.13672451674938202,0.042149122804403305,0.0,0.0,0.0,0.0,0.0,0.0,0.003868265077471733,0.0,0.0,0.04687028378248215,0.21616235375404358,0.0,0.0,0.012478687800467014,0.016973435878753662,0.0,0.22704415023326874,0.0,0.0014599972637370229,0.042941704392433167,0.04113301262259483,0.0,0.0531226247549057,0.0035407566465437412,0.26973801851272583,0.0,0.0016938471235334873,0.548651933670044,0.0,0.03735886141657829,0.006034278776496649,0.0,0.0,0.0,0.04326040670275688,0.00794404186308384,0.0,0.12248659878969193,0.0,0.0,0.005397926550358534,0.0,0.0,0.00846922118216753,0.0,0.029027078300714493,0.010100102052092552,0.0,0.006209356710314751,0.0,0.3998485207557678,0.0,0.0,0.0,0.0,0.0,0.0030300437938421965,0.6660201549530029,0.07128608971834183,0.016298718750476837,0.020086022093892097,0.07150830328464508,0.0,0.010759077966213226,0.0,0.2086315155029297,0.021792197600007057,0.07386642694473267,0.018668539822101593,0.015338487923145294,0.019100598990917206,0.008079398423433304,0.16051368415355682,0.0,0.014843462966382504,0.0,0.0958307683467865,0.04142836481332779,0.11281068623065948,0.02641286700963974,0.127388596534729,0.04064841568470001,0.0,0.4278014302253723,0.0,0.0,0.05775483697652817,0.0032644467428326607,0.10207739472389221,0.0,0.0,0.0,0.1002715677022934,0.14257310330867767,0.0,0.1619960218667984,0.012605641968548298,0.06966274976730347,0.0,0.005227591376751661,0.40159153938293457,0.040888749063014984,0.10768125206232071,0.0760938972234726,0.20011773705482483,0.07793162018060684,0.035570431500673294,0.0928773283958435,0.14270532131195068,0.024109983816742897,0.17604488134384155,0.0,0.0,0.3579682409763336,0.010175065137445927,0.0,0.023071350529789925,0.0,0.0,0.10296576470136642,0.0,0.007247352506965399,0.004943524487316608,0.0,0.0,0.0,0.19789022207260132,0.08164263516664505,0.0,0.0,0.019137108698487282,0.0,0.0,0.07923014461994171,0.0,0.07972018420696259,0.0,0.1685275286436081,0.0010766010964289308,0.0179547481238842,0.06182646378874779,0.0,0.031230948865413666,0.0009160703630186617,0.0718531385064125,0.19714492559432983,0.0010561830131337047,0.07062074542045593,0.027645135298371315,0.13020962476730347,0.0,0.12732551991939545,0.02449340745806694,0.0069237081333994865,0.0,0.19031274318695068,0.0,0.0,0.022011762484908104,0.5932987928390503,0.11917001754045486,0.0,0.01636035554111004,0.4204222857952118,0.0,0.002819957211613655,0.0,0.26861852407455444,0.0,0.03325842320919037,0.0,0.0,0.0,0.0016910674748942256,0.07583492994308472,0.0,0.0,0.16139988601207733,0.012546299956738949,0.0,0.00795384868979454,0.22430604696273804,0.0,0.0019372839014977217,0.008181579411029816,0.024982476606965065,0.04841317608952522,0.05480973422527313,0.009160153567790985,0.07056307047605515,0.0,0.020610377192497253,0.2999829053878784,0.0,0.0,0.0,0.07967958599328995,0.0582430362701416,0.0,0.10956587642431259,0.0,0.0,0.34691306948661804,0.00766698457300663,0.0,0.03386051207780838,0.0,0.0,0.014276164583861828,0.4246971011161804,0.0,0.0,0.2584966719150543,0.05905936658382416,0.07811502367258072,0.0899013802409172,0.0,0.050011783838272095,0.00334314932115376,0.0,0.0,0.0,0.052364274859428406,0.005331761669367552,0.0,0.0,0.03762522339820862,0.08182024210691452,0.010381056927144527,0.19282861053943634,0.0,0.03281264007091522,0.014961408451199532,0.0,0.1934969574213028,0.0055425530299544334,0.005050842650234699,0.08965397626161575,0.01885576918721199,0.0,0.10107328742742538,0.06273746490478516,0.0,0.023271892219781876,0.44601330161094666,0.0626215785741806,0.046932097524404526,0.0,0.06301069259643555,0.17512193322181702,0.04767017811536789,0.10420934855937958,0.0,0.07227365672588348,0.009218258783221245,0.05256947502493858,0.04975562170147896,0.06870484352111816,0.31924012303352356,0.0,0.38037097454071045,0.0,0.0008904510759748518,0.014369194395840168,0.37859824299812317,0.10721737146377563,0.1424352377653122,0.09914915263652802,0.0,0.013514556922018528,0.021700382232666016,0.0048149204812943935,0.0,0.04977850988507271,0.028625695034861565,0.0,0.0,0.003184517612680793,0.0,0.12107168883085251,0.0,0.0,0.10345308482646942,0.022646622732281685,0.2716778814792633,0.0,0.0,0.003416612045839429,0.0,0.0,0.0,0.47112318873405457,0.0,0.0,0.0,0.0,0.20389720797538757,0.0,0.0,0.0,0.06609644740819931,0.006651539821177721,0.038898784667253494,0.2845652103424072,0.3596038818359375,0.0,0.009267437271773815,0.0,0.03707912191748619,0.0,0.0,0.0,0.0,0.08781110495328903,0.013769029639661312,0.0,0.0010635399958118796,0.009737423621118069,0.019310148432850838,0.10395648330450058,0.12368878722190857,0.0,0.0035009675193578005,0.0,0.009577373042702675,0.0,0.3549085259437561,0.021709401160478592,0.27682948112487793,0.0,0.043244291096925735,0.0030191857367753983,0.007085113320499659,0.0,0.03691796958446503,0.0,0.052861347794532776,0.005151014309376478,0.014572798274457455,0.03548227623105049,0.0,0.0026529503520578146,0.0,0.0669841468334198,0.0,0.05813075229525566,0.026462890207767487,0.0,0.0,0.0,0.0,0.0,0.9409964680671692,0.20744065940380096,0.0,0.0,0.022533884271979332,0.0,0.012198233976960182,0.05632273852825165,0.08726378530263901,0.0,0.0,0.5946977138519287,0.0,0.0,0.0,0.0,0.0,0.0,0.0,0.005556890740990639,0.0,0.0,0.0,0.4831763207912445,0.018113143742084503,0.0,0.0982823297381401,0.0,0.019401079043745995,0.0010441833874210715,0.0,0.0,0.0,0.0017462437972426414,0.31651875376701355,0.029834579676389694,1.199455976486206,0.0,0.0022666656877845526,0.006922261789441109,0.0006420921999961138,0.0,0.031470946967601776,2.288236618041992,0.009943051263689995,0.0,0.0,0.022287733852863312,0.028814420104026794,0.0,0.0,0.007584898266941309,0.0,0.0,0.6320756673812866,0.0,0.010091829113662243,0.019915366545319557,0.0,0.0,0.0,0.07045572251081467,0.2163979411125183,0.04684740677475929,0.0,0.13675712049007416,0.0,0.0,0.0,0.0,0.0,0.1112174540758133,0.012647723779082298,0.023069703951478004,0.0,0.0,0.1856200248003006,0.015264671295881271,0.0033824897836893797,0.039045050740242004,0.6071186661720276,0.0,0.04718797281384468,0.1494225114583969,0.0,0.02089931070804596,0.0,0.0,0.0,0.05229590833187103,0.0,0.0,0.0,0.0,0.0,0.0,0.0,0.10291912406682968,0.02615087479352951,1.0127876996994019,0.0011513765202835202,0.03784684091806412,0.0,0.0454343780875206,0.05835023522377014,0.0,0.03248097002506256,0.0,0.0,0.43812084197998047,0.0,0.024580221623182297,0.0,0.0,0.0,0.0,0.054393257945775986,0.01576313003897667,0.0,0.003291607601568103,0.0,0.0,0.0,0.0,0.005196878220885992,0.0,0.0,0.001318025286309421,0.0,0.012911181896924973,0.21043720841407776,0.0,0.07686718553304672,0.0,0.0,0.0,0.013119101524353027,0.0,0.050311602652072906,0.0,0.005430789198726416,0.03779980167746544,0.005535731092095375,0.0,0.0,0.04075999557971954,0.06285490095615387,0.0,0.07078829407691956,0.012541425414383411,0.0,0.0232252050191164,0.0,0.017284875735640526,0.0,0.012111419811844826,0.0,0.0,0.0,0.026816587895154953,0.0,0.0,0.0027004312723875046,0.012622623704373837,0.0009956449503079057,0.0,0.25405216217041016,0.08820418268442154,0.0,0.0017748689278960228,0.0,0.0,0.06374034285545349,0.0,0.01657356321811676,0.12104929238557816,0.020007040351629257,0.0,0.020928427577018738,0.0,0.01917729340493679,0.0,0.0,0.0,0.012883681803941727,0.22223030030727386,0.04405202716588974,0.0,0.006080142688006163,0.24904416501522064,0.0,0.0,0.0,0.2811233699321747,0.12490784376859665,0.033584192395210266,0.017373673617839813,0.0,0.0,0.9621925950050354,0.35447177290916443,0.10119660198688507,0.0,0.0,0.0,0.0,0.0,0.01735171489417553,0.0022902637720108032,0.6384860873222351,0.0,0.11856289952993393,0.0,0.0009984433418139815,0.0,0.011626403778791428,0.05505439266562462,0.0,0.0,0.06496229022741318,0.12058025598526001,0.0,0.03131480887532234,0.39214882254600525,0.009710489772260189,0.4805275797843933,0.05349569395184517,0.005184891168028116,0.31476151943206787,0.043806981295347214,0.054633673280477524,0.0,0.37046703696250916,0.022273214533925056,0.0,0.0008094215299934149,0.0,0.0,0.0,0.10048896819353104,0.0,0.0,0.30834051966667175,0.02413221448659897,0.0,0.0,0.12063802033662796,0.01661210134625435,0.0011531615164130926,0.0,0.0,0.0,0.09104860574007034,0.00607252586632967,0.0,0.0,0.04978085681796074,0.0,0.0,0.004802284296602011,0.0,0.0,0.0,0.0,0.0,0.2891231179237366,0.008475402370095253,0.0,0.030108343809843063,0.0,0.15066704154014587,0.0,0.0,0.0036818338558077812,0.0,0.09320017695426941,0.0,0.0,0.0,0.0,0.0,0.0,0.0,0.0,0.002502074232324958,0.0,0.0,0.0,0.02327803336083889,0.0,0.009317845106124878,0.0,0.05270210653543472,0.017277970910072327,0.01567836105823517,0.00784284621477127,0.057856641709804535,0.0,0.05050209164619446,0.0,0.12966233491897583,0.01657440885901451,0.03331989422440529,0.11271706223487854,0.1131846159696579,0.003051490755751729,0.0,0.0,0.00470368517562747,0.0,0.2426847219467163,0.03796016797423363,0.023050740361213684,0.0,0.018385596573352814,0.031901586800813675,0.038239866495132446,0.0,0.006396299693733454,0.0,0.0,0.08993486315011978,0.09913520514965057,0.0,0.024763882160186768,0.0,0.018199538812041283,0.011001703329384327,0.06390444934368134,0.04121515899896622,0.0,0.0,0.13495536148548126,0.09766677767038345,0.022609159350395203,0.0,0.0,0.0066410088911652565,0.0,0.5891990661621094,0.022534722462296486,0.012026207521557808,0.0,0.12980449199676514,0.08502534031867981,0.1156637892127037,0.0025271237827837467,0.0640498623251915,0.0,0.0,0.21223123371601105,0.3004906177520752,0.0,0.0817454606294632,0.013458878733217716,0.7338908314704895,0.0,0.003958131652325392,0.0025406647473573685,0.007582427468150854,0.002121987286955118,0.004751522559672594,0.0,0.0,0.10323262214660645,0.0035916429478675127,0.18469113111495972,0.0,0.10633223503828049,0.0,0.0006633853772655129,0.006575299426913261,0.0993415042757988,0.2843787372112274,0.0,0.03201517090201378,0.14582662284374237,0.0007135516498237848,0.03960423171520233,0.011671886779367924,0.0,0.0,0.08685916662216187,0.03783198446035385,0.0,0.0,0.024093978106975555,0.18390445411205292,0.008621719665825367,0.0,0.005704197101294994,0.03487953171133995,0.10342275351285934,8.797645568847656e-05,0.004387308843433857,0.0,0.010775545611977577,0.0,0.0022873347625136375,0.017739184200763702,0.1358102262020111,0.0008832407183945179,0.06370283663272858,0.0152972973883152,0.08252434432506561,0.6892687082290649,0.0501042976975441,0.0727429911494255,0.0061493683606386185,0.05392122268676758,0.006254138890653849,0.0,0.0,0.0,0.02032785676419735,0.02370748668909073,0.04242310672998428,0.0,0.032339442521333694,0.0,0.4555629789829254,0.1429411619901657,0.0,0.039427801966667175,0.013924636878073215,0.15905345976352692,0.29378384351730347,0.03931061550974846,0.022972725331783295,0.6261582374572754,0.024828238412737846,0.7098489999771118,0.06296543031930923,0.0,0.0,0.0,0.0915350466966629,0.0,0.07789574563503265,0.0,0.0,0.006968042813241482,0.0,0.029525447636842728,1.2379357814788818,0.14853759109973907,0.018598981201648712,0.0,0.06532028317451477,0.0,0.05928590148687363,0.033962611109018326,0.001767246751114726,0.0,0.34921371936798096,0.02692456915974617,0.02053745463490486,0.01490804459899664,0.0,0.0,0.044380515813827515,0.002204007003456354,0.09508907049894333,0.044852208346128464,0.0,0.24252961575984955,0.0,0.05555793642997742,0.0,0.005431768950074911,0.005209763068705797,0.0,0.7661570906639099,0.4579789638519287,0.0,0.06860560178756714,0.19016292691230774,0.013764729723334312,0.13482160866260529,0.0017712238477542996,0.024023326113820076,0.0005692851264029741,0.0024043680168688297,0.0,0.0,0.029462967067956924,0.0,0.04710733890533447,0.010234696790575981,0.06340799480676651,0.1330936849117279,0.014413459226489067,0.0,0.06186744570732117,0.02695411443710327,0.026486432179808617,0.19307881593704224,0.01471900474280119,0.0,0.1620568484067917,0.0,0.014304002746939659,0.0746241882443428,0.0,0.04719742760062218,0.0003997874155174941,0.0,0.0,0.44568946957588196,0.0,0.0626845583319664,0.01073547638952732,0.0,0.0,0.0,0.019207827746868134,0.0,0.0,0.020246252417564392,0.016225866973400116,0.023605968803167343,0.009857751429080963,0.013044552877545357,0.0,0.7270771265029907,0.0611228309571743,0.002782490337267518,0.206711083650589,0.06831774860620499,0.0,0.010335240513086319,0.0,0.036596428602933884,0.0,0.006268884986639023,0.027160698547959328,0.0,0.0,0.0,0.0,0.0,0.0017794036539271474,0.0,0.10851476341485977,0.027726443484425545,0.03461543098092079,0.02932882308959961,0.13451647758483887,0.0803108662366867,0.05063368380069733,0.12361762672662735,0.03714751824736595,0.0,0.0642407163977623,0.0,0.003346012905240059,0.0,0.01716557703912258,0.010706674307584763,0.0,0.06343860924243927,0.20544788241386414,0.0,0.0,0.0,0.043664321303367615,0.0,0.0,0.033494919538497925,0.006502202711999416,0.0034686995204538107,0.06234609708189964,0.01818864420056343,0.003823112929239869,0.006173260044306517,0.0,0.0,0.0018928718054667115,0.0,0.021190693601965904,0.23834876716136932,0.020826831459999084,0.45044273138046265,0.02586653269827366,0.02637159265577793,0.2398424744606018,0.0,0.009954476729035378,0.0,0.0,0.004987310152500868,0.0,0.06719034165143967,0.39401015639305115,0.012144441716372967,0.006078946404159069,0.0,0.0,0.010579394176602364,0.0,0.0,0.0,0.0,0.4674522876739502,0.0,0.013897265307605267,0.0,0.0,0.21257592737674713,0.025456734001636505,0.0,0.0,0.0,0.21018962562084198,0.00517194764688611,0.034048762172460556,0.0024056744296103716,0.0,0.01468405406922102,0.03320714086294174,0.0,0.0,0.07922551780939102,0.017391100525856018,0.016830477863550186,0.005497578531503677,0.0,0.0,0.03129119798541069,0.0,0.0452391617000103,0.0,0.0,0.02214457467198372,0.03810414299368858,0.08772533386945724,0.0,0.03486113250255585,0.1267867237329483,0.07677160948514938,0.0,0.029952459037303925,0.5479991436004639,0.0023632198572158813,0.2633894085884094,0.03740962967276573,0.19803188741207123,0.029985155910253525,0.38794898986816406,0.0,0.0007605361752212048,0.0,0.029567766934633255,0.010871417820453644,0.01420934684574604,0.0,0.01587952859699726,0.0,0.03707437217235565,0.0016278123948723078,0.04843095690011978,0.0,0.4961349070072174,0.03292890638113022,0.024829965084791183,0.0,0.003802211256697774,0.06689786165952682,0.003503634827211499,0.0385141521692276,0.01516484934836626,0.0,0.00988034252077341,0.009896177798509598,0.0,0.0,0.05929100885987282,0.002956662094220519,0.0037899184972047806,0.0057026054710149765,0.007947290316224098,0.029705176129937172,0.008780199103057384,0.0,0.0,0.0,0.06805828213691711,0.08077693730592728,0.8418575525283813,0.0,0.0,0.0,0.0,0.0,0.08142341673374176,0.0,0.0,0.0,0.0,0.0,0.00688457116484642,0.17428529262542725,0.0,0.003125456627458334,0.16289423406124115,0.04127661883831024,0.20122848451137543,0.0709848552942276,0.10736091434955597,0.0,0.14484910666942596,0.0,0.0,0.01300573255866766,0.002704004058614373,0.013435929082334042,0.0,0.2799186408519745,0.0,0.0,0.09992388635873795,0.0,0.009145005606114864,0.0,0.0,0.0,0.0,0.0049105617217719555,0.04331294447183609,0.019946543499827385,0.0,0.0,0.009650097228586674,0.0111013725399971,0.0,0.0,0.10317222774028778,0.01828525774180889,0.10227081179618835,0.07680452615022659,0.0,0.04085414111614227,0.0,0.0,0.0,0.1531846970319748,0.0,0.0021040451247245073,0.04366929456591606,0.015848888084292412,0.010741696693003178,0.0,0.0,0.035462528467178345,0.0,0.0,0.0,0.0,0.0,0.0,0.026285214349627495,0.011935412883758545,0.01626700349152088,0.6183990836143494,0.0,0.004243333358317614,0.0,0.00019745194003917277,0.0,0.1502976268529892,0.0,0.10858649015426636,0.4268680810928345,0.0,0.001215455587953329,0.03125922009348869,0.0,0.0,0.0,0.0,0.3475135564804077,0.0,0.0,0.0,0.0,0.0,0.4887770116329193,0.11603204905986786,0.006391982547938824,0.0,0.0045373751781880856,0.08437427878379822,0.3303016722202301,0.0,0.0,0.0034504784271121025,0.0,0.0,0.0,0.0,0.0,0.010333273559808731,0.0,0.0,0.0,0.0,0.30299511551856995,0.0,0.033385735005140305,0.02854260429739952,0.025196483358740807,0.0,0.3555293381214142,0.21367044746875763,0.0,0.14247892796993256,0.0012348223244771361,0.0,0.0,0.00529561098664999,0.06491685658693314,0.0,0.0,0.03613041341304779,0.0,0.04174908995628357,0.030998410657048225,0.02024116739630699,0.0,0.0,0.008058566600084305,0.1643587350845337,0.014502514153718948,0.007527083158493042,0.03411949798464775,0.0,0.1406680941581726,0.05831949785351753,0.09114889800548553,0.04097691550850868,0.0,0.0,0.0028587484266608953,0.07204107940196991,0.0,0.0,0.027611086145043373,0.0,0.007731573656201363,0.0,0.0,0.0,0.0,0.008874228224158287,0.03270488604903221,0.009717844426631927,0.0,0.0,0.1386553943157196,0.05251393839716911,0.09506794810295105,0.010856405831873417,0.005929545033723116,0.010192733258008957,0.0,0.0,0.3272785544395447,0.0,0.0740232765674591,0.058380961418151855,0.0050527737475931644,0.0,0.4224229156970978,0.0004139280354138464,0.04143788293004036,0.0
0.0,0.0071199978701770306,0.3373490571975708,0.0,0.0,0.0,0.013388779014348984,0.026029543951153755,0.0,0.06640910357236862,0.0,0.07338997721672058,0.024026285856962204,0.24643759429454803,0.09864908456802368,0.15910710394382477,0.001940811867825687,0.034066978842020035,0.0,0.234592005610466,0.06221504136919975,0.0,0.016320398077368736,0.16625957190990448,0.05775262415409088,0.11886720359325409,0.0,0.0,0.0,0.0,0.43149200081825256,0.08511346578598022,0.002401970559731126,0.0,0.18201670050621033,0.16661757230758667,0.012104659341275692,0.040467455983161926,0.0,0.07519201934337616,0.28678473830223083,0.0,0.0,0.09190524369478226,0.5098186731338501,0.01299227587878704,0.04472901299595833,0.0,0.24539795517921448,0.0,0.0,0.19493289291858673,0.0,0.15841519832611084,0.018954720348119736,0.0,0.0,0.0,0.0980941653251648,0.0117905018851161,0.006193920504301786,0.37274059653282166,0.08143530786037445,0.0,0.009229835122823715,0.3684196174144745,0.1328527182340622,0.013131780549883842,0.031131524592638016,0.009474392049014568,0.270165354013443,0.0,0.019047079607844353,0.1448647528886795,0.0,0.07864692807197571,0.382394939661026,0.0,0.1545652449131012,0.3606927990913391,0.0,0.07582726329565048,0.0,0.11134644597768784,0.008050353266298771,0.3156079947948456,0.05595890060067177,0.0,0.0,0.034266017377376556,0.03105938620865345,0.002409815788269043,0.20908641815185547,0.5128247141838074,0.0,0.11818898469209671,0.03555653244256973,0.0,0.0,0.002398380544036627,0.024709196761250496,0.04033483937382698,0.155459925532341,0.010103120468556881,0.08465762436389923,0.0026936745271086693,0.022842107340693474,0.0,0.007837393321096897,0.008585047908127308,0.015733931213617325,0.033502399921417236,0.0,0.12297994643449783,0.01367182470858097,0.4080481231212616,0.0,0.07727064937353134,0.0,0.16266313195228577,0.013062183745205402,0.007953298278152943,0.2793198525905609,0.05334048345685005,0.00378394010476768,0.010903775691986084,0.20139862596988678,0.017094576731324196,0.09332601726055145,0.0004430246481206268,0.10580949485301971,0.0,0.03829816356301308,0.0,0.06952396780252457,0.07427695393562317,0.022475814446806908,0.0,0.0017158400733023882,0.0,0.11624029278755188,0.038077302277088165,0.0,0.038290590047836304,0.18668264150619507,0.0,0.01722653955221176,0.26876112818717957,0.020508917048573494,0.05034104362130165,0.040873393416404724,0.0,0.06628362834453583,0.06140686944127083,0.0,0.0325554758310318,0.008097846060991287,0.007904315367341042,0.144108384847641,0.09831580519676208,0.0011465356219559908,0.023436496034264565,0.025056423619389534,0.3587762415409088,0.08684969693422318,0.0,0.220814511179924,0.0,0.13012629747390747,0.3953351080417633,0.1746997982263565,0.034591034054756165,0.04153602942824364,0.23313331604003906,0.05559103563427925,0.052217546850442886,0.5355552434921265,0.00998565275222063,0.0,0.321196973323822,0.0,0.0,0.04193666949868202,0.04683979973196983,0.02252976968884468,0.2814657986164093,0.15888215601444244,0.03646717965602875,0.06364933401346207,0.2276880294084549,0.028090612962841988,0.07528133690357208,0.0,0.0005351066356524825,0.013125751167535782,0.015263705514371395,0.02160845324397087,0.0102463960647583,0.2946896553039551,0.005859289318323135,0.13575643301010132,0.024944424629211426,0.0,0.17765551805496216,0.0,0.02369586005806923,0.05443509668111801,0.020940715447068214,0.06673968583345413,0.10258933156728745,0.14415501058101654,0.005459187086671591,0.19825437664985657,0.0,0.018476329743862152,0.01491874922066927,0.03796692192554474,0.021840844303369522,0.0,0.020481619983911514,0.0665263831615448,0.02041706070303917,0.18003928661346436,0.1614721417427063,0.0,0.20351994037628174,0.013067822903394699,0.009124159812927246,0.1029614806175232,0.14084398746490479,0.1360073834657669,0.0,0.1772499531507492,0.0617196187376976,0.1384451538324356,0.2771732211112976,0.03219577670097351,0.08139706403017044,0.05095628648996353,0.01293137576431036,0.0,0.07853586971759796,0.03184911236166954,0.0,0.08037570863962173,0.040059465914964676,0.04779767990112305,0.03115241788327694,0.0,0.009340493939816952,0.030028853565454483,0.005948119331151247,0.005876476876437664,0.005626964382827282,0.0,0.07772889733314514,0.0,0.07080218195915222,0.06889369338750839,0.4004519581794739,0.0,0.0165548212826252,0.021700415760278702,0.0,0.13759849965572357,0.038379572331905365,0.12136171013116837,0.05066870525479317,0.005886502098292112,0.011193518526852131,0.1031937226653099,0.008180923759937286,0.008761191740632057,0.12911102175712585,0.052569251507520676,0.0,0.055818911641836166,0.011688929051160812,0.14231766760349274,0.22679224610328674,0.014089434407651424,0.0,0.020344801247119904,0.15531988441944122,0.018548933789134026,0.5327918529510498,0.0,0.0,0.20851603150367737,0.032071180641651154,0.15872198343276978,0.07210680842399597,0.07843929529190063,0.0,0.06779100745916367,0.024947382509708405,0.17766845226287842,0.0,0.2801963686943054,0.0,0.02039252780377865,0.026157135143876076,0.18165341019630432,0.1171519085764885,0.15266181528568268,0.0004872393619734794,0.0022223901469260454,0.02794056385755539,0.0,0.0,0.0,0.14951539039611816,0.022405289113521576,0.1948396861553192,0.046842943876981735,0.3334066867828369,0.043563053011894226,0.008626413531601429,0.16251040995121002,0.029607301577925682,0.0,0.04218348488211632,0.0,0.0,0.6466371417045593,0.0,0.0,0.011331417597830296,0.0,0.0,0.006918981205672026,0.050374794751405716,0.0,0.0,0.0,0.0,0.0,0.0,0.010583173483610153,0.08603620529174805,0.06879906356334686,0.004569283686578274,0.0,0.0,0.0,0.0,0.0,0.0,0.0,0.0,0.15734350681304932,0.00025143384118564427,0.09710851311683655,0.04872926324605942,0.2972191572189331,0.0,0.0,0.0,0.08965709805488586,0.008245663717389107,0.006473447196185589,0.0,0.0,0.0,0.0005937406676821411,0.0,0.09489881247282028,0.03360734134912491,0.003689645556733012,0.0,0.48578891158103943,0.0,0.0,0.022559888660907745,0.008706805296242237,0.0,0.0,0.005983334966003895,0.0,0.1058511734008789,0.12013519555330276,0.0,0.0,0.0001359707093797624,0.007916721515357494,0.0,0.0,0.057641662657260895,0.0,0.0,0.20785170793533325,0.0,0.0,0.0,0.0,0.0,0.10781554877758026,0.0,0.08600497990846634,0.030249828472733498,0.010275263339281082,0.008137516677379608,0.0,0.0,0.005044565070420504,0.0,0.0008098441176116467,0.0,0.0,0.05365300551056862,0.0,0.0,0.0,0.0,0.02429606392979622,0.0,0.0,0.0,0.0,0.0,0.019383175298571587,0.0,0.046865083277225494,0.0,0.0023738027084618807,0.14229735732078552,0.0010310381185263395,0.011457034386694431,0.006617992650717497,0.13918593525886536,0.0,0.009809598326683044,0.0,0.08087045699357986,0.0,0.0,0.0004837465239688754,0.0006666487315669656,0.013549469411373138,0.0,0.0,0.0,0.00904808659106493,0.03828725963830948,0.0,0.0,0.06787796318531036,0.0,0.00812243577092886,0.023387296125292778,0.007349343504756689,0.0,0.0,0.03851722553372383,0.0,0.016427315771579742,0.0,0.0,0.008674985729157925,0.0,0.003312896005809307,0.21395181119441986,0.0,0.0,0.06600246578454971,0.24979951977729797,0.050859298557043076,0.0,0.0,0.0,0.0,0.0,0.01699594222009182,0.0,0.0240655317902565,0.0,0.0,0.015619771555066109,0.042058639228343964,0.0,0.0,0.0,0.17221477627754211,0.002901258412748575,0.04979100078344345,0.20993047952651978,0.009492259472608566,0.0,0.0,0.0,0.018546974286437035,0.0,0.0,0.0,0.0,0.0,0.0,0.02107539400458336,0.031334973871707916,0.0,0.0,0.0,0.024237455800175667,0.029093442484736443,0.018428059294819832,0.0,0.0,0.0,0.1611056923866272,0.010867181234061718,0.034094423055648804,0.006353938486427069,0.0,0.010583659633994102,0.0,0.00587811041623354,0.15823020040988922,0.037403833121061325,0.00131513352971524,0.007180545479059219,0.0,0.0,0.42136096954345703,0.0,0.0021609452087432146,0.0,0.0,0.0,0.0,0.02574370801448822,0.03002743050456047,0.0,0.005078041460365057,0.0,0.0,0.15305601060390472,0.0,0.0,0.0,0.012360887601971626,0.006196309812366962,0.060129061341285706,0.0,0.08141891658306122,0.0,0.0,0.0,0.0,0.006485469173640013,0.0,0.002918907906860113,0.05416889116168022,0.0,0.2131660282611847,0.007748293690383434,0.01117364689707756,0.0,0.0,0.02737719938158989,0.0,0.0,0.09882848709821701,0.0349045991897583,0.0,0.1949765533208847,0.07277008146047592,0.0,0.0,0.08529110997915268,0.26483431458473206,0.0,0.037965066730976105,0.09850424528121948,0.0,0.0,0.025734595954418182,0.002280318643897772,0.005742148961871862,0.0,0.0043875048868358135,0.11973327398300171,0.0,0.05992057919502258,0.0,0.18131732940673828,0.027175789698958397,0.08347459882497787,0.021256223320961,0.0,0.0,0.0,0.0,0.0027615725994110107,0.0,0.01376949530094862,0.14723189175128937,0.004527045413851738,0.006402635481208563,0.0,0.0,0.0,0.0,0.0,0.028397705405950546,0.0,0.007412283215671778,0.0,0.4116731286048889,0.0073627205565571785,0.04504619538784027,0.0,0.07842753827571869,0.0,0.0,0.007104662712663412,0.014586638659238815,0.023364568129181862,0.03327636420726776,0.0,0.0,0.0005088698817417026,0.0015493211103603244,0.0,0.0,0.01941661909222603,0.0005309589323587716,0.0,0.0,0.0,0.03598255291581154,0.037719424813985825,0.008059480227530003,0.0,0.0,0.0,0.0,0.0,0.005674054846167564,0.0,0.0,0.0,0.0,0.12407322973012924,0.012403033673763275,0.0,0.0,0.0,0.0,0.026217985898256302,0.0,0.0,0.010645483620464802,0.0,0.0,0.014863619580864906,0.0,0.0,0.09444715827703476,0.0033248967956751585,0.09729935973882675,0.010062163695693016,0.0,0.24661943316459656,0.008780241943895817,0.0638420507311821,0.021016299724578857,0.0,0.1330339014530182,0.0009221568470820785,0.040689993649721146,0.06800265610218048,0.0,0.036196041852235794,0.0013699567643925548,0.0,0.0,0.0,0.0,0.0,0.0,0.0,0.054076410830020905,0.0,0.0,0.0,0.06025322899222374,0.0035259833093732595,0.0,0.0,0.0,0.004382761660963297,0.0878017395734787,0.015489613637328148,0.010135035961866379,0.06883841753005981,0.017054636031389236,0.0,0.0,0.007242981344461441,0.034365639090538025,0.0,0.0,0.3836943805217743,0.06885556876659393,0.0061964248307049274,0.0,0.02790338546037674,0.0,0.13689060509204865,0.0022816990967839956,0.0,0.0,0.009385683573782444,0.011365467682480812,0.15572196245193481,0.1206778883934021,0.03287140280008316,0.0,0.009259982965886593,0.04255899041891098,0.010774295777082443,0.0,0.0,0.049386922270059586,0.0,0.03441688418388367,0.0,0.05892625451087952,0.0,0.22734035551548004,0.0,0.0,0.0,0.2405014932155609,0.06047356128692627,0.0,0.0018749571172520518,0.5289298295974731,0.0,0.018044060096144676,0.0,0.00803058035671711,0.0,0.0,0.0,0.008222338743507862,0.26860398054122925,0.0,0.10443338751792908,0.0,0.0,0.008961692452430725,0.011715118773281574,0.0,7.6944830652792e-05,0.006166594102978706,0.0,0.22582736611366272,0.12660172581672668,0.0,0.0,0.0074174064211547375,0.1000976487994194,0.005952709820121527,0.3130827248096466,0.0,0.0,0.0,0.11149708926677704,0.0,0.10258655250072479,0.029504450038075447,0.043206777423620224,0.12991194427013397,0.02243613637983799,0.017535680904984474,0.0006595179438591003,0.03737316280603409,0.03123842179775238,0.008829561062157154,0.0,0.0,0.20912083983421326,0.0031179548241198063,0.03841625154018402,0.0,0.0013212687335908413,0.09553065896034241,0.3299241364002228,0.0,0.027127010747790337,0.0661671832203865,0.048983823508024216,0.003571138484403491,0.0,0.0,0.05242030322551727,0.0,0.0015588914975523949,0.1313713639974594,0.051943790167570114,0.017695976421236992,0.0,0.02851029857993126,0.0,0.0,0.025865860283374786,0.10658493638038635,0.07178816944360733,0.0019958289340138435,0.13813166320323944,0.0,0.0,0.0,0.01905263587832451,0.05177969112992287,0.2680240869522095,0.019088629633188248,0.09337057173252106,0.07236500084400177,0.0,0.0,0.0012115073623135686,0.0,0.0,0.0,0.015590768307447433,0.0004895496531389654,0.0,0.028066104277968407,0.1365036517381668,0.0,0.004365526605397463,0.03627527877688408,0.0042224787175655365,0.0,0.19856275618076324,0.0,0.0,0.01589610055088997,0.03297659009695053,0.0,0.04036049544811249,0.0,0.2842220366001129,0.0,0.027557339519262314,0.5450952649116516,0.0,0.07096223533153534,0.006712728645652533,0.0,0.0,0.0,0.00428898585960269,0.03201030567288399,0.0,0.11504793912172318,0.0013242400018498302,0.0,0.0,0.0,0.022286739200353622,0.008218688890337944,0.0,0.013293839991092682,0.0,0.0,0.002469955710694194,0.0,0.32573315501213074,0.0,0.0,0.0,0.0,0.0,0.0,0.6018215417861938,0.061592839658260345,0.028545618057250977,0.025430431589484215,0.06908925622701645,0.0,0.005053529515862465,0.0,0.16801568865776062,0.02614039182662964,0.05855546519160271,0.012199003249406815,0.013052843511104584,0.004062010440975428,0.0002296811289852485,0.1153794452548027,0.0,0.0029961252585053444,0.0,0.09208033233880997,0.04398432746529579,0.08967509120702744,0.016172463074326515,0.0875668078660965,0.038271330296993256,0.0,0.40158331394195557,0.0,0.0,0.08513901382684708,0.033177949488162994,0.03758888319134712,0.0,0.011438964866101742,0.0,0.050274111330509186,0.14037269353866577,0.0,0.1797858625650406,0.013208560645580292,0.05956663563847542,0.0,0.03758656606078148,0.37142670154571533,0.027688996866345406,0.1980707049369812,0.08869054913520813,0.13945257663726807,0.020608138293027878,0.02298833057284355,0.10544797778129578,0.12750034034252167,0.02950446307659149,0.20538797974586487,0.0,0.0,0.37491607666015625,0.003315229434520006,0.0,0.029058223590254784,0.0,0.0,0.08396503329277039,0.0,0.0045470260083675385,0.007901818491518497,0.0,0.0,0.0,0.22818951308727264,0.054937805980443954,0.0,0.0,0.010186601430177689,0.0,0.010824941098690033,0.11508847028017044,0.003833037568256259,0.06305143237113953,0.0,0.13236570358276367,0.004847278818488121,0.011591583490371704,0.04716324806213379,0.0,0.03962601348757744,0.0,0.029281849041581154,0.1546596884727478,0.0,0.06552797555923462,0.030581021681427956,0.11709358543157578,0.0,0.10150007903575897,0.049737635999917984,0.0,0.0,0.14099231362342834,0.0,0.0,0.0022918563336133957,0.5376127362251282,0.21244288980960846,0.0,0.02749824710190296,0.34824520349502563,0.0,0.0,0.0,0.21607936918735504,0.0,0.023789627477526665,0.0,0.0,0.0,0.0,0.08543521910905838,0.0,0.0,0.1733911633491516,0.021141529083251953,0.0,0.0,0.18265722692012787,0.0,0.011697095818817616,0.02465427853167057,0.027180487290024757,0.06255954504013062,0.02758987620472908,0.0076175774447619915,0.04542190581560135,0.0,0.0,0.2659803628921509,0.0,0.0,0.07825516164302826,0.07935651391744614,0.051595915108919144,0.0,0.11505443602800369,0.0,0.0,0.2923784554004669,0.014313562773168087,0.0,0.024567972868680954,0.0,0.0,0.04289960861206055,0.4187281131744385,0.0,0.0,0.2506479024887085,0.04174604266881943,0.046537574380636215,0.07882986217737198,0.0,0.046497926115989685,0.01600683480501175,0.00449005700647831,0.0,0.0,0.06014595553278923,0.017235008999705315,0.0,0.00342413317412138,0.04040299728512764,0.10051917284727097,0.011491689831018448,0.1553458422422409,0.0,0.030220426619052887,0.0176377035677433,0.0,0.16725650429725647,0.005369122605770826,0.007618279661983252,0.09699679166078568,0.0,0.0,0.1337994486093521,0.09540397673845291,0.0,0.008721522055566311,0.4062827229499817,0.09272146970033646,0.07215619832277298,0.0,0.07289042323827744,0.15738610923290253,0.05632774904370308,0.09138712286949158,0.0,0.10953225940465927,0.021447673439979553,0.05717606097459793,0.03042561002075672,0.0898483544588089,0.4103221893310547,0.0,0.328403502702713,0.0,0.00529705872759223,0.01227702759206295,0.31021955609321594,0.10290364921092987,0.17867174744606018,0.09571763128042221,0.0,0.014401834458112717,0.008172688074409962,0.03209259733557701,0.0,0.028076913207769394,0.033738572150468826,0.0,0.0,0.0036384754348546267,0.0,0.10940854996442795,0.0,0.0,0.08978421241044998,0.028549304232001305,0.17973795533180237,0.0,0.0,0.004128985572606325,0.0,0.0,0.0,0.4433597922325134,0.0,0.0,0.0,0.0,0.1805109977722168,0.0,0.0,0.0,0.06149944290518761,0.0008236408466473222,0.024842344224452972,0.2680429518222809,0.21690279245376587,0.0,0.016834605485200882,0.015088423155248165,0.05531769245862961,0.0,0.0,0.0,0.0,0.03831326961517334,0.011656162329018116,0.0,0.01289321668446064,0.0048627848736941814,0.007105882279574871,0.15284137427806854,0.12600047886371613,0.0,0.0,0.0,0.0,0.0,0.3893333673477173,0.022281788289546967,0.30404233932495117,0.0,0.06120504066348076,0.00463291397318244,0.0018456507241353393,0.0,0.04216409847140312,0.0,0.02782423235476017,0.0,0.012848565354943275,0.0040585072711110115,0.0,0.032435789704322815,0.0,0.0523943230509758,0.0,0.047125063836574554,0.01778724230825901,0.0,0.0,0.0,0.0,0.0,0.7092791795730591,0.29179489612579346,0.0,0.0,0.034358929842710495,0.0,0.014869324862957,0.023041926324367523,0.08439432084560394,0.0,0.0,0.6428652405738831,0.0,0.0,0.0,0.0036445714067667723,0.0,0.0,0.0,0.0,0.0032681517768651247,0.0,0.0,0.34175777435302734,0.024158651009202003,0.0,0.06715473532676697,0.0,0.0026118040550500154,0.0012337631778791547,0.0,0.0,0.0,0.00817884225398302,0.23109689354896545,0.0172670129686594,1.0268534421920776,0.0,0.0,0.006340334191918373,0.0,0.0,0.02449199929833412,2.302055835723877,0.0434434711933136,0.001408810610882938,0.0,0.03478970006108284,0.0,0.0,0.0,0.00627613440155983,0.009676815010607243,0.0,0.5448429584503174,0.0,0.013091337867081165,0.032833877950906754,0.0,0.0,0.0,0.06989938020706177,0.22173179686069489,0.0483727753162384,0.0,0.13691800832748413,0.0,0.0,0.0,0.0,0.0,0.08160911500453949,0.00879183504730463,0.0210944302380085,0.011059015057981014,0.0,0.24094150960445404,0.0168283861130476,0.0020109342876821756,0.06866489350795746,0.5872468948364258,0.0,0.017644675448536873,0.17676566541194916,0.0,0.02174406312406063,0.0,0.003282316029071808,0.0,0.05134381726384163,0.0,0.0012862992007285357,0.0,0.0,0.0,0.0,0.0,0.1394176483154297,0.02617410011589527,0.8575664758682251,0.0,0.053231943398714066,0.0035204028245061636,0.013072662055492401,0.049308110028505325,0.0,0.04040461406111717,0.0,0.0,0.5788184404373169,0.0,0.02065073512494564,0.0,0.0,0.0,0.0,0.027408385649323463,0.01232854463160038,0.0,0.004074886906892061,0.0,0.0,0.0,0.0,0.0009564775391481817,0.0,0.0,2.3411810616380535e-05,0.0,0.0024343538098037243,0.2271656095981598,0.0,0.08906634151935577,0.0,0.0,0.0,0.009586740285158157,0.0,0.048084184527397156,0.0,0.004809825215488672,0.06743612140417099,0.018519578501582146,0.054890599101781845,0.0,0.01020111795514822,0.20770162343978882,0.0,0.06856179237365723,0.01520147081464529,0.0,0.03422684594988823,0.0,0.019750183448195457,0.0,0.038484495133161545,0.0,0.0,0.0,0.031761251389980316,0.0,0.0,0.0,0.05644308403134346,0.0,0.0,0.3297480046749115,0.08153251558542252,0.0,0.02645392157137394,0.0,0.0004232948995195329,0.019198443740606308,0.0,0.01687428168952465,0.07561308145523071,0.03240683674812317,0.0,0.029136240482330322,0.0,0.05249708145856857,0.002472080523148179,0.0,0.006566095165908337,0.07125997543334961,0.18429817259311676,0.02474314160645008,0.0,0.013797514140605927,0.14024889469146729,0.008398468606173992,0.0,0.0,0.2620862126350403,0.09139616787433624,0.06836877018213272,0.0,0.0,0.0,0.9203031659126282,0.418287992477417,0.08081501722335815,0.0,0.0,0.0,0.0,0.0,0.01613689959049225,0.0077540515922009945,0.5020135641098022,0.01337422989308834,0.11243334412574768,0.0,0.0,0.0,0.0077523947693407536,0.045564305037260056,0.0,0.0,0.05732546001672745,0.2179165482521057,0.0,0.0,0.2099466770887375,0.007135612890124321,0.45999252796173096,0.0659957230091095,0.015472415834665298,0.17375603318214417,0.02077452652156353,0.01868823915719986,0.0,0.4031623899936676,0.016235487535595894,0.0,0.012095868587493896,0.009003562852740288,0.0,0.0,0.09486213326454163,0.0,0.004167668987065554,0.2871268391609192,0.027627669274806976,0.0,0.0,0.0438515841960907,0.005680882837623358,1.065015749190934e-05,0.0013296313118189573,0.0,0.0,0.15246491134166718,0.014375608414411545,0.0,0.0,0.034932415932416916,0.009594854898750782,0.0,0.008756348863244057,0.0,0.0,0.0,0.0,0.0,0.187805637717247,0.0022804420441389084,0.0,0.01382435578852892,0.0,0.15231043100357056,0.0,0.0,0.002129112370312214,0.0,0.08667952567338943,0.027253979817032814,0.0,0.0,0.0,0.0,0.0,0.0,0.0,0.005199421662837267,0.0,0.0,0.0,0.017802488058805466,0.0,0.0012182998470962048,0.0,0.03146763890981674,0.019993256777524948,0.018142685294151306,0.00847658608108759,0.04729796573519707,0.0,0.0286435317248106,0.0,0.14598208665847778,0.005145455710589886,0.043204035609960556,0.10082114487886429,0.11894924193620682,0.0,0.0,0.0,0.0034986520186066628,0.00208896747790277,0.197423055768013,0.030482711270451546,0.019169297069311142,0.0,0.030394934117794037,0.03618418052792549,0.04135829955339432,0.0,0.04263247922062874,0.0,0.0,0.07880129665136337,0.11689557135105133,0.0028469357639551163,0.016559932380914688,0.0,0.025028176605701447,0.017256880179047585,0.05813043564558029,0.03218311443924904,0.0,0.0,0.13193100690841675,0.12330953776836395,0.02915712632238865,0.0,0.0,0.012128486298024654,0.0,0.5939139723777771,0.014155986718833447,0.02521946281194687,0.0,0.16094166040420532,0.0885322093963623,0.095515176653862,0.004037670325487852,0.10182063281536102,0.0,0.0,0.25030484795570374,0.12087520956993103,0.0,0.07061126083135605,0.0034823608584702015,0.7878793478012085,0.0,0.008440847508609295,0.014860665425658226,0.008481034077703953,0.002387336455285549,0.011860639788210392,0.0,0.0,0.05168558284640312,0.006974998861551285,0.16433469951152802,0.0,0.1257457584142685,0.0,0.0,0.012429649941623211,0.14373081922531128,0.15857551991939545,0.0,0.02577528916299343,0.20865488052368164,0.0010397904552519321,0.04405900090932846,0.0018688440322875977,0.0,0.0,0.10314259678125381,0.04960782453417778,0.002644119318574667,0.0,0.02308177947998047,0.2195294052362442,0.01370867621153593,0.0,0.0,0.028527870774269104,0.17108377814292908,0.0,0.0073700882494449615,0.0,0.010233942419290543,0.0009447812917642295,0.020859310403466225,0.013060158118605614,0.13475079834461212,0.0036426736041903496,0.0866469293832779,0.0,0.08199145644903183,0.5998780727386475,0.06291881203651428,0.08447667211294174,0.003563451813533902,0.08011262118816376,0.039973184466362,0.0,0.0,0.007013342343270779,0.029161475598812103,0.02546827122569084,0.043680496513843536,0.0012737035285681486,0.03577969968318939,0.012838282622396946,0.410325825214386,0.1199236586689949,0.0,0.05381203815340996,0.010137424804270267,0.1892247200012207,0.32847052812576294,0.045081865042448044,0.03749743849039078,0.5642165541648865,0.02806341089308262,0.6878143548965454,0.12457585334777832,0.0008532714564353228,0.0,0.0,0.0967138409614563,0.0,0.0503312386572361,0.0,0.0,0.07118964195251465,0.0,0.03636123239994049,1.341896414756775,0.18456900119781494,0.02118464559316635,0.0,0.08023485541343689,0.0,0.03957272693514824,0.024623844772577286,0.0019440484466031194,0.0,0.36509406566619873,0.05992143601179123,0.051017485558986664,0.029092872515320778,0.0,0.0,0.05852539837360382,0.0,0.11018592864274979,0.056280408054590225,0.0,0.24312293529510498,0.018817201256752014,0.03743729740381241,0.0,0.0008797955233603716,0.0,0.0,0.5892326831817627,0.3525298833847046,0.0,0.0582021027803421,0.1892261952161789,0.03660059720277786,0.12748393416404724,0.0021990379318594933,0.028283067047595978,0.013084969483315945,0.011534834280610085,0.0,0.0,0.014601540751755238,0.0,0.09504881501197815,0.0,0.10199251025915146,0.12690433859825134,0.00870404951274395,0.0,0.04559903219342232,0.030011119320988655,0.03471352905035019,0.1645568460226059,0.011016573756933212,0.0,0.12942765653133392,0.0,0.009966213256120682,0.08662204444408417,0.004911823198199272,0.06776026636362076,0.0,0.0,0.0011642921017482877,0.4931042194366455,0.0,0.06034202501177788,0.012578325346112251,0.0,0.0,0.0,0.031914886087179184,0.0,0.0,0.030757812783122063,0.035534027963876724,0.013843455351889133,0.0014509058091789484,0.040883537381887436,0.0,0.7194774150848389,0.1511152982711792,0.009808988310396671,0.26048514246940613,0.09096626192331314,0.005408660043030977,0.0069672344252467155,0.0,0.029179511591792107,0.0,0.011571037583053112,0.05469691380858421,0.004812839441001415,0.002329094335436821,0.0,0.0,0.0,0.011445578187704086,0.0,0.10869570821523666,0.057192910462617874,0.019759908318519592,0.030285578221082687,0.16331729292869568,0.09021857380867004,0.010891372337937355,0.07312913239002228,0.04364459216594696,0.0,0.13759146630764008,0.009811002761125565,0.002343845320865512,0.0,0.04413069412112236,0.04126157611608505,0.0,0.061977509409189224,0.2897113263607025,0.0,0.0,0.0,0.04487420991063118,0.0,0.00039542437298223376,0.10329311341047287,0.006529613863676786,0.0015397906536236405,0.08341886848211288,0.018440058454871178,0.008148286491632462,0.011119275353848934,0.0,0.0,0.006359231658279896,0.0,0.024581238627433777,0.18986114859580994,0.0,0.45119747519493103,0.03190736845135689,0.013856849633157253,0.2215110957622528,0.0005243516061455011,0.0070024095475673676,0.0,0.0,0.006745290942490101,0.002207596320658922,0.15159326791763306,0.40205079317092896,0.0,0.011232701130211353,0.0,0.0,0.010137693956494331,0.0,0.0,0.0,0.0,0.47035378217697144,0.0,0.012851458974182606,0.0,0.0,0.19207239151000977,0.007124833296984434,0.0,0.0,0.0,0.20194579660892487,0.02466558665037155,0.05645889416337013,0.0,0.0,0.00822615996003151,0.0032728048972785473,0.0,0.00744861364364624,0.05909350886940956,0.028384007513523102,0.03365812450647354,0.012960110791027546,0.0,0.0015456133987754583,0.04406861215829849,0.0,0.03438257798552513,0.0,0.0,0.04369691014289856,0.06484799087047577,0.08146481215953827,0.0,0.027541032060980797,0.08772404491901398,0.09060131758451462,0.0,0.05366082116961479,0.5793040990829468,0.0,0.264140784740448,0.05431487038731575,0.13569162786006927,0.017988216131925583,0.20138780772686005,0.00202934630215168,0.008619625121355057,0.0,0.07974141836166382,0.009635057300329208,0.007772237062454224,0.0,0.029218100011348724,0.0,0.04048885032534599,0.020187396556138992,0.1137978732585907,0.0,0.36862900853157043,0.02525675855576992,0.08708404749631882,0.0,0.00477337371557951,0.03956509009003639,0.006742430850863457,0.06433814018964767,0.013203699141740799,0.0,0.011619078926742077,0.032822512090206146,0.0,0.008238544687628746,0.05492188408970833,0.010686219669878483,0.007494347169995308,0.005827908404171467,0.0484328456223011,0.013311974704265594,0.019166188314557076,0.0,0.0,0.0,0.08948531746864319,0.06185773015022278,0.6961524486541748,0.0,0.0,0.0,0.0,0.0,0.05096349120140076,0.0,0.0,0.0,0.0,0.0,0.008936652913689613,0.14063124358654022,0.0,0.004867138806730509,0.22872520983219147,0.02469675987958908,0.19431541860103607,0.01987866312265396,0.09673148393630981,0.0,0.17044803500175476,0.0,0.0,0.009233098477125168,0.013424762524664402,0.0,0.0,0.3217262923717499,0.0,0.0,0.07269316166639328,0.0,0.0,0.0,0.0,0.0,0.0,0.006661324296146631,0.04520939663052559,0.001528205699287355,0.0,0.0,0.023380393162369728,0.009604931809008121,0.0,0.002163760596886277,0.10750047862529755,0.018203554674983025,0.01042388565838337,0.069917693734169,0.0,0.06495516002178192,0.0,0.0,0.0,0.17841406166553497,0.0,0.0007284355233423412,0.01056115422397852,0.0007749843643978238,0.03659139573574066,0.0,0.0,0.03310820460319519,0.0,0.0,0.0,0.0,0.0,0.0,0.00612763874232769,0.0041976203210651875,0.02281784452497959,0.5078904628753662,0.0,0.0038966394495218992,0.0012239658972248435,0.0,0.0,0.2361927032470703,0.0,0.1323252171278,0.2926292419433594,0.0,0.0,0.01923198066651821,0.0,0.0005839243531227112,0.0,0.0,0.42174163460731506,0.0,0.0,0.0,0.0,0.0,0.35729503631591797,0.10561882704496384,0.004398449789732695,0.0,0.008738856762647629,0.1265895813703537,0.3390365540981293,0.0,0.0,0.02117626741528511,0.0,0.0,0.0019524547969922423,0.0,0.0,0.02682185173034668,0.0,0.0,0.0,0.0,0.31180182099342346,0.0,0.0219498872756958,0.028480732813477516,0.026262149214744568,0.0,0.3095010221004486,0.1337578296661377,0.0,0.09288546442985535,0.004126653540879488,0.016334084793925285,0.0,0.002954313065856695,0.07949536293745041,0.0,0.0,0.025338349863886833,0.0,0.0016366910422220826,0.040261153131723404,0.03903760388493538,0.0,0.017844581976532936,0.0028097904287278652,0.1229722797870636,0.00721706310287118,0.020532244816422462,0.0,0.0,0.03898395597934723,0.05707545578479767,0.05975364148616791,0.043105725198984146,0.0,0.0,0.0016944479430094361,0.060296282172203064,0.0,0.0,0.020548610016703606,0.0,0.017176754772663116,0.0,0.0,0.0,0.0,0.000371527683455497,0.0064667342230677605,2.221673639724031e-05,0.0,0.0,0.0901254341006279,0.040690284222364426,0.055453673005104065,0.010552741587162018,0.03136478736996651,0.006690582260489464,0.0,0.00043215989717282355,0.33175548911094666,0.0,0.07747825980186462,0.03547282516956329,0.003723782254382968,0.003654044819995761,0.35385963320732117,0.005275478586554527,0.027621576562523842,0.0
0.0,0.012003698386251926,0.3410528600215912,0.0005575883551500738,0.0,0.0,0.003177282866090536,0.017506491392850876,0.0,0.07728346437215805,0.0,0.05299459025263786,0.025764837861061096,0.2943180799484253,0.10127893090248108,0.19216081500053406,0.013818426057696342,0.017899541184306145,0.0,0.25208279490470886,0.013863359577953815,0.0,0.031174028292298317,0.17625828087329865,0.059467874467372894,0.11513850837945938,0.0,0.0,0.0,0.0,0.4338189959526062,0.10667242109775543,0.0020316289737820625,0.0,0.28983253240585327,0.18852229416370392,0.0,0.0417841337621212,0.0,0.11679859459400177,0.3021814823150635,0.0,0.0,0.11242083460092545,0.4610275328159332,0.011561398394405842,0.048531077802181244,0.0,0.1918148398399353,0.0,0.0,0.19086545705795288,0.005015497095882893,0.17416340112686157,0.03271888196468353,0.0,0.0,0.0,0.09642703086137772,0.013174648396670818,0.011185838840901852,0.4653933644294739,0.07472004741430283,0.0,0.004801562987267971,0.35192084312438965,0.13954399526119232,0.015408086590468884,0.05867920070886612,0.005657215137034655,0.23800033330917358,0.0058608390390872955,0.0,0.10649555176496506,0.0,0.11911576986312866,0.38334956765174866,0.0028261428233236074,0.15664543211460114,0.4385775625705719,0.0,0.07392175495624542,0.0,0.07194650173187256,0.006609976291656494,0.3205031454563141,0.06056329607963562,0.0,0.0,0.024913344532251358,0.020951278507709503,0.00962750893086195,0.23312602937221527,0.5004676580429077,0.005909317638725042,0.171096533536911,0.035274092108011246,0.0021973084658384323,0.0,0.0,0.029292913153767586,0.03828062862157822,0.15090781450271606,0.02045249380171299,0.04634755477309227,0.010047895833849907,0.02005467191338539,0.0,0.0028670739848166704,0.005103614181280136,0.029285773634910583,0.044575758278369904,0.0,0.14934520423412323,0.013317334465682507,0.3818676769733429,0.0,0.09223338961601257,0.0,0.15398545563220978,0.017501087859272957,0.004297273233532906,0.2910250425338745,0.041754648089408875,0.00896657258272171,0.0015455069951713085,0.2022382766008377,0.025953030213713646,0.16444708406925201,0.007302002981305122,0.12433197349309921,0.0,0.046623073518276215,0.002408449538052082,0.04739946499466896,0.0818270891904831,0.0026411081198602915,0.0,0.00761594669893384,0.0,0.1156744584441185,0.038919124752283096,0.0,0.02151450142264366,0.23400340974330902,0.0,0.01683162711560726,0.28039854764938354,0.010759199038147926,0.04741419851779938,0.059870291501283646,0.0,0.08702203631401062,0.06502936035394669,0.0,0.03744644299149513,0.004502051044255495,0.020666522905230522,0.09768325090408325,0.08622400462627411,0.006311043631285429,0.00818657036870718,0.026649698615074158,0.40956538915634155,0.11532660573720932,0.0,0.23928087949752808,0.00931350514292717,0.13075102865695953,0.38425391912460327,0.13366740942001343,0.0649217814207077,0.0480831041932106,0.216870978474617,0.06856922805309296,0.03612123802304268,0.5414514541625977,0.0031152619048953056,0.0,0.29985344409942627,0.0015178353060036898,0.003919661045074463,0.023228831589221954,0.029939960688352585,0.02037937007844448,0.30993857979774475,0.18179643154144287,0.043876856565475464,0.06596963107585907,0.33376485109329224,0.03496004641056061,0.059186454862356186,0.0010542154777795076,0.012762494385242462,0.015402667224407196,0.01243200059980154,0.04313390329480171,0.044051751494407654,0.25328347086906433,0.0022369050420820713,0.13891582190990448,0.034974921494722366,0.0,0.14044423401355743,0.0,0.021134978160262108,0.05956636741757393,0.0,0.05316506326198578,0.1417805552482605,0.1538342833518982,0.002264020498842001,0.24619469046592712,0.010430267080664635,0.010572457686066628,0.025519011542201042,0.05442770943045616,0.02458598092198372,0.0,0.01767917163670063,0.057733334600925446,0.00769340293481946,0.17453010380268097,0.15425081551074982,0.0,0.18121133744716644,0.007369971368461847,0.012448997236788273,0.07903680205345154,0.1009814441204071,0.1326577067375183,0.0,0.21857938170433044,0.05863909795880318,0.15036766231060028,0.25273627042770386,0.01925528608262539,0.100241519510746,0.028647106140851974,0.0,0.0,0.06347022205591202,0.044485386461019516,0.0,0.07497331500053406,0.03597055375576019,0.0474473237991333,0.04555458202958107,0.0,0.007884223014116287,0.01949647255241871,0.011979456059634686,0.0,0.011313071474432945,0.0,0.07923071086406708,0.0,0.0837208554148674,0.044740933924913406,0.4704921841621399,0.0,0.02099662832915783,0.010702216997742653,0.0,0.1298215091228485,0.032456863671541214,0.061414286494255066,0.060158971697092056,0.01330847293138504,0.012464838102459908,0.09646634757518768,0.0033409500028938055,0.0,0.1354459822177887,0.0637398436665535,0.0,0.02219855785369873,0.018978595733642578,0.14270354807376862,0.23382766544818878,0.023061802610754967,0.0,0.02444632537662983,0.16720712184906006,0.02093927562236786,0.6526213884353638,0.0,0.0,0.18608924746513367,0.06356792151927948,0.14293409883975983,0.1326008290052414,0.05754208192229271,0.0,0.03345482796430588,0.008546381257474422,0.17302238941192627,0.0,0.28010860085487366,0.0,0.02189459279179573,0.03766749054193497,0.20177464187145233,0.0950985848903656,0.13752341270446777,0.00015752077160868794,0.015347922220826149,0.026961030438542366,0.0,0.0,0.0,0.11184180527925491,0.010985152795910835,0.1749219447374344,0.061220742762088776,0.3336975574493408,0.0417795293033123,0.008281371556222439,0.15130452811717987,0.03210761025547981,0.0,0.059192776679992676,0.0,0.0,0.7270461916923523,0.0,0.0,0.002538416301831603,0.0,0.0,0.0,0.06363135576248169,0.0,0.0,0.07397911697626114,0.0,0.0,0.0,0.007501638028770685,0.08857511729001999,0.07496917992830276,0.0035418146289885044,0.0,0.0,0.0,0.0,0.0,0.0,0.001990014221519232,0.0,0.21825961768627167,0.0,0.08839491009712219,0.07035017013549805,0.32759571075439453,0.0,0.0,0.0,0.07136562466621399,0.0029262984171509743,0.004583680536597967,0.0,0.0,0.0,0.0,0.0,0.08176300674676895,0.016532739624381065,0.0,0.0,0.5286294221878052,0.0,0.0,0.04839744418859482,0.017596783116459846,0.0,0.009820938110351562,0.0,0.00029869115678593516,0.20977279543876648,0.020415229722857475,0.0008317613392136991,0.0,0.0,0.008143081329762936,0.0,0.0,0.05696379020810127,0.0,0.0,0.23573198914527893,0.0,0.0,0.0,0.0,0.0,0.11020667105913162,0.0,0.10133786499500275,0.006911342032253742,0.0,0.016411418095231056,0.0,0.0,0.0032358570024371147,0.0,0.0273128692060709,0.0,0.0,0.03966226428747177,0.0,0.0,0.0,0.0,0.02484295144677162,0.0,0.0,0.0,0.0,0.0,0.026660073548555374,0.0,0.06929420679807663,0.0,0.020371098071336746,0.17664505541324615,0.0072394246235489845,0.012531068176031113,0.004384442698210478,0.13181917369365692,0.0,0.0005529907648451626,0.0,0.12774090468883514,0.0,0.0,0.0,0.021623430773615837,0.0007516086334362626,0.0,0.0,0.0,0.014230861328542233,0.012741873040795326,0.0,0.0,0.12311317771673203,0.0,0.02247616834938526,0.0705404207110405,0.0013539909850805998,0.0,0.0,0.04866030812263489,0.0,0.010499873198568821,0.011820788495242596,0.0,0.022400720044970512,0.0,0.0013852495467290282,0.23121052980422974,0.0,0.0,0.051689740270376205,0.2731744349002838,0.02651212364435196,0.0,0.0,0.0,0.0,0.0,0.023158976808190346,0.0,0.02138737216591835,0.0,0.0,0.038724154233932495,0.026445480063557625,0.0,0.0,0.0,0.15165629982948303,0.002021093387156725,0.0398925244808197,0.2208189070224762,0.008571667596697807,0.0,0.0,0.0,0.028035808354616165,0.0,0.0,0.0,0.0,0.0,0.0,0.010566642507910728,0.03436969220638275,0.0,0.0,0.0,0.015068458393216133,0.025127878412604332,0.0,0.0,0.0,0.006943159736692905,0.20813797414302826,0.010113894008100033,0.059589873999357224,0.0017147075850516558,0.0037061762996017933,0.0,0.0,9.595269511919469e-05,0.16713498532772064,0.04269764944911003,0.0,0.0050270832143723965,0.0,0.0,0.41898903250694275,0.0,0.0,0.0,0.0,0.0,0.0,0.02858613431453705,0.005794980563223362,0.0,0.013768480159342289,0.0,0.0,0.09800522029399872,0.0,0.0,0.0,0.012214221991598606,0.004281037487089634,0.03406824916601181,0.0,0.08351853489875793,0.0,0.0,0.04897352308034897,0.0,0.0,0.0,0.0,0.020380225032567978,0.0,0.2106425166130066,0.0,0.007693460211157799,0.0,0.0,0.024625444784760475,0.0,0.004261212423443794,0.10207606106996536,0.0629703477025032,0.0,0.20367181301116943,0.06413957476615906,0.011632898822426796,0.0,0.062259431928396225,0.34243452548980713,0.0,0.011842510662972927,0.11422428488731384,0.0,0.0,0.024616558104753494,0.0,0.0,0.0,0.008390229195356369,0.0982336774468422,0.0,0.04783732444047928,0.0,0.20430369675159454,0.053882189095020294,0.11452499032020569,0.03710225969552994,0.0010218238458037376,0.0,0.0,1.828908898460213e-05,0.0008298552129417658,0.0,0.029552172869443893,0.20013903081417084,0.0032200259156525135,0.04335790500044823,0.0,0.0,0.0,0.0,0.0,0.04019758105278015,0.0003852206573355943,0.0,0.0,0.47727471590042114,0.00988537073135376,0.03562970459461212,0.0,0.15639089047908783,0.0,0.0,0.0,0.0036951780784875154,0.011732215993106365,0.06143060699105263,0.0,0.0,0.0,0.0,0.0,0.0,0.02250508777797222,0.003772196127101779,0.0,0.0021931668743491173,0.0,0.04377295449376106,0.04862120747566223,0.016938621178269386,0.0,0.0,0.0,0.0,0.0,0.004433953668922186,0.0,0.0,0.0,0.0,0.1483725607395172,0.028638476505875587,0.0,0.0,0.0,0.0,0.017052991315722466,0.0,0.0,0.00907396525144577,0.0,0.0,0.003665018128231168,0.0,0.0,0.0625147745013237,0.00570598104968667,0.125780388712883,0.014420864172279835,0.0,0.2164783477783203,0.004584919195622206,0.12161887437105179,0.0030873750802129507,0.00037636636989191175,0.0932876467704773,0.0,0.03715496137738228,0.08390049636363983,0.0,0.032291531562805176,0.006400910671800375,0.0,0.0,0.0,0.0,0.0,0.014367387630045414,0.0,0.04991208016872406,0.0,0.0,0.0,0.1093071922659874,0.007794588804244995,0.0,0.0,0.0,0.022152505815029144,0.07897240668535233,0.025239191949367523,0.014793148264288902,0.0682397112250328,0.0482865534722805,0.0,0.0,0.0030850691255182028,0.04818231612443924,0.0024435638915747404,0.0,0.36496424674987793,0.07924363762140274,0.027440113946795464,0.0,0.04023014381527901,0.0,0.1411050260066986,0.0,0.0,0.0017530020559206605,0.0018099976005032659,0.02753526158630848,0.17539486289024353,0.10043611377477646,0.024136312305927277,0.0,0.007762415800243616,0.09304729104042053,0.0,0.0,0.0,0.038377393037080765,0.0,0.022247103974223137,0.0,0.0657816231250763,0.0,0.1633133739233017,0.0,0.0,0.00011701226321747527,0.2738340497016907,0.058920785784721375,0.003448355244472623,0.0,0.5714198350906372,0.0,0.031229859218001366,0.0,0.018481457605957985,0.0,0.0,0.0002933216164819896,0.009579427540302277,0.24954739212989807,0.0,0.10815951973199844,0.0,0.0,0.0,0.004086766391992569,0.0,0.0004759955336339772,0.0031201846431940794,0.0,0.30421364307403564,0.04948677122592926,0.0,0.0,0.001150604453869164,0.0654599666595459,0.027895601466298103,0.4059712886810303,0.0,0.0,0.0,0.02174200862646103,0.0,0.11057224124670029,0.08514909446239471,0.09462983906269073,0.13182029128074646,0.01304706372320652,0.0016247034072875977,0.007993004284799099,0.03545936197042465,0.028521699830889702,0.014818672090768814,0.0,0.0,0.20044872164726257,0.0026705001946538687,0.04611273109912872,0.0,0.0,0.08081592619419098,0.16768164932727814,0.0009072864195331931,0.032874587923288345,0.038311515003442764,0.042879343032836914,0.006063475739210844,0.0,0.0,0.06356878578662872,0.0,0.0,0.1332562267780304,0.028401730582118034,0.04598915949463844,0.0,0.02617940679192543,0.0,0.0,0.023168563842773438,0.06462154537439346,0.08086765557527542,0.0,0.1787836104631424,0.0,0.0,0.0,0.0,0.08727428317070007,0.26849687099456787,0.007441998925060034,0.1056220531463623,0.04478270933032036,0.0,0.0,0.0,0.0,0.0,0.005935949273407459,0.013654103502631187,0.0,0.0,0.024771304801106453,0.17440523207187653,0.0,0.0,0.02812545746564865,0.010888539254665375,0.0,0.18481355905532837,0.0,0.0,0.03699382767081261,0.05112740024924278,0.0,0.04219695180654526,0.0010468136752024293,0.2394552081823349,0.0,0.0016004968201741576,0.5482689142227173,0.0,0.028589408844709396,0.0,0.0,0.0,0.0,0.016240769997239113,0.017315981909632683,0.0,0.13642819225788116,0.0,0.0,0.0,0.0,0.007513370364904404,0.015611347742378712,0.0,0.0235582422465086,0.0,0.004520616494119167,0.0,0.0,0.3703879415988922,0.0,0.0,0.0,0.0,0.0,4.717171032098122e-05,0.6700179576873779,0.06267488747835159,0.027581486850976944,0.026003148406744003,0.07824716717004776,0.0,0.016958730295300484,0.0,0.18321876227855682,0.003740825690329075,0.09070219099521637,0.02277311496436596,0.013574309647083282,0.005851556546986103,0.009196671657264233,0.16672556102275848,0.0,0.018308032304048538,0.0,0.1324373036623001,0.054339103400707245,0.09019003808498383,0.0172855444252491,0.07169631123542786,0.03496147319674492,0.0,0.43916335701942444,0.0,0.0,0.06088714674115181,0.015104102902114391,0.08492770045995712,0.0,0.0034321213606745005,0.007411742117255926,0.03520052134990692,0.1242973804473877,0.0,0.14990675449371338,0.0162197295576334,0.06582072377204895,0.0,0.04501521214842796,0.36691492795944214,0.00016218304517678916,0.20780329406261444,0.06778876483440399,0.15181902050971985,0.04970236122608185,0.024216722697019577,0.13109126687049866,0.13122302293777466,0.019910354167222977,0.2211625725030899,0.0,0.0,0.3280835449695587,0.006134238094091415,0.0,0.02248590998351574,0.0,0.0,0.14230331778526306,0.0,0.0047399974428117275,0.0,0.0,0.004075035452842712,0.0,0.23719467222690582,0.06006627529859543,0.0,0.0,0.017453890293836594,0.0,0.002929347800090909,0.10725174099206924,0.008121199905872345,0.0867764875292778,0.0,0.18309146165847778,0.006026338320225477,0.002169615589082241,0.07515797764062881,0.0,0.028544317930936813,0.0,0.044101763516664505,0.13932159543037415,0.0,0.08190856873989105,0.017935317009687424,0.07912297546863556,0.0,0.08673832565546036,0.06901907920837402,0.010631308890879154,0.0,0.1804295778274536,0.0,0.0,0.0,0.5595430135726929,0.16467510163784027,0.0,0.027617326006293297,0.40622588992118835,0.0,0.00390189653262496,0.0006642317748628557,0.23211760818958282,0.0,0.03552628681063652,0.0,0.0,0.0,0.0,0.10360396653413773,0.0,0.0,0.21582135558128357,0.034945450723171234,0.0,0.0,0.2804378569126129,0.0,0.00825749896466732,0.01810312457382679,0.026226432994008064,0.05863925442099571,0.043030351400375366,0.019833315163850784,0.0840596929192543,0.0014219939475879073,0.04198255017399788,0.2873806953430176,0.0,0.0,0.0,0.06992939114570618,0.0721440464258194,0.0,0.08971823751926422,0.0,0.0,0.34169256687164307,0.006095260381698608,0.0,0.024593472480773926,0.0,0.0,0.03821996599435806,0.402348130941391,0.0,0.007549960631877184,0.19944968819618225,0.04019053280353546,0.0,0.06575408577919006,0.0,0.04032530263066292,0.03573158383369446,0.0,0.0,0.0,0.08272746950387955,0.0015499555738642812,0.0,0.0026121120899915695,0.028744129464030266,0.06744813174009323,0.01483673695474863,0.19156202673912048,0.0,0.031138623133301735,0.011999120935797691,0.0,0.16639840602874756,0.0005736935418099165,0.014492996037006378,0.08137393742799759,0.010604419745504856,0.0,0.15963661670684814,0.05222722887992859,0.0,0.03430098667740822,0.39681750535964966,0.04983808845281601,0.058166421949863434,0.0,0.07930435985326767,0.16972514986991882,0.03679099678993225,0.09086482971906662,0.0,0.06888718158006668,0.0,0.037575531750917435,0.023288916796445847,0.07822130620479584,0.3898564875125885,0.003090000245720148,0.42394745349884033,0.0,0.014230350032448769,0.021999740973114967,0.3381177484989166,0.1193862184882164,0.1288605034351349,0.10885936766862869,0.0,0.013001726940274239,0.014389164745807648,0.0050682066939771175,0.0,0.034216731786727905,0.026572978124022484,0.0,0.0,0.008812645450234413,0.0,0.1272420585155487,0.0,0.0,0.09872965514659882,0.03900919109582901,0.3108298182487488,0.0,0.0,0.0,0.0,0.0,0.0,0.49102291464805603,0.0,0.0,0.0,0.0,0.1929926872253418,0.0,0.0,0.0,0.043356213718652725,0.0,0.02722178027033806,0.2297648936510086,0.31930649280548096,0.0,0.006031216587871313,5.267441156320274e-05,0.05489761754870415,0.0,0.0,0.0,0.000762138981372118,0.07033567130565643,0.0,0.0,0.0,0.006919686682522297,0.013558545149862766,0.10576625913381577,0.13389351963996887,0.0,0.0002448779414407909,0.0,0.004544707480818033,0.0,0.4037628471851349,0.017225299030542374,0.2997891902923584,0.0,0.05318927764892578,0.0,0.0015176463639363647,0.0,0.04091332107782364,0.0,0.06550903618335724,0.0,0.010891532525420189,0.01633809693157673,0.0,0.004285288974642754,0.0,0.055507149547338486,0.0,0.06529185175895691,0.024135280400514603,0.0,0.0,0.0,0.0,0.0,1.0074219703674316,0.21643298864364624,0.0,0.0,0.035079069435596466,0.006417753640562296,0.007945087738335133,0.053270693868398666,0.08710377663373947,0.0,0.0,0.5694224834442139,0.0,0.0,0.0,0.01062177773565054,0.0,0.0,0.0,0.0,0.0,0.0,0.0,0.5473613142967224,0.03690763935446739,0.0,0.02862313576042652,0.0,0.009921770542860031,0.0,0.0,0.0,0.0006510734674520791,0.008415195159614086,0.3036472201347351,0.023717403411865234,1.281611442565918,0.0,0.0017698216252028942,0.007616063579916954,0.0,0.0,0.012649479322135448,2.2876815795898438,0.02178075723350048,0.0,0.0,0.027662549167871475,0.005843017250299454,0.0,0.0,0.031142964959144592,0.0,0.0,0.5895613431930542,0.0,0.01974349655210972,0.03649649769067764,0.0,0.0,0.0,0.07604323327541351,0.20928560197353363,0.04007401317358017,0.0,0.18512587249279022,0.0,0.0,0.0,0.0,0.0,0.11283738911151886,0.01630610227584839,0.03798948600888252,0.0,0.0,0.1874670535326004,0.01858741231262684,0.029663028195500374,0.06046338006854057,0.5232551097869873,0.0,0.03375774621963501,0.2290177196264267,0.00859238300472498,0.0016201453981921077,0.0,0.0011666289065033197,0.0,0.060341574251651764,0.0,0.0,0.005380903370678425,0.0,0.0,0.007580695208162069,0.0,0.12465139478445053,0.04002293571829796,1.082213282585144,0.0,0.04266919195652008,0.0017968070460483432,0.0050733210518956184,0.07947886735200882,0.0,0.043620262295007706,0.0,0.0,0.5507990717887878,0.0,0.024220414459705353,0.0,0.0,0.0,0.0,0.03239818662405014,0.005021834280341864,0.0,0.0,0.0,0.0,0.0,0.0,0.0,0.0,0.0,0.0,0.0006722891121171415,0.0032367713283747435,0.19793647527694702,0.0,0.09863734245300293,0.0,0.0,0.0,0.008365881629288197,0.0,0.055873945355415344,0.0,0.0077333166263997555,0.060539718717336655,0.007747247349470854,0.0,0.0,0.026588216423988342,0.09560006856918335,0.0,0.08346650004386902,0.01866748370230198,0.0,0.016086870804429054,0.0,0.021934622898697853,0.0,0.010828512720763683,0.0,0.0,0.0,0.03125486895442009,0.0,0.0,0.0,0.05623861774802208,0.0,0.0,0.2966684401035309,0.0830114334821701,0.0,0.0,0.0,0.0,0.08760581910610199,0.0,0.005127510987222195,0.08495364338159561,0.01777592860162258,0.0,0.02135584130883217,0.0,0.029250578954815865,0.0035192740615457296,0.0,0.0,0.015984296798706055,0.20979011058807373,0.036183394491672516,0.0,0.005687556229531765,0.25364401936531067,0.013096937909722328,0.015079320408403873,0.0,0.2768789231777191,0.09421975910663605,0.06601713597774506,0.016559751704335213,0.0,0.0,1.1258924007415771,0.4226347804069519,0.10791793465614319,0.0,0.0,0.0,0.0,0.0,0.014500060118734837,0.0,0.6522379517555237,0.009913912974298,0.12098155915737152,0.0,0.0,0.0,0.006600959226489067,0.05982797592878342,0.0,0.0,0.054509542882442474,0.2358476221561432,0.0,0.056646957993507385,0.3734622895717621,0.013126004487276077,0.5369209051132202,0.05528053641319275,0.00851950142532587,0.392282098531723,0.09857328236103058,0.017964987084269524,0.0,0.3841015100479126,0.026604734361171722,0.0,0.005429536569863558,0.0,0.0,0.0,0.12365318089723587,0.0,0.0,0.34685343503952026,0.021374912932515144,0.0,0.0,0.14109927415847778,0.013761179521679878,0.0,0.0,0.0,0.0,0.08846113830804825,0.005853455048054457,0.0,0.0,0.0805101990699768,0.006931807845830917,0.0,0.006460800301283598,0.0,0.0,0.0,0.0,0.005468583200126886,0.3670169413089752,0.020026111975312233,0.0,0.014975654892623425,0.0,0.13362422585487366,0.0,0.0,0.007975943386554718,0.0,0.11295147240161896,0.005039583891630173,0.0,0.0,0.0,0.0,0.0,0.0,0.0,0.001209090929478407,0.0,0.0,0.0,0.029887942597270012,0.0,0.00774304149672389,0.0,0.04391477257013321,0.011048665270209312,0.019584305584430695,0.008651184849441051,0.03468385711312294,0.0,0.03680993989109993,0.0,0.1365460455417633,0.019720321521162987,0.04300805181264877,0.1638154536485672,0.12334979325532913,0.004108707886189222,0.0,0.0,0.008098707534372807,0.009585345163941383,0.2169422209262848,0.029122933745384216,0.01824386790394783,0.0,0.02402796782553196,0.05997931584715843,0.03406335785984993,0.0,0.021797828376293182,0.0,0.0,0.12251082062721252,0.08099430054426193,0.0,0.011164527386426926,0.0,0.039855536073446274,0.02928907424211502,0.06938663125038147,0.05027487874031067,0.0,0.0,0.15406960248947144,0.08651811629533768,0.02933756820857525,0.0033733106683939695,0.0,0.006101281847804785,0.0,0.6003470420837402,0.0030100082512944937,0.007689155172556639,0.0,0.15509551763534546,0.10805495083332062,0.11548330634832382,0.0024426167365163565,0.08864282816648483,0.0,0.0,0.2610686123371124,0.2232319712638855,0.0,0.07344235479831696,0.0,0.7284897565841675,0.0,0.008856759406626225,0.0,0.015035905875265598,0.001637363457120955,0.011393670924007893,0.0,0.0,0.07776935398578644,0.001924151205457747,0.19274257123470306,0.0,0.10201408714056015,0.0,0.0,0.004894893150776625,0.1316496878862381,0.35223376750946045,0.0,0.03346656635403633,0.1433359831571579,0.0035195660311728716,0.0321325920522213,0.005333947949111462,0.0,0.0,0.07999327033758163,0.02965356409549713,0.0,0.0,0.026248769834637642,0.1875314712524414,0.0,0.0,0.0028592085000127554,0.042981501668691635,0.10799536108970642,0.0035485338885337114,0.0,0.0,0.020837297663092613,0.0,0.010664612986147404,0.014259393326938152,0.13359962403774261,0.0,0.05416364222764969,0.0006552005070261657,0.07604774832725525,0.6667140126228333,0.03341749310493469,0.10148433595895767,0.0,0.08038420975208282,0.047979727387428284,0.0,0.0,0.0,0.03306426852941513,0.001598117407411337,0.04680769518017769,0.0,0.02780766412615776,0.0036475276574492455,0.4334569275379181,0.15826009213924408,0.0,0.03160613402724266,0.003297676332294941,0.1758439838886261,0.30830055475234985,0.03725416585803032,0.03955824300646782,0.5969056487083435,0.03587985038757324,0.8062487244606018,0.0742478221654892,0.00018282175005879253,0.0,0.0,0.08623342216014862,0.0,0.0846576914191246,0.0,0.0,0.03503979742527008,0.0,0.01288656983524561,1.2337572574615479,0.13870929181575775,0.019474206492304802,0.0,0.04514485225081444,0.0,0.047846365720033646,0.02696695178747177,0.005561416037380695,0.0,0.38079342246055603,0.051551565527915955,0.02939615398645401,0.02225680835545063,0.0,0.0,0.06761711835861206,0.0,0.12263505905866623,0.06453868001699448,0.0,0.23433296382427216,0.0,0.03563519939780235,0.0,0.0035792135167866945,0.0,0.0,0.7091798186302185,0.4400083124637604,0.0,0.06732559204101562,0.1596343070268631,0.020331360399723053,0.10528171807527542,0.006618573796004057,0.038480278104543686,0.01211162842810154,0.009186701849102974,0.0,0.0,0.0278604868799448,0.0,0.08614477515220642,0.007448781281709671,0.07062181085348129,0.10279512405395508,0.008874432183802128,0.0,0.05511337146162987,0.015739314258098602,0.039285171777009964,0.1969304233789444,0.009380118921399117,0.0,0.13795290887355804,0.0,0.012110937386751175,0.09627819061279297,0.0,0.046571921557188034,0.0019152665045112371,0.0,0.0,0.3989323377609253,0.0,0.038929253816604614,0.021916158497333527,0.0,0.0,0.0,0.014171037822961807,0.0,0.0,0.01791980117559433,0.0200375746935606,0.02916049398481846,0.013790745288133621,0.02150976099073887,0.0,0.8223894238471985,0.11459675431251526,0.0,0.2657361626625061,0.05456327274441719,0.0022441453766077757,0.010617844760417938,0.0,0.0338050052523613,0.0,0.0005621552700176835,0.04683879017829895,0.017041373997926712,0.0,0.0,0.0,0.0,0.013729000464081764,0.0,0.10429590195417404,0.047821663320064545,0.04172039031982422,0.02418493665754795,0.15898080170154572,0.08397012948989868,0.06328907608985901,0.15737175941467285,0.026661958545446396,0.0,0.11566155403852463,0.0016185421263799071,0.0,0.0,0.023238252848386765,0.01464013010263443,0.0004691433859989047,0.06997910141944885,0.28406745195388794,0.0,0.0,0.0,0.046260934323072433,0.0,0.0,0.04396163299679756,0.003021558513864875,0.0012534642592072487,0.08742666244506836,0.01684330217540264,0.0,0.014073414728045464,0.0,0.0,0.001078455476090312,0.0,0.03332683816552162,0.25332406163215637,0.00924185011535883,0.45287972688674927,0.024178804829716682,0.026872897520661354,0.20347045361995697,0.0,0.022186407819390297,0.0,0.0,0.0,0.006598298437893391,0.09351831674575806,0.4386148750782013,0.0,0.01204572431743145,0.0,0.005793347489088774,0.008626594208180904,0.0,0.0017831230070441961,0.0,0.0,0.4469786584377289,0.0,0.0,0.0,0.0,0.2444283366203308,0.010346143506467342,0.0,0.0,0.0,0.1989949345588684,6.577253225259483e-05,0.04769408330321312,0.0020781327039003372,0.0,0.007728524040430784,0.010555645450949669,0.0,0.0,0.06278252601623535,0.023532157763838768,0.0350317656993866,0.0096574816852808,0.0,0.0,0.049018435180187225,0.0,0.03474779799580574,0.0,0.0,0.023062538355588913,0.04199186712503433,0.07624861598014832,0.0,0.012955772690474987,0.08663685619831085,0.05680207908153534,0.0,0.058837976306676865,0.522355854511261,0.005028421990573406,0.265735924243927,0.07636844366788864,0.19278888404369354,0.025760402902960777,0.2869192957878113,0.0,0.0013585281558334827,0.0,0.04188600927591324,0.023803401738405228,0.0,0.0,0.022506576031446457,0.0,0.054016754031181335,0.009073641151189804,0.0676276758313179,0.0,0.4516323208808899,0.021281376481056213,0.03835136815905571,0.0,0.007080112583935261,0.042745981365442276,0.00607738271355629,0.04658634588122368,0.027642998844385147,0.0,0.02138678729534149,0.029856927692890167,0.0,0.0018751072930172086,0.06149357184767723,0.008208751678466797,0.006828555837273598,0.006892259232699871,0.0,0.010712304152548313,0.015120632946491241,0.0,0.0,0.0,0.0722818672657013,0.0894700437784195,0.7347681522369385,0.0,0.0,0.0,0.0,0.0,0.0806514248251915,0.0,0.0,0.0,0.0,0.0,0.010493707843124866,0.13444285094738007,0.0,0.0002926695451606065,0.1593482941389084,0.060655947774648666,0.16698512434959412,0.029763462021946907,0.0714922547340393,0.0,0.17865127325057983,0.0,0.0,0.011839466169476509,0.003384081181138754,0.0065992786549031734,0.0,0.32969722151756287,0.0,0.0,0.15885180234909058,0.0,0.0,0.0,0.0,0.0,0.0,0.022015003487467766,0.056105103343725204,0.012162157334387302,0.0,0.0,0.016333743929862976,0.004712726920843124,0.0,0.009088296443223953,0.15543319284915924,0.02496141381561756,0.07566531747579575,0.0804397314786911,0.0,0.03667005896568298,0.0,0.0,0.0,0.1319046914577484,0.0,0.0005851411842741072,0.05135774612426758,0.0,0.0018491435330361128,0.0,0.0,0.03878383710980415,0.0,0.0,0.0,0.0,0.0,0.0,0.012262839823961258,0.0031681014224886894,0.018459603190422058,0.601851224899292,0.0,0.008121704682707787,0.0,0.0,0.001374144572764635,0.23744316399097443,0.0,0.12368234992027283,0.3234903812408447,0.0,0.0,0.007729839067906141,0.0,0.0,0.0,0.0,0.4123762845993042,0.0,0.0,0.0,0.0,0.0,0.3921045958995819,0.14318154752254486,0.010536499321460724,0.0,0.004689214285463095,0.13938574492931366,0.36701643466949463,0.0,0.0,0.006782360840588808,0.0,0.0,0.0008444192353636026,0.0,0.0,0.012386427260935307,0.0030762350652366877,0.0,0.0,0.0,0.22244533896446228,0.0,0.03239407017827034,0.03427242860198021,0.01994713768362999,0.0,0.2975701689720154,0.15587839484214783,0.00033072158112190664,0.13276810944080353,0.0,0.0,0.0,0.0027920054271817207,0.05262582749128342,0.0,0.0,0.03713185712695122,0.0,0.042115718126297,0.02821485698223114,0.03375508636236191,0.0,0.005127651616930962,0.00022635102504864335,0.17421874403953552,0.010302798822522163,0.012046754360198975,0.03652085363864899,0.0,0.06880740076303482,0.035404860973358154,0.10090072453022003,0.03398369625210762,0.0,0.0,0.007235999219119549,0.04862172529101372,0.0,0.0,0.0166979618370533,0.0,0.014020811766386032,0.0,0.0,0.0,0.0,0.007916213013231754,0.003312894143164158,0.0008208523504436016,0.0,0.0,0.11766061931848526,0.03471031039953232,0.06077701598405838,0.008194445632398129,0.01118230540305376,0.0008715307922102511,0.0,0.0,0.33647820353507996,0.0,0.05986962467432022,0.020460357889533043,0.006375525146722794,0.0002566170587670058,0.36071309447288513,0.007202661130577326,0.027209296822547913,0.0
0.0,0.006042627152055502,0.3757379949092865,0.0029564155265688896,0.0,0.0,0.01036914624273777,0.02514282986521721,0.0,0.08086411654949188,0.0,0.07170669734477997,0.0160986315459013,0.2519237697124481,0.1078372597694397,0.16774046421051025,0.009347626008093357,0.00966691505163908,0.0,0.22404678165912628,0.04497029259800911,0.0,0.029067499563097954,0.19826900959014893,0.06594352424144745,0.10797470808029175,0.0,0.0,0.0,0.0,0.4506782591342926,0.11637432128190994,0.0018538165604695678,0.0,0.2543879449367523,0.20626454055309296,0.009627840481698513,0.032309532165527344,0.0,0.08435270190238953,0.3362683057785034,0.0,0.006698119454085827,0.09980902075767517,0.4559466242790222,0.010358249768614769,0.05060528591275215,0.0,0.285224974155426,0.0,0.0,0.1968405544757843,0.0,0.14238721132278442,0.04402262344956398,0.0,0.0,0.0,0.08122242242097855,0.012370757758617401,0.005091047380119562,0.36734142899513245,0.07689976692199707,0.0,0.008882342837750912,0.30693235993385315,0.10638336837291718,0.01347021572291851,0.019685259088873863,0.0014542198041453958,0.2383323311805725,0.008852886967360973,0.017074361443519592,0.14334243535995483,0.00019047736714128405,0.13038447499275208,0.3989366590976715,0.007962675765156746,0.1706957221031189,0.3804214894771576,0.0,0.0664171576499939,0.0,0.08875704556703568,0.0018321705283597112,0.3091965913772583,0.035227976739406586,0.0003089606761932373,0.0,0.021900968626141548,0.021250521764159203,0.007887892425060272,0.23532404005527496,0.5076614618301392,0.0034420632291585207,0.15545915067195892,0.0374780036509037,0.0,0.0,0.0057621304877102375,0.0140663031488657,0.03583891689777374,0.1809057742357254,0.012548425234854221,0.060645800083875656,0.020109565928578377,0.024364400655031204,0.0,0.0036332630552351475,0.010020911693572998,0.03153161704540253,0.021289724856615067,0.0046393536031246185,0.1454765647649765,0.00831212755292654,0.38724446296691895,0.0,0.07957600802183151,0.0,0.15487205982208252,0.01708325371146202,0.008004171773791313,0.301710844039917,0.05970965325832367,0.004171447828412056,0.0010185623541474342,0.2293628752231598,0.050795335322618484,0.13817928731441498,0.004274270497262478,0.11562155932188034,0.0,0.04201454296708107,0.0,0.05197233706712723,0.07995987683534622,0.014867200516164303,0.0,0.005550216417759657,0.0,0.10268331319093704,0.05481654778122902,0.0,0.032439056783914566,0.21632127463817596,0.0,0.008524089120328426,0.2805211544036865,0.02499961107969284,0.03509710356593132,0.06567408889532089,0.0,0.04833915829658508,0.06573068350553513,0.0,0.041682254523038864,0.014957290142774582,0.01958071067929268,0.1118057444691658,0.10006114840507507,0.0013092414010316133,0.0,0.02019483596086502,0.39215412735939026,0.09489116817712784,0.0,0.23703117668628693,0.009542868472635746,0.11993179470300674,0.33825919032096863,0.10982774943113327,0.022496767342090607,0.07405072450637817,0.19555053114891052,0.05542762577533722,0.04469028115272522,0.5313349366188049,0.012125376611948013,0.0,0.33846867084503174,0.0,0.0001454591692890972,0.023515010252594948,0.01889318972826004,0.020710935816168785,0.3118566572666168,0.14786297082901,0.06295541673898697,0.05334409326314926,0.23667240142822266,0.04475746303796768,0.08398419618606567,0.0,0.0,0.019246971234679222,0.016709504649043083,0.027772817760705948,0.016992220655083656,0.24989789724349976,0.0056191254407167435,0.11807474493980408,0.02755642868578434,0.0,0.1386101096868515,0.006389505695551634,0.015239691361784935,0.041423920542001724,0.02241663448512554,0.04533512890338898,0.07489672303199768,0.14638513326644897,0.003999671898782253,0.23892194032669067,0.0,0.022855229675769806,0.009868922643363476,0.06355147063732147,0.023852623999118805,0.0,0.012168464250862598,0.057220421731472015,0.0037031900137662888,0.18739210069179535,0.1611766815185547,0.0,0.1997159719467163,0.007139124907553196,0.011206533759832382,0.08016694337129593,0.10973423719406128,0.16220100224018097,0.0,0.18801862001419067,0.05576004087924957,0.12379837036132812,0.2837730348110199,0.026659278199076653,0.07151402533054352,0.045305099338293076,0.0035059929359704256,0.0068327211774885654,0.05778460204601288,0.07786567509174347,0.0,0.06296470761299133,0.04514284431934357,0.0685318261384964,0.08396680653095245,0.0,0.004167106002569199,0.019910840317606926,0.0009580975747667253,0.006914758589118719,0.009327013045549393,0.007950020022690296,0.05853637680411339,0.0,0.08195669203996658,0.04697662219405174,0.4977094531059265,0.0,0.025958852842450142,0.02043340727686882,0.0,0.09872052073478699,0.04261552914977074,0.08839218318462372,0.07501454651355743,0.01367284543812275,0.014461896382272243,0.07648361474275589,0.014922427944839,0.0,0.12138349562883377,0.04819057509303093,0.0,0.052171505987644196,0.012004213407635689,0.16290956735610962,0.18887785077095032,0.02617373876273632,0.0,0.023102980107069016,0.13715054094791412,0.024331362918019295,0.6261969208717346,0.0,0.000940136902499944,0.1747203767299652,0.04019640013575554,0.17701706290245056,0.11941008269786835,0.07050159573554993,0.0,0.03841518238186836,0.015802137553691864,0.17578817903995514,0.0,0.2898758351802826,0.0,0.012020847760140896,0.027426419779658318,0.15261337161064148,0.13647694885730743,0.1510009765625,0.0,0.01114373467862606,0.009450933896005154,0.0,0.0,0.0,0.15434131026268005,0.013791683129966259,0.19916100800037384,0.02727985382080078,0.33514130115509033,0.020216014236211777,0.010891416110098362,0.16470076143741608,0.036768194288015366,0.0,0.053658295422792435,0.0,0.0,0.6918154358863831,0.0,0.0,0.016013415530323982,0.0,0.0,0.0021208215039223433,0.04795636981725693,0.0,0.0,0.011028315871953964,0.0,0.0,0.0,0.004606342408806086,0.0915948897600174,0.0648002177476883,0.0032141811680048704,0.0,0.0,0.0,0.0,0.0,0.0,0.0,0.0,0.14784547686576843,0.0,0.10694536566734314,0.05349690467119217,0.31170961260795593,0.0,0.0,0.0,0.07167324423789978,0.006733657326549292,0.010587740689516068,0.0,0.0,0.0,0.00028129995916970074,0.0,0.09544305503368378,0.019243285059928894,0.003189228707924485,0.0,0.5158673524856567,0.0,0.0,0.048772457987070084,0.008817093446850777,0.0,0.0033143567852675915,0.0,0.005292749963700771,0.18996894359588623,0.06347639858722687,0.0017801118083298206,0.0,0.004657028708606958,0.014851216226816177,0.0,0.0,0.051320455968379974,0.0,0.0017467611469328403,0.22976434230804443,0.0,0.0,0.0,0.0,0.0,0.10925319790840149,0.0,0.09842623770236969,0.032437514513731,0.0,0.03951871395111084,0.0,0.009286932647228241,0.003772940021008253,0.0,0.02789432555437088,0.0,0.0,0.02739911712706089,0.0,0.0,0.0,0.0,0.008179650641977787,0.0,0.0,0.0,0.0,0.0,0.027696991339325905,0.0,0.05791659280657768,0.0,0.013796827755868435,0.12522447109222412,0.011710932478308678,0.012908881530165672,0.0034294980578124523,0.14777027070522308,0.0,0.008010550402104855,0.0,0.09093703329563141,0.0,0.0,0.0,0.01457886304706335,0.004720192402601242,0.0,0.0,0.0,0.004282281268388033,0.03437276929616928,0.0,0.0,0.0824417695403099,0.0,0.020741429179906845,0.02790777198970318,0.008760438300669193,0.0,0.0,0.05940961837768555,0.0,0.003496692515909672,0.0,0.0,0.01775844395160675,0.0,0.0012610879493877292,0.22791072726249695,0.0,0.0,0.08269760012626648,0.28242096304893494,0.03881707787513733,0.0,0.0,0.0,0.0,0.0,0.02075767330825329,0.0,0.021103553473949432,0.0,0.0,0.01770525984466076,0.060263682156801224,0.0,0.0,0.0,0.10675416886806488,0.006449502892792225,0.04620463028550148,0.23113197088241577,0.007139624562114477,0.0,0.0,0.0,0.029154343530535698,0.0,0.0,0.0,0.0,0.0,0.0,0.009989411570131779,0.02484760247170925,0.0,0.0,0.0,0.030292443931102753,0.03826252371072769,0.0130556495860219,0.0,0.0,0.0,0.16765329241752625,0.020082548260688782,0.06402567774057388,0.0059317946434021,0.0,0.0,0.0,0.0016727057518437505,0.16572657227516174,0.03997640311717987,0.0,0.017897674813866615,0.0,0.0,0.44586750864982605,0.0,0.0013276716927066445,0.0,0.0,0.0,0.0,0.02655932493507862,0.01090049184858799,0.0,0.004502579104155302,0.0,0.0,0.12060005217790604,0.0,0.0,0.0,0.015841098502278328,0.0013684125151485205,0.03447672724723816,0.0,0.07775328308343887,0.0,0.0,0.00983582716435194,0.0,0.0,0.0,0.0009741527028381824,0.0526961050927639,0.020728126168251038,0.23198957741260529,0.0,0.009484193287789822,0.0,0.0,0.03417915105819702,0.0,0.0009599363547749817,0.14218097925186157,0.06694146990776062,0.0,0.2088567614555359,0.05259789898991585,0.002491981955245137,0.0,0.06298773735761642,0.2850174307823181,0.0,0.02045717090368271,0.08434779942035675,0.0,0.0,0.0049445535987615585,0.0,0.0039201946929097176,0.0,0.014174350537359715,0.11337454617023468,0.0,0.03984997421503067,0.0,0.2002762258052826,0.03493328392505646,0.09140916913747787,0.018958397209644318,0.0,0.0,0.0,0.0,0.008157904259860516,0.0,0.004399492871016264,0.17776037752628326,0.008492860943078995,0.022427238523960114,0.0,0.0,0.0,0.0,0.0,0.017476864159107208,0.004870929755270481,0.0,0.0,0.42030656337738037,0.004667301662266254,0.05027995631098747,0.0,0.09521737694740295,0.0,0.0,0.0,0.0018474411917850375,0.034035149961709976,0.07312050461769104,0.0,0.0,0.0,0.0,0.0,0.0,0.028794800862669945,0.007296780124306679,0.0,0.004398418124765158,0.0,0.04143613949418068,0.028893403708934784,0.008579552173614502,0.0,0.0,0.0,0.0,0.002684569451957941,0.002960681915283203,0.0,0.0,0.0,0.0,0.13409048318862915,0.01633714884519577,0.0,0.0,0.0,0.0,0.023357180878520012,0.0,0.0,0.01455958466976881,0.0,0.0,0.011927088722586632,0.0,0.0,0.07763466984033585,0.0,0.09952203929424286,0.01765417866408825,0.0,0.24974007904529572,0.007749270647764206,0.11682064831256866,0.011315355077385902,0.005592467729002237,0.11089359223842621,0.0,0.04105129837989807,0.08836882561445236,0.0,0.04236019030213356,0.002086207503452897,0.0,0.0,0.0,0.0,0.0,0.0055964612402021885,0.0,0.042412471026182175,0.0,0.0,0.0,0.09354819357395172,0.008517797105014324,0.0,0.0,0.0,0.018231147900223732,0.1287463903427124,0.040193915367126465,0.007296249736100435,0.07285656034946442,0.04398491978645325,0.0,0.0,0.00870875921100378,0.08320894837379456,0.0,0.0,0.3982023298740387,0.06377056986093521,0.026523666456341743,0.0,0.02468046173453331,0.0,0.12802191078662872,0.00302155246026814,0.0,0.0036807290744036436,0.0022052640561014414,0.007880592718720436,0.15413367748260498,0.08267028629779816,0.027693184092640877,0.0,0.020296335220336914,0.0897720530629158,0.0,0.0,0.0,0.046599287539720535,0.0006319654057733715,0.009424478746950626,0.0,0.05825556814670563,0.0,0.22400623559951782,0.0,0.0,0.005520613398402929,0.27862390875816345,0.08144421875476837,0.0,0.011562518775463104,0.5789223313331604,0.0,0.03607683256268501,0.0,0.01921466551721096,0.0,0.0,0.0,0.028341716155409813,0.21116216480731964,0.0,0.13047264516353607,0.0,0.0,0.03603866696357727,0.007987618446350098,0.0,0.0023762977216392756,0.006321934517472982,0.0,0.2531343400478363,0.09753485023975372,0.0,0.0,0.00337647320702672,0.06511902064085007,0.0,0.3720449209213257,0.0,0.0,0.0,0.06808008253574371,0.0,0.1164465919137001,0.07900647073984146,0.0539078563451767,0.12451566755771637,0.0435655415058136,0.009259087964892387,0.009659265168011189,0.018263692036271095,0.037977296859025955,0.018752913922071457,0.0,0.0,0.20136770606040955,0.004407565575093031,0.037346288561820984,0.0,0.004119489807635546,0.07391196489334106,0.29032349586486816,0.002404254162684083,0.020267372950911522,0.051485951989889145,0.04136204719543457,0.0014312529237940907,0.0,0.0,0.05027630180120468,0.0,0.0072323973290622234,0.1662268191576004,0.044430509209632874,0.035141944885253906,0.0,0.026471205055713654,0.0,0.0,0.028651732951402664,0.11893174797296524,0.07369320094585419,0.0011176960542798042,0.17368130385875702,0.0,0.0,0.0,0.006870361510664225,0.0537613108754158,0.2704927325248718,0.01811540313065052,0.09791827946901321,0.04771672189235687,0.0,0.0,0.0,0.0,0.0,0.0,0.009579828009009361,0.0,0.0,0.02087687887251377,0.14275650680065155,0.0,0.0,0.01932556740939617,0.007591515779495239,0.0,0.21782316267490387,0.0,0.0,0.045781735330820084,0.04936021938920021,0.0,0.03401422128081322,0.008058138191699982,0.2733455002307892,0.0,0.02387664094567299,0.5172761678695679,0.0,0.024139180779457092,0.005324895493686199,0.0,0.0,0.0,0.013231707736849785,0.024407166987657547,0.0,0.1233476996421814,0.004229556769132614,0.0,0.0,0.003951685503125191,0.006662690546363592,0.011379911564290524,0.0,0.024358052760362625,0.004738203249871731,0.006443557795137167,0.008795405738055706,0.0,0.3217540681362152,0.0,0.0,0.0,0.0,0.0,0.0,0.5995945334434509,0.07213091105222702,0.014257355593144894,0.02580144628882408,0.08896967023611069,0.000723693985491991,0.004209188278764486,0.0,0.18009449541568756,0.020240746438503265,0.07061642408370972,0.019554035738110542,0.018755685538053513,0.010379351675510406,0.007233958225697279,0.16683603823184967,0.0,0.006748165003955364,0.0,0.10747899115085602,0.04609953984618187,0.0736040323972702,0.011151161044836044,0.08709879964590073,0.03586823120713234,0.0,0.43930304050445557,0.0,0.0,0.06797686219215393,0.017090851441025734,0.07620477676391602,0.0,0.002850690856575966,0.0,0.07356351613998413,0.1342134028673172,0.0,0.18238113820552826,0.022726811468601227,0.07694307714700699,0.0,0.03113783895969391,0.41512396931648254,0.007323328405618668,0.13388049602508545,0.09653184562921524,0.17412108182907104,0.055153846740722656,0.030587973073124886,0.11268509179353714,0.13156886398792267,0.027185671031475067,0.1856127232313156,0.0,0.0,0.3562258780002594,0.0,0.0,0.03385418280959129,0.0,0.0,0.08900066465139389,0.0029655303806066513,0.005994935054332018,0.006045426242053509,0.0,0.0,0.0,0.2513190507888794,0.053888607770204544,0.0,0.0,0.01627880334854126,0.0,0.0,0.09094101190567017,0.0021843588910996914,0.09439578652381897,0.0,0.13376304507255554,0.0,0.008181240409612656,0.03696166351437569,0.0,0.029523367062211037,0.0,0.039594393223524094,0.11489370465278625,0.0,0.0687640830874443,0.019882656633853912,0.11882750689983368,0.0,0.08569216728210449,0.07431403547525406,0.0,0.0,0.1926402598619461,0.0,0.0,0.0050421725027263165,0.5308982729911804,0.2156885713338852,0.0,0.02262408658862114,0.3693707585334778,0.006721603684127331,0.0020628697238862514,0.0,0.23609428107738495,0.0,0.04129595682024956,0.0,0.006591874174773693,0.0,0.0,0.10274747759103775,0.0,0.0,0.20017550885677338,0.037896253168582916,0.0,0.0,0.21465526521205902,0.0,0.005775169003754854,0.009767364710569382,0.02285725623369217,0.05704770237207413,0.010637838393449783,0.006290144752711058,0.06871311366558075,0.0,0.010598115622997284,0.3310391902923584,0.0,0.0,0.009733537212014198,0.06411232799291611,0.058914266526699066,0.0,0.09740618616342545,0.0,0.0,0.31535792350769043,0.007260592188686132,0.0,0.025836316868662834,0.0,0.0,0.03684036806225777,0.3763135075569153,0.0,0.0,0.24489328265190125,0.05149664729833603,0.027116142213344574,0.07589151710271835,0.0,0.05417013168334961,0.0,0.0,0.0,0.0,0.0788649395108223,0.012706808745861053,0.0,0.0,0.032238807529211044,0.08555480092763901,0.012052902020514011,0.19759592413902283,0.0026749277021735907,0.01878952793776989,0.015114166773855686,0.0,0.17694677412509918,0.0022118878550827503,0.00879107229411602,0.09163879603147507,0.010212549939751625,0.0,0.10442531853914261,0.05268929526209831,0.0,0.0030876195523887873,0.43560200929641724,0.07048725336790085,0.07868234813213348,0.0,0.052112702280282974,0.18583182990550995,0.045090608298778534,0.1096787229180336,0.0,0.0809820145368576,0.001610832172445953,0.054314497858285904,0.026194538921117783,0.05872432887554169,0.2912609577178955,4.658579928218387e-05,0.39995652437210083,0.0,0.0,0.014022164046764374,0.28900760412216187,0.13222724199295044,0.1365380436182022,0.08640334010124207,0.0,0.020958472043275833,0.0054217432625591755,0.021371277049183846,0.0,0.03856392204761505,0.029347490519285202,0.0,0.0,0.004277150612324476,0.0,0.11913877725601196,0.0,0.0,0.08254361897706985,0.04401443526148796,0.24631553888320923,0.0,0.0,0.005860581528395414,0.0,0.0,0.0,0.41170474886894226,0.0,0.0,0.0,0.0,0.15199974179267883,0.0014414525358006358,0.0,0.0,0.06920748203992844,0.0,0.02019636332988739,0.25241318345069885,0.22000986337661743,0.0,0.00898920651525259,0.0024198591709136963,0.05434201657772064,0.0,0.0,0.0,0.0,0.04279183968901634,0.009353283792734146,0.0,0.0,0.007832919247448444,0.010401749983429909,0.14866435527801514,0.13852523267269135,0.0,0.001779376296326518,0.0,0.0029142391867935658,0.0,0.36705753207206726,0.02152547612786293,0.2956595718860626,0.0,0.05531759560108185,0.008755063638091087,0.012270626612007618,0.0,0.042536959052085876,0.0,0.015018356032669544,0.0,0.01876150816679001,0.0007298456039279699,0.0,0.02068527787923813,0.0,0.07079943269491196,0.0,0.030937690287828445,0.02358117885887623,0.0,0.0,0.0,0.0,0.0,0.8146624565124512,0.323579341173172,0.0,0.0,0.036825064569711685,0.0007166966679506004,0.0273287296295166,0.030138731002807617,0.0851311907172203,0.0,0.0,0.6956779956817627,0.0,0.0,0.0,0.003436360275372863,0.0,0.0,0.0,0.0,0.0,0.0,0.0,0.4293491840362549,0.030260860919952393,0.0,0.03401453420519829,0.0,0.009166073985397816,0.0,0.0,0.0012603843351826072,0.0,0.005594254937022924,0.25797438621520996,0.028923679143190384,1.1186556816101074,0.0,0.0016654229257255793,0.011651843786239624,0.0,0.0,0.014501047320663929,2.3138835430145264,0.015742439776659012,0.0,0.0,0.026574408635497093,0.0,0.0,0.0,0.039225369691848755,0.005677549634128809,0.0,0.5262590646743774,0.0,0.033297911286354065,0.016610559076070786,0.0,0.0,0.0,0.0667877122759819,0.20354557037353516,0.05162831395864487,0.0,0.1853635013103485,0.0,0.0,0.0,0.0,0.0,0.06406131386756897,0.016998834908008575,0.03371019288897514,0.0,0.0,0.18854019045829773,0.037595730274915695,0.003376817097887397,0.05283741652965546,0.5880399346351624,0.0,0.021361369639635086,0.16865617036819458,0.0,0.008184722624719143,0.0,0.0018611535197123885,0.0,0.052260302007198334,0.0,0.0,0.0,0.0,0.0,0.010983902961015701,0.0,0.10192104429006577,0.036617461591959,0.9463411569595337,0.0,0.05113930627703667,0.0007839202880859375,0.005475754849612713,0.021867208182811737,0.0,0.05041835829615593,0.0,0.0,0.6380072832107544,0.0,0.02175085060298443,0.0,0.0,0.0,0.0,0.021891523152589798,0.003815043019130826,0.0,0.0,0.0,0.0,0.0,0.0,0.0,0.0,0.0,0.0,0.0,0.0,0.1749780774116516,0.0,0.09432682394981384,0.0,0.0,0.0,0.003890923922881484,0.0,0.05558177828788757,0.0,0.007168007083237171,0.060748033225536346,0.005755233578383923,0.011625886894762516,0.0,0.031304821372032166,0.1820850819349289,0.0,0.051384467631578445,0.012017778120934963,0.0,0.02683631144464016,0.0,0.0198885016143322,0.0,0.02832709811627865,0.0,0.0,0.0,0.03574317321181297,0.0,0.0,0.0,0.029197072610259056,0.0,0.0,0.28808751702308655,0.08684789389371872,0.0,0.002124659949913621,0.0,0.0026395348832011223,0.0019897662568837404,0.0,0.015939004719257355,0.0851164311170578,0.02312423288822174,0.0,0.026805518195033073,0.0,0.04172183573246002,0.002371283248066902,0.0,0.0,0.08843677490949631,0.20802247524261475,0.026206467300653458,0.0,0.007134160026907921,0.15880167484283447,0.011970888823270798,0.00919200386852026,0.0,0.25864046812057495,0.09316574782133102,0.08986031264066696,0.00758736114948988,0.0,0.0,0.9607285857200623,0.42568913102149963,0.10033638030290604,0.0,0.0,0.0014837455237284303,0.0,0.0,0.031816478818655014,0.004295209422707558,0.5961222052574158,0.018165413290262222,0.14739768207073212,0.0,0.0,0.0,0.007524194661527872,0.06467302143573761,0.0,0.001306264428421855,0.05337530001997948,0.17268499732017517,0.0,0.008919361978769302,0.2753489017486572,0.013711834326386452,0.49667656421661377,0.05660182982683182,0.010141397826373577,0.2363918274641037,0.04912019893527031,0.021426888182759285,0.0,0.38333621621131897,0.016511233523488045,0.0,0.002280079061165452,0.0,0.0,0.0,0.1855490654706955,0.0,0.006482564844191074,0.2999735474586487,0.02221100777387619,0.0,0.0,0.08774518966674805,0.007111607119441032,0.0,0.003962680231779814,0.0,0.0,0.13593055307865143,0.0,0.0,0.0,0.059372659772634506,0.0034578251652419567,0.0,0.009126484394073486,0.0,0.0,0.0,0.0,0.0,0.19116604328155518,0.005287535022944212,0.0,0.01860780641436577,0.0,0.1482113152742386,0.0,0.0,0.013127905316650867,0.0,0.047617439180612564,0.025662465021014214,0.0,0.0,0.0,0.0,0.0,0.0,0.0,0.0,0.0,0.0,0.0,0.024821363389492035,0.0,0.01214723102748394,0.0,0.04571102559566498,0.012888234108686447,0.01778753288090229,0.003944675903767347,0.062099579721689224,0.0,0.026567377150058746,0.0,0.1524149775505066,0.008550603874027729,0.031297530978918076,0.08043336123228073,0.10389921069145203,0.0,0.0,0.0,0.006135278847068548,0.005086242686957121,0.21825677156448364,0.03483504429459572,0.029622411355376244,0.0,0.029300270602107048,0.03583456575870514,0.03776877000927925,0.0,0.015027628280222416,0.0,0.0,0.05136357620358467,0.0678248405456543,0.0007790050003677607,0.014271297492086887,0.0,0.028828544542193413,0.013657853938639164,0.06906216591596603,0.039461515843868256,0.0,0.0,0.11483941972255707,0.09897831827402115,0.012658145278692245,0.0,0.0,0.00703474273905158,0.0,0.5725017786026001,0.015189248137176037,0.006553267128765583,0.0,0.1504766047000885,0.054812412708997726,0.09312275052070618,0.0,0.0913177952170372,0.0,0.0,0.2222689837217331,0.14822949469089508,0.0,0.0851198211312294,0.0,0.7467136979103088,0.0,0.0,0.02341610938310623,0.0,0.002481485716998577,0.01664547063410282,0.0,0.0,0.057112596929073334,0.0011409056605771184,0.21538613736629486,0.0,0.08978334069252014,0.0,0.0,0.0014758673496544361,0.10946395248174667,0.1389865279197693,0.0,0.02256651408970356,0.1696893572807312,0.0,0.030636146664619446,0.011494341306388378,0.0,0.0,0.09155913442373276,0.04565613344311714,0.008164632134139538,0.0,0.014282439835369587,0.21161700785160065,0.017963368445634842,0.0,0.0,0.030432317405939102,0.16909033060073853,0.003080313093960285,0.0,0.0,0.03016248717904091,0.0,0.001042003626935184,0.013736040331423283,0.12675654888153076,0.0036395788192749023,0.05496175214648247,0.0062188743613660336,0.07391200214624405,0.611269474029541,0.06096338853240013,0.09336300939321518,0.0,0.07812019437551498,0.02048683911561966,0.0,0.0,0.000658059143461287,0.025139516219496727,0.01091049239039421,0.04194679856300354,0.00662838714197278,0.02470587193965912,0.006101655773818493,0.4127027988433838,0.16230839490890503,0.0,0.03720874711871147,0.0,0.17950809001922607,0.3222719132900238,0.045030154287815094,0.01478540152311325,0.5659452080726624,0.028236715123057365,0.7587155103683472,0.1079949364066124,0.0,0.0,0.0,0.10829503834247589,0.0,0.06183488294482231,0.0,0.0,0.037256669253110886,0.0,0.02091982401907444,1.3541516065597534,0.15892763435840607,0.02009977586567402,0.0,0.060307059437036514,0.0,0.05605620518326759,0.013567895628511906,0.005291769281029701,0.0,0.36850494146347046,0.058747462928295135,0.04521626979112625,0.0031905770301818848,0.0,0.0,0.06586870551109314,0.0,0.10560765862464905,0.052767157554626465,0.0,0.2261349856853485,0.0017411875305697322,0.0434977188706398,0.0,0.002855408238247037,0.0,0.0,0.6197706460952759,0.33202987909317017,0.0,0.06475143879652023,0.14317269623279572,0.02549688331782818,0.08361728489398956,0.011811921373009682,0.03352971002459526,0.0,0.0038018417544662952,0.0,0.0,0.021914351731538773,0.0,0.10460452735424042,0.0,0.07575096189975739,0.10158401727676392,0.008747695945203304,0.0,0.04802584648132324,0.02196001447737217,0.03728099912405014,0.18064261972904205,0.01670006662607193,0.0,0.13133050501346588,0.0,0.01259259320795536,0.0746554285287857,0.008226471021771431,0.04020395874977112,0.0008304071379825473,0.0,0.0,0.4593667984008789,0.0,0.021653199568390846,0.028045320883393288,0.0,0.0,0.0,0.009915193542838097,0.0,0.0,0.01964304782450199,0.01885823905467987,0.01725556142628193,0.004029402509331703,0.03237556666135788,0.0,0.8144428133964539,0.11536486446857452,0.007295782677829266,0.22200271487236023,0.08252120763063431,0.005218680948019028,0.0015182733768597245,0.0,0.029151372611522675,0.0,0.010566968470811844,0.051509249955415726,0.01771233230829239,0.0032074928749352694,0.0,0.0,0.0,0.010208215564489365,0.0,0.10376296937465668,0.05032777786254883,0.027813082560896873,0.0268731489777565,0.16954557597637177,0.0859081819653511,0.03251399099826813,0.08565454185009003,0.026378478854894638,0.0,0.11397073417901993,0.0,0.0,0.0,0.045960064977407455,0.01283192727714777,0.0,0.07611173391342163,0.2788640856742859,0.0,0.0,0.0,0.044867586344480515,0.0,0.0,0.061715174466371536,0.0017813134472817183,0.0030339788645505905,0.09278444200754166,0.011158918030560017,0.0,0.01675325818359852,0.0,0.0,0.004087259992957115,0.0,0.032065555453300476,0.2317522019147873,0.0,0.42810675501823425,0.02554471045732498,0.026194147765636444,0.22370575368404388,0.0,0.02216544933617115,0.0,0.0,0.01043829694390297,0.0,0.1485278457403183,0.4228244125843048,0.0,0.013946712017059326,0.0,0.007300553377717733,0.010978787206113338,0.0,0.005516258534044027,0.0,0.0,0.4861436188220978,0.0,0.0,0.0,0.0,0.16919685900211334,0.008288494311273098,0.0,0.0,0.0,0.1896771639585495,0.014001404866576195,0.044493015855550766,0.0,0.0,0.00824129581451416,0.029283598065376282,0.0,0.0,0.07206252217292786,0.030855286866426468,0.03144406899809837,0.014616426080465317,0.0,0.0,0.08561450988054276,0.0,0.025490393862128258,0.0,0.0,0.039735518395900726,0.05986209213733673,0.07469669729471207,0.0006677567726001143,0.030405255034565926,0.06819286942481995,0.0746726244688034,0.0,0.04173199087381363,0.5233314037322998,0.0027743501123040915,0.2687603235244751,0.05728210508823395,0.1685011088848114,0.017261523753404617,0.24194051325321198,0.0,0.011872956529259682,0.0,0.05388462916016579,0.014529436826705933,0.018169159069657326,0.0,0.020103707909584045,0.0,0.03625401854515076,0.006147415842860937,0.09401988983154297,0.0,0.3874989449977875,0.026963239535689354,0.02809830754995346,4.875302329310216e-05,0.001365923904813826,0.05171773582696915,0.0033610344398766756,0.07842003554105759,0.026288440451025963,0.0,0.017440546303987503,0.04228144511580467,0.0,0.003961284179240465,0.05443764850497246,0.01663094200193882,0.004454109817743301,0.0068421028554439545,0.010194726288318634,0.01910994201898575,0.022681713104248047,0.0,0.0,0.0,0.08303306251764297,0.10083566606044769,0.6745564341545105,0.0,0.0,0.0,0.0,0.003002104815095663,0.07379142940044403,0.0,0.0,0.0,0.0,0.0,0.006941050756722689,0.1575678586959839,0.0,0.00176986341830343,0.23139165341854095,0.026430277153849602,0.21706876158714294,0.018483927473425865,0.10005004703998566,0.0,0.14750532805919647,0.0,0.0,0.009494002908468246,0.022281358018517494,0.0,0.0,0.32017940282821655,0.0,0.0,0.11547906696796417,0.0,0.0,0.0,0.0,0.008302266709506512,0.0,0.014959115535020828,0.04692767187952995,0.018538840115070343,0.0,0.0,0.007232887204736471,0.008833077736198902,0.0,0.0,0.09874909371137619,0.014744737185537815,0.041928067803382874,0.09174565970897675,0.0,0.05158139392733574,0.0,0.0,0.0,0.14895309507846832,0.0,0.0,0.03798732906579971,0.0,0.02377394586801529,0.0,0.0,0.040629949420690536,0.0,0.0,0.0,0.0,0.0,0.0,0.004032530821859837,0.001993698999285698,0.01629982702434063,0.5575212240219116,0.0,0.006307551637291908,0.009234695695340633,0.0,0.0002693986753001809,0.18494389951229095,0.0,0.08741746097803116,0.25811588764190674,0.0,0.0,0.012138831429183483,0.0,0.0014586120378226042,0.0,0.0,0.40755051374435425,0.0,0.0,0.0,0.0,0.0,0.37674811482429504,0.1370241492986679,0.002208092249929905,0.0,0.008384003303945065,0.1527399718761444,0.3053777813911438,0.0,0.0,0.02114815078675747,0.0,0.0,0.0,0.0,0.0,0.011841675266623497,0.0,0.0,0.0,0.0,0.24628661572933197,0.0,0.05114680156111717,0.0249549001455307,0.013807092793285847,0.0,0.2871858477592468,0.1371482014656067,0.0,0.09176530689001083,0.0,0.0037013983819633722,0.0,0.0035834270529448986,0.050179243087768555,0.0,0.0,0.04273948073387146,0.0,0.031815189868211746,0.04358428344130516,0.03246982395648956,0.0,0.006036901380866766,0.0010433685965836048,0.13560360670089722,0.003846482140943408,0.005716540850698948,0.007570130750536919,0.0,0.057031720876693726,0.03732239827513695,0.06071126461029053,0.062383461743593216,0.0,0.0,0.00659444322809577,0.05192440003156662,0.0,0.0,0.008360585197806358,0.0,0.011606138199567795,0.0,0.0,0.0,0.0,0.004307532217353582,0.004569549113512039,0.0,0.0,0.0,0.057733070105314255,0.06142481788992882,0.06269583851099014,0.01499369740486145,0.027181381359696388,0.002029815223067999,0.0,0.0,0.31496915221214294,0.0,0.06539624184370041,0.04748750850558281,0.0047404528595507145,0.009063784033060074,0.3609426021575928,0.0023158311378210783,0.04408542066812515,0.0006611394928768277
0.0,0.017999745905399323,0.3363970220088959,0.0,0.0,0.0,0.029010728001594543,0.017276858910918236,0.0031677985098212957,0.06625993549823761,0.0,0.025167305022478104,0.0390181802213192,0.32362422347068787,0.11388015002012253,0.18178625404834747,0.0023325609508901834,0.007773523218929768,0.0,0.22201484441757202,0.048555318266153336,0.0,0.02885052189230919,0.2168702930212021,0.06743807345628738,0.059321898967027664,0.0,0.0,0.0,0.0,0.4204147458076477,0.1329175978899002,0.0,0.0,0.2718394696712494,0.16028694808483124,0.0,0.04817543178796768,0.0,0.0922897532582283,0.29344412684440613,0.0,0.0,0.12361493706703186,0.4542597532272339,0.00657217763364315,0.03152340650558472,0.0,0.26988932490348816,0.0,0.0,0.18661810457706451,0.0,0.14182454347610474,0.028699178248643875,0.0,0.0,0.0,0.08914394676685333,0.004773709923028946,0.004206910263746977,0.3769625425338745,0.06668652594089508,0.0,0.001284574274905026,0.35884734988212585,0.12966805696487427,0.017777182161808014,0.030681079253554344,0.0,0.2532147765159607,0.0,0.01535705104470253,0.12852990627288818,0.0,0.1260104924440384,0.3593704104423523,0.002373630180954933,0.1893608421087265,0.4575105309486389,0.0,0.0701318010687828,0.0,0.0561743825674057,0.010779854841530323,0.32037028670310974,0.03861338272690773,0.0,0.0,0.04776579886674881,0.01726868376135826,0.0,0.24997036159038544,0.5126093029975891,0.01896032877266407,0.19405795633792877,0.03441962972283363,0.0,0.0,0.035122327506542206,0.0183497816324234,0.035441745072603226,0.13737724721431732,0.020845556631684303,0.052888378500938416,0.012332191690802574,0.020999908447265625,0.0,0.0031702923588454723,0.002886262023821473,0.054359789937734604,0.03351790830492973,0.0,0.1536695808172226,0.011252667754888535,0.3943272829055786,0.0,0.09195052832365036,0.0,0.14666326344013214,0.020157530903816223,0.001973674399778247,0.25930333137512207,0.038057610392570496,0.01194865070283413,0.002638251753523946,0.15455381572246552,0.026444725692272186,0.10858535766601562,0.005287223029881716,0.11574167013168335,0.0,0.027856698259711266,0.018335171043872833,0.06177285686135292,0.08702036738395691,0.0055564711801707745,0.0,0.0,0.0,0.13231845200061798,0.03766295313835144,0.0,0.026393985375761986,0.2690061628818512,0.0,0.018070699647068977,0.26408660411834717,0.032731860876083374,0.056598883122205734,0.10735765099525452,0.0,0.06924654543399811,0.07761446386575699,0.0,0.028492670506238937,0.0027319621294736862,0.025945672765374184,0.10768138617277145,0.1065952330827713,0.0,0.00346498005092144,0.025510989129543304,0.37196993827819824,0.09967678040266037,0.0,0.2449663132429123,0.004090039525181055,0.11648455262184143,0.3222030699253082,0.11882057040929794,0.08586457371711731,0.051818590611219406,0.20112434029579163,0.05182424560189247,0.031299423426389694,0.4974377453327179,0.008987459354102612,0.0,0.31146126985549927,0.0,0.0,0.02984166145324707,0.02858063206076622,0.01156303659081459,0.26285380125045776,0.14867721498012543,0.05079662427306175,0.06003853678703308,0.29510727524757385,0.04053773730993271,0.07265408337116241,0.014197583310306072,0.0055322409607470036,0.017266232520341873,0.040162935853004456,0.0430549718439579,0.020594339817762375,0.25488346815109253,0.0036120652221143246,0.14637026190757751,0.03250947222113609,0.0,0.17099866271018982,0.007149758283048868,0.07660619914531708,0.053095556795597076,0.009811291471123695,0.030048027634620667,0.1625899374485016,0.1333606094121933,0.0,0.2658962607383728,0.0,0.01475976500660181,0.020069580525159836,0.03003408946096897,0.02419835515320301,0.0,0.013405890204012394,0.05856175720691681,0.012510394677519798,0.15191611647605896,0.16575032472610474,0.0,0.16979080438613892,0.009072094224393368,0.031264517456293106,0.044804200530052185,0.12505890429019928,0.14377671480178833,0.0,0.2000531703233719,0.05550197511911392,0.09040010720491409,0.2669432461261749,0.036291275173425674,0.1068829894065857,0.03507773205637932,2.2374391846824437e-05,0.0,0.057029131799936295,0.04421639069914818,0.0,0.044761620461940765,0.05440757796168327,0.04117690399289131,0.07101140916347504,0.0,0.02279582805931568,0.007764363195747137,0.006288192234933376,0.006609110627323389,0.01637314073741436,0.0011313939467072487,0.09522203356027603,0.0,0.07684299349784851,0.11201483011245728,0.4768272340297699,0.0,0.03701552748680115,0.019651150330901146,0.0,0.13636955618858337,0.0495615117251873,0.07284443080425262,0.03325321525335312,0.008574225939810276,0.012320015579462051,0.07761961966753006,0.00716039165854454,0.0,0.09054292738437653,0.049082230776548386,0.0,0.030429773032665253,0.029154285788536072,0.13529753684997559,0.22907932102680206,0.040474068373441696,0.0,0.025840645655989647,0.1584474742412567,0.030451348051428795,0.6778479218482971,0.0,0.0,0.1555430144071579,0.05072176083922386,0.14768071472644806,0.13697749376296997,0.06168191879987717,0.0,0.04581647366285324,0.0020303393248468637,0.1872292309999466,0.0,0.28360453248023987,0.00047307967906817794,0.03085504285991192,0.01599886082112789,0.1810724437236786,0.12163250893354416,0.13517171144485474,0.007123827934265137,0.0005250764079391956,0.026785681024193764,0.0,0.0,0.0,0.12753933668136597,0.022398509085178375,0.1505495309829712,0.06330035626888275,0.3602522909641266,0.02808065339922905,0.007751598488539457,0.16951733827590942,0.03527340292930603,0.0,0.047437697649002075,0.0,0.0,0.6638436317443848,0.0,0.0,0.006722898688167334,0.0,0.0,0.001341779250651598,0.06037909537553787,0.0,0.0,0.07652333378791809,0.0,0.0,0.0,0.01059520523995161,0.06541571021080017,0.03259782865643501,0.0029960148967802525,0.0,0.0,0.0,0.0,0.0,0.0009493231773376465,0.0016467154491692781,0.0,0.2498328536748886,0.005066422279924154,0.08635897934436798,0.043286725878715515,0.3565704822540283,0.0,0.0,0.0,0.09972634166479111,0.010273502208292484,0.0032731539104133844,0.0,0.0,0.0,0.0,0.00041374683496542275,0.09802499413490295,0.0068732802756130695,0.0005362320225685835,0.0,0.5378057360649109,0.0,0.0,0.06134876236319542,0.00787929818034172,0.0,0.025164196267724037,0.0,0.0025183847174048424,0.1311064064502716,0.05065453425049782,0.0,0.0,0.0,0.008485390804708004,0.0,0.0,0.04382942244410515,0.0,0.0,0.20114584267139435,0.0,0.0,0.0,0.0,0.0,0.13622581958770752,0.0,0.1674685925245285,0.01949535869061947,0.0,0.0,0.0,0.0016668624011799693,0.025910208001732826,0.0,0.0,0.0,0.0,0.03789911046624184,0.0,0.0,0.0,0.0,0.0075470018200576305,0.0,0.0,0.0,0.0,0.0,0.04664318636059761,0.0,0.07652994990348816,0.0,0.018135299906134605,0.16543835401535034,0.01658773422241211,0.010341458022594452,0.026756076142191887,0.09480071812868118,0.0,0.004477454349398613,0.0,0.10510986298322678,0.0,0.0,0.0,0.021356720477342606,0.0030149221420288086,0.0,0.0,0.0,0.013551183976233006,0.02658136375248432,0.0,0.0,0.04922642186284065,0.0,0.020965576171875,0.056257572025060654,0.017435653135180473,0.0,0.0,0.03265045955777168,0.0,0.0,0.004559941124171019,0.0,0.015872851014137268,0.0,0.0,0.16237665712833405,0.0,0.0,0.10717341303825378,0.26262688636779785,0.03212820738554001,0.0,0.0,0.0,0.0,0.0,0.026714084669947624,0.0,0.02487228810787201,0.0,0.0,0.011839406564831734,0.029590893536806107,0.0,0.0,0.0,0.16091518104076385,0.0020449734292924404,0.04853973537683487,0.2221265733242035,0.006441016215831041,0.0,0.0,0.0,0.007000512909144163,0.0,0.00044968724250793457,0.0,0.0,0.0,0.0,0.008978541009128094,0.041338883340358734,0.0,0.0,0.0,0.022730596363544464,0.01687484048306942,0.02073916420340538,0.0,0.0,0.0005489002796821296,0.18233832716941833,0.024141492322087288,0.05779309198260307,0.009516546502709389,0.0,0.006570745725184679,0.0,0.0,0.22875827550888062,0.02993643470108509,0.0,0.0032673394307494164,0.0,0.0,0.3993130028247833,0.0,0.0,0.0,0.0,0.0,0.0,0.016471736133098602,0.015190468169748783,0.0,0.01265778299421072,0.0016089219134300947,0.0,0.16469913721084595,0.0,0.0,0.0,0.005992972757667303,0.004287234041839838,0.04483385011553764,0.0,0.08881296962499619,0.0,0.0,0.022821903228759766,0.0010860876645892859,0.001000486663542688,0.0,0.0,0.04714019224047661,0.00824896153062582,0.16257597506046295,0.0011814391473308206,0.004256997257471085,0.0,0.0,0.016324318945407867,0.0,0.0,0.10914193838834763,0.043978575617074966,0.0,0.2050788700580597,0.04934900626540184,0.007626911625266075,0.0,0.10517572611570358,0.27495208382606506,0.0,0.03802545368671417,0.08283504843711853,0.0,0.0,0.019703518599271774,0.006050691474229097,0.0,0.0,0.0,0.07323528826236725,0.0,0.05628207325935364,0.0,0.2545973062515259,0.16415634751319885,0.09184223413467407,0.008829041384160519,0.0,0.0,0.0,0.004223979078233242,0.0037311743944883347,0.0,0.00271964306011796,0.2107257843017578,0.001016897615045309,0.024373631924390793,0.0,0.0,0.0,0.0,0.0,0.034022897481918335,0.0,0.0,0.0,0.48143935203552246,0.012237798422574997,0.08333539962768555,0.0,0.22618886828422546,0.0018269396387040615,0.0,0.0,0.01666504703462124,0.010714149102568626,0.008441340178251266,0.0,0.0,0.0,0.0,0.0,0.0,0.007173485122621059,0.009204234927892685,0.0,0.012072199955582619,0.0,0.07475743442773819,0.008250180631875992,0.0,0.0,0.0,0.001392699428834021,0.0,0.0,0.0,0.0,0.0,0.0,0.0,0.13453005254268646,0.02753414958715439,0.0,0.0,0.0,0.0,0.0,0.0,0.0,0.01213834062218666,0.0,0.0,0.011381817050278187,0.0,0.0,0.07432670891284943,0.026232993230223656,0.10074099898338318,0.015028132125735283,0.0,0.18206605315208435,0.010050232522189617,0.08531032502651215,0.0016574597684666514,0.0023256719578057528,0.09985147416591644,0.0,0.021783774718642235,0.0697403997182846,0.0,0.03510276973247528,0.0020967458840459585,0.0,0.0,0.0,0.0,0.0,0.0038629332557320595,0.0,0.06203669682145119,0.0,0.0,0.0,0.03540542721748352,0.0,0.0,0.0,0.0,0.004301379434764385,0.1834087371826172,0.036852169781923294,0.00674491748213768,0.056958235800266266,0.03884721174836159,0.0,0.0,0.0029857296030968428,0.07753235101699829,0.0013377100694924593,0.0,0.33765384554862976,0.09603649377822876,0.00011578560224734247,0.0,0.033173948526382446,0.0,0.17463165521621704,0.0141465924680233,0.0,0.003720587585121393,0.01056309137493372,0.0046484386548399925,0.1745539903640747,0.11467573791742325,0.023111600428819656,0.0,0.00400185864418745,0.043386783450841904,0.000645484309643507,0.0,0.0,0.04878251999616623,0.0014395845355466008,0.01632983237504959,0.0,0.04086092859506607,0.002093353308737278,0.22229856252670288,0.0,0.0,0.0009553235722705722,0.3087001144886017,0.061756037175655365,0.0,0.00672632222995162,0.5814960598945618,0.0,0.05758848786354065,0.0,0.0010784096084535122,0.0,0.0,0.0,0.018324781209230423,0.2649489939212799,0.0,0.12981757521629333,0.0,0.0,0.008392401970922947,0.0036296439357101917,0.0,0.00047921895748004317,0.0,0.0,0.29218167066574097,0.07722916454076767,0.0,0.0,0.0016414481215178967,0.055982839316129684,0.007748632226139307,0.2920251190662384,0.0,0.0,0.0,0.050426777452230453,0.0,0.1722281277179718,0.04039322957396507,0.07613998651504517,0.10063781589269638,0.022493934258818626,0.001115660648792982,0.005260976497083902,0.030939746648073196,0.029321985319256783,0.012918361462652683,0.0,0.0,0.2163664996623993,0.01268534641712904,0.03372807800769806,0.0020230580121278763,0.0,0.056873153895139694,0.2688693106174469,0.006855631247162819,0.022830186411738396,0.032818011939525604,0.062364786863327026,0.003000587224960327,0.0,0.0,0.07009441405534744,0.0,0.023207109421491623,0.11799205094575882,0.028714647516608238,0.028868354856967926,0.0,0.019849853590130806,0.0,0.0,0.02596355602145195,0.09963271021842957,0.07112505286931992,0.0,0.24271319806575775,0.0,0.002730365376919508,0.0,0.00762225640937686,0.04620574787259102,0.3208658993244171,0.012630896642804146,0.08867579698562622,0.060322877019643784,0.0,0.0,0.0,0.0,0.0,0.0018143088091164827,0.020709078758955002,0.0,0.0,0.020402658730745316,0.15955865383148193,0.002707424107939005,0.0036686586681753397,0.028999973088502884,0.010684520937502384,0.0,0.20312166213989258,0.0,0.0,0.032410796731710434,0.06361684203147888,0.0,0.05189500004053116,0.0038526952266693115,0.23098082840442657,0.0,0.0025165723636746407,0.4633215069770813,0.0,0.025480832904577255,0.002463467651978135,0.0,0.0,0.0,0.016426578164100647,0.024583883583545685,0.0,0.12062644958496094,0.0,0.0,0.0,0.0,0.013523641042411327,0.02640966698527336,0.0,0.05009648948907852,0.002722884528338909,0.0064354692585766315,0.0,0.0,0.409784197807312,0.001973856473341584,0.0,0.0,0.0,0.0,0.0,0.6693384647369385,0.04631945490837097,0.01612984389066696,0.021382035687565804,0.10038956999778748,0.0,0.0013049852568656206,0.0,0.25041434168815613,0.007082657888531685,0.07145201414823532,0.019232023507356644,0.008454672992229462,0.0,0.010686563327908516,0.158773273229599,0.0,0.022158581763505936,0.0,0.1509501039981842,0.026972683146595955,0.09815192967653275,0.04012736305594444,0.11138705164194107,0.049610063433647156,0.0,0.36738646030426025,0.0,0.0,0.044706329703330994,0.022466840222477913,0.06947489082813263,0.0,0.0025845258496701717,0.0,0.059220124036073685,0.11243149638175964,0.0,0.18896858394145966,0.014247641898691654,0.08535145968198776,0.0,0.043794531375169754,0.4594842791557312,0.02578129805624485,0.1527102291584015,0.1287141889333725,0.15949347615242004,0.05470412224531174,0.058372579514980316,0.12168459594249725,0.1316360980272293,0.02294059842824936,0.25517773628234863,0.0,0.0,0.2684832811355591,0.005769865587353706,0.0,0.029278645291924477,0.0,0.0,0.08134891837835312,0.0,0.0,0.005826717708259821,0.0,0.002161263022571802,0.0,0.26787397265434265,0.04924574866890907,0.0,0.0,0.037096887826919556,0.0,0.0,0.0863778367638588,0.003490645904093981,0.08497586101293564,0.0,0.1351727396249771,0.0,0.009830505587160587,0.05818311870098114,0.0,0.033499907702207565,0.0,0.031200045719742775,0.14539124071598053,0.0,0.05374033749103546,0.020860154181718826,0.13170023262500763,0.0013238668907433748,0.08002769201993942,0.052744217216968536,0.0,0.0,0.1704304814338684,0.0,0.0,0.0079625453799963,0.6785637736320496,0.16118858754634857,0.0,0.023559007793664932,0.4599795639514923,0.003975157625973225,0.0,0.0034832931123673916,0.24393723905086517,0.0,0.037322625517845154,0.0,0.0,0.0017179417191073298,0.0,0.07930778712034225,0.0,0.0,0.2207658886909485,0.024793554097414017,0.0,0.0,0.19997018575668335,0.0,0.010959475301206112,0.008261281065642834,0.032617248594760895,0.050516657531261444,5.637873073283117e-06,0.0033122969325631857,0.04651917517185211,0.0025598881766200066,0.019694551825523376,0.3055752217769623,0.0,0.0,0.015572628006339073,0.04831545427441597,0.04022975265979767,0.0003152012941427529,0.09339733421802521,0.003786246757954359,0.0,0.24621114134788513,0.02458823285996914,0.0,0.021080316975712776,0.0,0.0,0.043290875852108,0.3755151629447937,0.0,0.0,0.23166543245315552,0.05033145844936371,0.01369917020201683,0.07724195718765259,0.0,0.10088580846786499,0.021000659093260765,0.0,0.0,0.0,0.06734251230955124,0.0009178256732411683,0.0,0.017933791503310204,0.051721639931201935,0.09174390882253647,0.039870575070381165,0.16804015636444092,0.0,0.09037251770496368,0.012879345566034317,0.0,0.15346936881542206,0.0,0.013625324703752995,0.06339713931083679,0.018540814518928528,0.0,0.1591251790523529,0.03424898535013199,0.0,0.04490269720554352,0.42085638642311096,0.0524006113409996,0.06826561689376831,0.0,0.07960514724254608,0.13983316719532013,0.06019268184900284,0.10060705989599228,0.0,0.1098957359790802,0.01761808805167675,0.104877769947052,0.02858901582658291,0.08307868242263794,0.2746562063694,0.01413915865123272,0.45803987979888916,0.0,0.005887116305530071,0.030608095228672028,0.42817774415016174,0.12780633568763733,0.19901321828365326,0.19653907418251038,0.0,0.01301321480423212,0.008324818685650826,0.011052816174924374,0.0,0.024204768240451813,0.03600297123193741,0.0,0.0,0.003587267128750682,0.0,0.14144401252269745,0.0,0.0,0.08276252448558807,0.03315715491771698,0.28519970178604126,0.0,0.0,0.004440194461494684,0.0,0.0,0.0,0.5525702834129333,0.0,0.0,0.0,0.0,0.18446002900600433,0.0,0.0,0.0,0.06826446205377579,0.0005529880290850997,0.012986522167921066,0.19155427813529968,0.317552387714386,0.0,0.006906486582010984,0.008202794007956982,0.04482519254088402,0.0,0.0,0.0,0.0,0.07638140022754669,0.0062992870807647705,0.0,0.0,0.004482552409172058,0.008035441860556602,0.07776416093111038,0.08932662010192871,0.0,0.0025120109785348177,0.0,0.0,0.0,0.4177086353302002,0.020969681441783905,0.30641308426856995,0.0,0.058295249938964844,0.00782856810837984,0.004304368514567614,0.0,0.04766922816634178,0.0,0.18455387651920319,0.005144577473402023,0.014066820964217186,0.0068191527388989925,0.0,0.002593288430944085,0.0,0.05134478583931923,0.0,0.05285148695111275,0.03089899942278862,0.0002742827055044472,0.0,0.0,0.0,0.0,0.9988395571708679,0.18843519687652588,0.0,0.0,0.025220001116394997,0.0059544662944972515,0.009349782019853592,0.06288999319076538,0.08565761893987656,0.0,0.0,0.5500146150588989,0.0,0.0,0.0,0.01043270155787468,0.0,0.0,0.0,0.0,0.0,0.0,0.0,0.5041704773902893,0.02842087298631668,0.0,0.07488925009965897,0.0,0.0034419726580381393,0.0,0.0,0.017843373119831085,0.0,0.005997279658913612,0.3581100404262543,0.024381782859563828,1.123795747756958,0.0,0.004300926811993122,0.011454007588326931,0.004948899615556002,0.0,0.029598508030176163,2.2993836402893066,0.014672701247036457,0.0,0.0,0.03092314675450325,0.025324823334813118,0.0,0.0,0.048600468784570694,0.002991602523252368,0.0,0.5486299395561218,0.0,0.01597277633845806,0.029739027842879295,0.0,0.0,0.0,0.08821970224380493,0.1895902305841446,0.0331571064889431,0.0,0.17470885813236237,0.0,0.0,0.0,0.0,0.0,0.14920516312122345,0.023315228521823883,0.022176582366228104,0.0,0.0,0.18755587935447693,0.007175403647124767,0.015934035181999207,0.13344424962997437,0.5075381994247437,0.0,0.026063470169901848,0.1781429499387741,0.0,0.0,0.0,0.0,0.0,0.07737758755683899,0.0,0.08012697845697403,0.0,0.0,0.0,0.01650477945804596,0.0,0.12695331871509552,0.02796996757388115,1.0335065126419067,0.0,0.045934297144412994,0.013193054124712944,0.022502558305859566,0.1408037692308426,0.0,0.04568909481167793,0.0,0.0,0.46865761280059814,0.0,0.024868879467248917,0.0,0.0,0.0,0.0,0.022322874516248703,0.014866970479488373,0.0,0.0020126074086874723,0.0,0.0,0.0,0.0,0.0029159134719520807,0.0,0.0,0.0,0.0,0.00696082878857851,0.1748788058757782,0.0,0.06597690284252167,0.0,0.0,0.0,0.0111750653013587,0.0,0.046214666217565536,0.0,0.011976403184235096,0.010506811551749706,0.0,0.0,0.0,0.01848011463880539,0.12278196960687637,0.0,0.06314991414546967,0.02847371995449066,0.0,0.031490519642829895,0.0,0.021056421101093292,0.0,0.031720828264951706,0.0,0.0,0.0,0.04562293365597725,0.002919521415606141,0.0,0.0005866789724677801,0.03838379308581352,0.02504032850265503,0.0,0.26617324352264404,0.0903356522321701,0.0,0.0,0.0,0.0013381970347836614,0.15283294022083282,0.0,0.0,0.044105738401412964,0.030345220118761063,0.0,0.02125377394258976,0.0,0.016963481903076172,0.0,0.0,0.0,0.0188076701015234,0.224957674741745,0.0397091805934906,0.0016597110079601407,0.0036151420790702105,0.280557781457901,0.007488887291401625,0.005621172022074461,0.0,0.2807430326938629,0.10060764104127884,0.06487196683883667,0.0,0.007062585558742285,0.0,0.8950073719024658,0.3604383170604706,0.09172132611274719,0.0,0.0,0.0,0.0,0.0017991638742387295,0.017305441200733185,0.0,0.7009560465812683,0.012986976653337479,0.11624418199062347,0.0,0.0,0.0,0.0031834221445024014,0.03818387910723686,0.0,0.0,0.037022486329078674,0.3597462773323059,0.0,0.006217434536665678,0.26855534315109253,0.011814495548605919,0.5380635261535645,0.05379176512360573,0.0019358837744221091,0.4443380832672119,0.10550627112388611,0.02290160581469536,0.0,0.3304847776889801,0.021607959643006325,0.0,0.004862375091761351,0.0,0.0,0.0,0.13332238793373108,0.0,0.0,0.36608991026878357,0.014452781528234482,0.0,0.0,0.15313978493213654,0.017713638022542,0.005948645528405905,0.003984507173299789,0.0011069870088249445,0.0,0.07564559578895569,0.005944842007011175,0.0,0.0,0.07379146665334702,0.008424372412264347,0.0,0.005632949061691761,0.0,0.0,0.0,0.0,0.0,0.43473824858665466,0.0,0.0,0.0028590073343366385,0.0,0.15558312833309174,0.0,0.0,0.010917723178863525,0.0,0.10943269729614258,0.016398001462221146,0.0,0.0,0.0,0.0,0.0,0.0,0.0,0.0041644759476184845,0.0,0.0,0.0,0.02228771522641182,0.0,0.010351138189435005,0.0,0.04008390009403229,0.019346481189131737,0.03136670961976051,0.004487335681915283,0.055991850793361664,0.0,0.01875612884759903,0.0,0.18252816796302795,0.019046470522880554,0.02575688622891903,0.1325524002313614,0.11041675508022308,0.0,0.0,0.0,0.0026609182823449373,0.0,0.18682719767093658,0.031257741153240204,0.012571832165122032,0.0,0.028792940080165863,0.05860336869955063,0.038560573011636734,0.0,0.010952144861221313,0.0,0.0,0.18688184022903442,0.05716271325945854,0.007809390313923359,0.010410062968730927,0.0,0.052327509969472885,0.01005774736404419,0.07191549241542816,0.032793279737234116,0.0,0.0,0.11708201467990875,0.12565600872039795,0.05010790750384331,0.003774033859372139,0.0,0.006410322152078152,0.0,0.5472502708435059,0.021404141560196877,0.0040758512914180756,0.0,0.15898984670639038,0.1056695207953453,0.10575194656848907,0.005613203160464764,0.12187227606773376,0.0,0.0,0.22117634117603302,0.20841586589813232,0.0,0.06715035438537598,0.0,0.7431488037109375,0.0,0.00986030325293541,0.012109987437725067,0.0,0.0,0.021405186504125595,0.0,0.0,0.05479315668344498,0.0010743826860561967,0.1684345006942749,0.0,0.08276911079883575,0.0,0.0,0.007313522044569254,0.08179923892021179,0.41075649857521057,0.0,0.02989906817674637,0.09625644981861115,0.0,0.040212225168943405,0.006526312790811062,0.0,0.0,0.11809038370847702,0.035647500306367874,0.006690511479973793,0.0,0.02607923187315464,0.1530502289533615,0.0,0.0,0.0,0.025882499292492867,0.1215556338429451,0.0039458321407437325,0.00027875779778696597,0.0,0.04414626210927963,0.0,0.01065279170870781,0.012108352966606617,0.10891714692115784,0.009313482791185379,0.08279909938573837,0.0,0.07865569740533829,0.6750998497009277,0.021324824541807175,0.15347923338413239,0.0006901121232658625,0.08971285074949265,0.01598864607512951,0.0,0.0,0.0,0.03758512809872627,0.014123736880719662,0.029469814151525497,0.010584721341729164,0.04102075472474098,0.005880169104784727,0.4769642949104309,0.13807392120361328,0.0,0.05267595127224922,0.0,0.21808411180973053,0.33810529112815857,0.04006200656294823,0.0553579144179821,0.662411093711853,0.03079642727971077,0.8078401684761047,0.06072197109460831,0.0,0.0,0.0,0.07965229451656342,0.0,0.21725116670131683,0.0,0.0,0.03996053710579872,0.0,0.015961764380335808,1.1777634620666504,0.15286406874656677,0.013498406857252121,0.0,0.060465846210718155,0.0,0.048139046877622604,0.026338646188378334,0.0,0.0,0.3514828383922577,0.05567702651023865,0.008068378083407879,0.008395846001803875,0.0,0.0,0.06792867183685303,0.0,0.1936379075050354,0.04461607336997986,0.0,0.18971183896064758,0.002455022418871522,0.02185816317796707,0.0,0.00946088694036007,0.004317439626902342,0.0,0.7260524034500122,0.36505019664764404,0.0,0.05121888220310211,0.1246035024523735,0.02901323325932026,0.08986221253871918,0.013404128141701221,0.012161743827164173,0.0019450909458100796,0.0033083176240324974,0.008117828518152237,0.0,0.02287192828953266,0.0,0.07207790017127991,0.028715556487441063,0.04763483628630638,0.047087784856557846,0.01732252538204193,0.0,0.031031090766191483,0.012925367802381516,0.03844243660569191,0.21301963925361633,0.004006891045719385,0.0027669905684888363,0.1323021948337555,0.0,0.019872508943080902,0.08406425267457962,0.0136432945728302,0.04241519048810005,0.014728708192706108,0.0,0.0,0.473295658826828,0.0,0.021732086315751076,0.02461436204612255,0.0,0.012654036283493042,0.0,0.014945406466722488,0.0,0.0,0.031045835465192795,0.019959958270192146,0.03133714571595192,0.015044040977954865,0.02176717296242714,0.0,0.6000087261199951,0.06285621970891953,0.004383800085633993,0.2688707411289215,0.03195643797516823,0.0,0.008121185004711151,0.0,0.04322348162531853,0.0,0.00021374941570684314,0.0375833734869957,0.020688438788056374,0.0014865827979519963,0.0,0.0009970735991373658,0.0,0.009717006236314774,0.0,0.09706860780715942,0.045509222894907,0.023248961195349693,0.03923992067575455,0.18898700177669525,0.08867955207824707,0.047547440975904465,0.17736183106899261,0.039994120597839355,0.0,0.12025634944438934,0.0,0.0,0.0,0.017832772806286812,0.02131788060069084,0.002285573398694396,0.05860857665538788,0.21660810708999634,0.0,0.0,0.0,0.03375229239463806,0.0,0.008814333006739616,0.044862087815999985,0.002169952495023608,0.0008128833724185824,0.09266997128725052,0.0098540298640728,0.0018911510705947876,0.021558599546551704,0.0,0.0,0.014612769708037376,0.0,0.020815007388591766,0.2260037064552307,0.007560921832919121,0.4523199796676636,0.03144260495901108,0.02844173274934292,0.19805015623569489,0.0,0.008366156369447708,0.0,0.0,0.0,0.003481064923107624,0.081825390458107,0.4389359951019287,0.0,0.009105498902499676,0.0,0.0,0.013578386045992374,0.0,0.0,0.0,0.0,0.38854876160621643,0.0,0.0,0.0,0.0,0.21042178571224213,0.012435018084943295,0.0,0.0,0.0,0.17961059510707855,0.019845901057124138,0.03141288459300995,0.0020956064108759165,0.0,0.0070902262814342976,0.026670167222619057,0.0,0.0,0.064935103058815,0.030357370153069496,0.04012986272573471,0.02325638011097908,0.0006309234304353595,0.002834336133673787,0.05055602639913559,0.0,0.02411659248173237,0.0,0.0,0.010378220118582249,0.057261716574430466,0.08733630925416946,0.00021541357273235917,0.024663615971803665,0.06293129175901413,0.029554719105362892,0.0,0.03980052471160889,0.4933816194534302,0.004534403793513775,0.26489371061325073,0.05027323588728905,0.19619889557361603,0.02784104272723198,0.234623983502388,0.0,0.003715484170243144,0.0,0.052893009036779404,0.016481470316648483,0.012650354765355587,0.0,0.02256970852613449,0.0,0.06611283123493195,0.0024994253180921078,0.07241936028003693,0.0,0.49751338362693787,0.015208262950181961,0.02756289392709732,0.0006302163237705827,0.0030388450250029564,0.07332471013069153,0.0,0.04321856051683426,0.019041309133172035,0.0,0.027269558981060982,0.035116326063871384,0.0,0.01406994741410017,0.06639955192804337,0.0010164380073547363,0.0018588138045743108,0.005916607566177845,0.018805760890245438,0.013804404996335506,0.019727665930986404,0.0,0.0,0.0,0.034405242651700974,0.0641181692481041,0.8029745221138,0.0,0.0,0.006009721662849188,0.0,0.0,0.09689842164516449,0.0,0.0,0.0,0.0,0.0,0.013547366484999657,0.13037987053394318,0.0,0.0018714058678597212,0.11138272285461426,0.022479476407170296,0.09950315207242966,0.027512667700648308,0.16059610247612,0.0,0.18021640181541443,0.0,0.0,0.010591758415102959,0.025194935500621796,0.0,0.0,0.27242201566696167,0.0,0.0,0.07396066933870316,0.0,0.0,0.0,0.0,0.0,0.0,0.011234729550778866,0.05110793933272362,0.008837112225592136,0.0,0.0,0.03794926777482033,0.013243108987808228,0.0,0.005607814993709326,0.11931861937046051,0.01543315127491951,0.08135535567998886,0.0611913688480854,0.0,0.035988736897706985,0.0,0.0,0.0,0.1134549155831337,0.0,0.004666290245950222,0.0011878764489665627,0.0,0.00541319977492094,0.0,0.0,0.08410705626010895,0.0,0.0,0.0,0.0,0.0,0.0,0.013381767086684704,0.0007562470273114741,0.02053474821150303,0.783064603805542,0.0,0.009151888079941273,0.004167364910244942,0.0,0.0,0.18184806406497955,0.0,0.08715646713972092,0.33229517936706543,0.0,0.0,0.0026233731769025326,0.0,0.0,0.0,0.0,0.42559921741485596,0.0,0.0,0.0327405110001564,0.0,0.0,0.41116824746131897,0.09170036017894745,0.009809968061745167,0.0,0.003064708784222603,0.1881410777568817,0.41802096366882324,0.0015392869245260954,0.0,0.021761231124401093,0.0,0.0,0.0,0.0,0.0,0.02222326770424843,0.0,0.0,0.0,0.0,0.17724213004112244,0.0,0.023399727419018745,0.024228358641266823,0.037926703691482544,0.0,0.3594701290130615,0.1590680181980133,0.003976854495704174,0.09794152528047562,0.002556920051574707,0.008273926563560963,0.0,0.005118459463119507,0.05076037347316742,0.0,0.0,0.0323803573846817,0.0,0.054061222821474075,0.030463462695479393,0.021426338702440262,0.0,0.015914278104901314,0.0028450083918869495,0.12901818752288818,0.009034398943185806,0.000810745928902179,0.025252094492316246,0.0,0.07680051028728485,0.001106498297303915,0.04154506325721741,0.010037055239081383,0.0,0.0,0.00679309107363224,0.05269033461809158,0.0030256896279752254,0.0,0.023408932611346245,0.0,0.011820006184279919,0.0,0.0,0.0,0.0,0.0016821074532344937,0.009786984883248806,0.0036032777279615402,0.0,0.0,0.17688016593456268,0.050631944090127945,0.06318334490060806,0.004440879914909601,0.011436169035732746,0.0,0.0,0.0,0.47946080565452576,0.0,0.06583748012781143,0.06347200274467468,0.005044391378760338,0.0,0.4483048617839813,0.011049194261431694,0.039443958550691605,0.0
0.0,0.005790678318589926,0.34899619221687317,0.0,0.0,0.0,0.01955408975481987,0.01763542927801609,0.014964363537728786,0.08435890823602676,0.0008271336555480957,0.07343192398548126,0.03437097370624542,0.261318564414978,0.10141307860612869,0.15739044547080994,0.004776539746671915,0.038569219410419464,0.0,0.2573133409023285,0.049569111317396164,0.0,0.04239077493548393,0.19731315970420837,0.0642940029501915,0.14595454931259155,0.0,0.0,0.0,0.0,0.414098858833313,0.10584013164043427,0.0007369255763478577,0.0,0.1782209426164627,0.21510902047157288,0.0009054708643816411,0.02885345183312893,0.0,0.09673800319433212,0.2837212085723877,0.007559525780379772,0.007692592218518257,0.13040980696678162,0.4814777076244354,0.014052183367311954,0.04523104801774025,0.0,0.2769503891468048,0.0,0.0,0.18457241356372833,0.0013664746657013893,0.15828737616539001,0.02658289484679699,0.0,0.0,0.0,0.11130904406309128,0.0077000572346150875,0.0013607346918433905,0.3243612051010132,0.07867887616157532,0.0,0.01230402197688818,0.33453884720802307,0.12773971259593964,0.013222865760326385,0.005549418739974499,0.003822886850684881,0.2648777663707733,0.0,0.014885053969919682,0.1177252009510994,0.0,0.059172533452510834,0.42190396785736084,0.0,0.16051478683948517,0.3798772096633911,0.0,0.10938123613595963,0.0,0.06591296195983887,0.011146044358611107,0.3309944272041321,0.02410079538822174,0.0,0.0,0.04587556794285774,0.0233940239995718,0.00666887266561389,0.20386949181556702,0.5364339351654053,8.459031232632697e-05,0.12271936237812042,0.042947109788656235,0.0,0.0,0.0,0.027521882206201553,0.03481151908636093,0.16192764043807983,0.009233484044671059,0.09715214371681213,0.012553227134048939,0.024628425016999245,0.0,0.00019802570750471205,0.0,0.021554557606577873,0.015156729146838188,0.002485051052644849,0.15169893205165863,0.01051983144134283,0.3536100685596466,0.0,0.09367837756872177,0.006618459243327379,0.13533058762550354,0.016284801065921783,0.003717896994203329,0.3040396571159363,0.04108895733952522,0.0051218257285654545,0.0,0.20766344666481018,0.0274222269654274,0.10426023602485657,0.003519585123285651,0.08778581768274307,0.0031852794345468283,0.047102030366659164,0.0,0.05366720259189606,0.08437612652778625,0.015444624237716198,0.0,0.0,0.00425392622128129,0.1119653731584549,0.030959155410528183,0.0,0.016928164288401604,0.2217172384262085,0.0,0.01821572706103325,0.27941399812698364,0.02820914052426815,0.05678591877222061,0.034522317349910736,0.0,0.027280066162347794,0.07825610786676407,0.0,0.01966969296336174,0.010578763671219349,0.030133681371808052,0.10266438126564026,0.08896339684724808,0.0,0.006172365043312311,0.021277451887726784,0.37769195437431335,0.0854155570268631,0.0,0.24529781937599182,0.012359661981463432,0.15398825705051422,0.33676594495773315,0.11361284554004669,0.03351327404379845,0.0711260512471199,0.2108321338891983,0.048115264624357224,0.056726932525634766,0.5284469127655029,0.0021366893779486418,0.0,0.34782272577285767,0.0,0.0,0.04267091676592827,0.038193877786397934,0.02961210533976555,0.2815040051937103,0.17347827553749084,0.0687650665640831,0.05548417940735817,0.25182342529296875,0.045678891241550446,0.0743461549282074,0.0,0.002912011230364442,0.017716363072395325,0.019652312621474266,0.02739815227687359,0.007811699062585831,0.3060002624988556,0.005056872498244047,0.14006413519382477,0.03908886760473251,0.0,0.1670047640800476,0.00420287624001503,0.006363935302942991,0.05602308735251427,0.0023752034176141024,0.06572422385215759,0.1380721628665924,0.15184330940246582,8.350134157808498e-05,0.23904827237129211,0.001125383423641324,0.007804560475051403,0.023765580728650093,0.07552894949913025,0.013829066418111324,0.0,0.027003813534975052,0.05802321434020996,0.003653215244412422,0.18673700094223022,0.1510172337293625,0.0,0.16668258607387543,0.006467604544013739,0.01071111485362053,0.09573853760957718,0.12095163017511368,0.1373959481716156,0.0,0.20728987455368042,0.06435325741767883,0.1119629442691803,0.27312254905700684,0.030725441873073578,0.07309912890195847,0.032303448766469955,0.0009479057625867426,0.0,0.08000068366527557,0.06194748356938362,0.0,0.10381919890642166,0.04846811667084694,0.033735230565071106,0.06689731776714325,0.0,0.007888834923505783,0.017040224745869637,0.007653390988707542,0.005764548666775227,0.0039606522768735886,0.0,0.08517230302095413,0.0,0.07357104122638702,0.05685849115252495,0.4233356714248657,0.001021292177028954,0.012225260958075523,0.028681090101599693,0.0,0.13928155601024628,0.041699837893247604,0.07883433997631073,0.08415287733078003,0.0007740450091660023,0.017694739624857903,0.10818202793598175,0.019410831853747368,0.004537396598607302,0.13450822234153748,0.09521348774433136,0.0,0.044725533574819565,0.016029972583055496,0.12148629873991013,0.19452914595603943,0.01108312327414751,0.0,0.024034585803747177,0.15956205129623413,0.017468320205807686,0.6536638140678406,0.0,0.0,0.16347816586494446,0.060871414840221405,0.1840248852968216,0.08210387080907822,0.0960431694984436,0.0,0.04868372529745102,0.02362915500998497,0.1577678769826889,0.0,0.29572728276252747,0.0,0.013487109914422035,0.034239038825035095,0.1617002636194229,0.11559662967920303,0.14437299966812134,0.004468054976314306,0.0,0.018257319927215576,0.0,0.0,0.0009463989990763366,0.13337402045726776,0.03343777731060982,0.16994422674179077,0.049789246171712875,0.39006268978118896,0.04634178802371025,0.005875268019735813,0.1907820701599121,0.03616620600223541,0.0,0.04254329577088356,0.0,0.0,0.6650189757347107,0.0,0.0,0.022539038211107254,0.0,0.0,0.0,0.060365743935108185,0.0,0.0,0.0,0.0,0.0,0.0,0.009542325511574745,0.08637697994709015,0.077245332300663,0.007157784886658192,0.0,0.0,0.0,0.0,0.0,0.0018306005513295531,0.0,0.0,0.17396287620067596,0.0011212325189262629,0.10699895769357681,0.0504751056432724,0.3001798987388611,0.0,0.0,0.0,0.0863669365644455,0.008750403299927711,0.004411578178405762,0.00458956602960825,0.0,0.0,0.0,0.0,0.08805131167173386,0.06214756518602371,0.004596692509949207,0.0,0.528983473777771,0.0,0.0,0.05204756557941437,0.010996680706739426,0.0018583316123113036,0.0,0.0,0.0,0.13918514549732208,0.051354680210351944,0.0,0.0,0.0,0.011659521609544754,0.0,0.0,0.056623153388500214,0.0,0.0,0.208460733294487,0.00014190196816343814,0.0,0.0,0.0,0.0,0.11830746382474899,0.0,0.08674591779708862,0.02620491199195385,0.004062861204147339,0.013043250888586044,0.0,0.0,0.004373024683445692,0.0,0.023860681802034378,0.0,0.0,0.023963341489434242,0.0,0.0,0.0,0.0,0.02567271701991558,0.0,0.0,0.0,0.0,0.0,0.00948635395616293,0.0,0.07870542258024216,0.0,0.003498759353533387,0.1304236203432083,0.008202727884054184,0.008189908228814602,0.0,0.0986918956041336,0.0,0.006544576492160559,0.0,0.11192838847637177,0.0,0.0,0.0,0.005140907131135464,0.003935401327908039,0.0,0.0,0.0,0.0035303460899740458,0.04053351283073425,0.0,0.0,0.07283232361078262,0.0,0.02049958147108555,0.01812581717967987,0.006279647350311279,0.0,0.0,0.04957115277647972,0.0,0.0008074486395344138,0.0,0.0,0.014898649416863918,0.0,0.0,0.22548817098140717,0.0,0.0,0.09831362962722778,0.25926873087882996,0.041740063577890396,0.0,0.0,0.00995087530463934,0.0,0.0,0.03881625458598137,0.0,0.018733715638518333,0.0,0.0,0.018507039174437523,0.01681036502122879,0.0,0.0,0.0,0.09660831093788147,0.002419464522972703,0.0390634685754776,0.13373912870883942,0.012436026707291603,0.0,0.0,0.0,0.004134471528232098,0.0,0.0,0.0,0.0,0.0,0.0,0.02746426872909069,0.04404713585972786,0.0,0.0,0.0,0.023247556760907173,0.04142085090279579,0.01126881968230009,0.0,0.0,0.0,0.1762823909521103,0.022770360112190247,0.040202561765909195,0.005765092559158802,0.0,0.0,0.0,0.0,0.17743533849716187,0.03334584832191467,0.0,0.006295713130384684,0.0,0.0018730137962847948,0.4498128592967987,0.0,0.0003704604459926486,0.0,0.0,0.0,0.0,0.031197380274534225,0.01164634432643652,0.0,0.0,0.0,0.0,0.12627087533473969,0.0,0.0,0.0,0.017218952998518944,0.0036086272448301315,0.06348762661218643,0.0,0.0714530348777771,0.0,0.0,0.00814672838896513,0.0,0.0,0.0,0.002113902475684881,0.10133732855319977,0.00047304658801294863,0.23766504228115082,0.00410762894898653,0.0,0.0,0.0,0.035803716629743576,0.0,0.0,0.0976816862821579,0.07464515417814255,0.0,0.2191835343837738,0.055946849286556244,0.0028302704449743032,0.0,0.05448486655950546,0.27314096689224243,0.0,0.031126968562602997,0.0476204976439476,0.0,0.0,0.011567676439881325,0.0,0.0,0.0,0.012360080145299435,0.0836527943611145,0.0,0.05962371453642845,0.0,0.16926021873950958,0.032777220010757446,0.08041712641716003,0.028486227616667747,0.0,0.0,0.0,0.0,0.00016800046432763338,0.0,0.0,0.16194045543670654,0.006432445254176855,0.02285674400627613,0.0,0.0,0.0,0.0,0.0,0.015850936993956566,0.0,0.0,0.0,0.43756112456321716,0.011924692429602146,0.038599006831645966,0.0,0.12207191437482834,0.0017531084595248103,0.0,0.011366560123860836,0.013055391609668732,0.051681481301784515,0.0705513060092926,0.0,0.0,0.0,0.0,0.0,0.004704885650426149,0.01946774311363697,0.010566937737166882,0.0,0.005943483207374811,0.0,0.05455018952488899,0.03359365090727806,0.01750890165567398,0.0,0.0,0.0,0.0,0.0,0.0032811546698212624,0.0,0.0,0.0,0.0,0.1232922151684761,0.02932308427989483,0.0,0.0,0.0,0.0,0.0,0.0,0.0,0.009596568532288074,0.0,0.0,0.012546329759061337,0.0,0.0,0.10249701142311096,0.010448374785482883,0.12140104919672012,0.021025553345680237,0.0,0.24370692670345306,0.012382490560412407,0.09333134442567825,0.0068952967412769794,0.0,0.1297324299812317,0.0,0.020288260653614998,0.06305593997240067,0.0,0.03468982130289078,0.0014454066986218095,0.0,0.0,0.0,0.0,0.0,0.003885459853336215,0.0,0.04944099858403206,0.0,0.0,0.0,0.10042653977870941,0.005775043275207281,0.0,0.0,0.0,0.0005455169011838734,0.17538262903690338,0.01762223057448864,0.02071225829422474,0.06413543969392776,0.0580500029027462,0.0,0.0,0.004088621586561203,0.04101915284991264,0.0,0.0,0.3357805907726288,0.07536493986845016,0.03012280911207199,0.0,0.029955387115478516,0.0,0.13961762189865112,0.0004246783209964633,0.0,0.0,7.274657400557771e-05,0.008711278438568115,0.1696949154138565,0.1484905183315277,0.026470746845006943,0.0,0.0041391425766050816,0.07817579060792923,0.0021183311473578215,0.0,0.0,0.06071317195892334,0.0,0.025364579632878304,0.0,0.05135779082775116,0.0,0.24163098633289337,0.0,0.0,0.0,0.26139187812805176,0.061951614916324615,0.0,0.011910073459148407,0.6191595196723938,0.0,0.007452076766639948,0.0,0.01095528993755579,0.0,0.0,0.0,0.0,0.2474527806043625,0.0,0.16021470725536346,0.0,0.0,0.007502032443881035,0.007140276487916708,0.0,0.004565398674458265,0.0066731274127960205,0.0,0.24654608964920044,0.07676704227924347,0.0,0.0,0.010264570824801922,0.026033196598291397,0.0,0.3657943606376648,0.0,0.0,0.0,0.030330698937177658,0.0,0.10415449738502502,0.06579159945249557,0.05627023056149483,0.10628895461559296,0.014328990131616592,0.007209334522485733,0.0,0.024990253150463104,0.042730364948511124,0.013663223013281822,0.0,0.0,0.22106586396694183,0.00793583132326603,0.03410511836409569,0.0,0.011710391379892826,0.07949048280715942,0.23744140565395355,0.0,0.027925148606300354,0.06690656393766403,0.04310527443885803,0.003910255618393421,0.0,0.0,0.06088418513536453,0.0,0.0,0.1276804506778717,0.03443120792508125,0.011258247308433056,0.0,0.025163469836115837,0.0,0.0,0.041751109063625336,0.06627419590950012,0.07907751947641373,0.0,0.13442644476890564,0.0,0.0014653169782832265,0.0,0.004561681300401688,0.037847425788640976,0.28809821605682373,0.016140034422278404,0.10819990932941437,0.07196113467216492,0.0,0.0,0.009997069835662842,0.0,0.0,0.005624341778457165,0.01180835161358118,0.0,0.0,0.017209578305482864,0.11214373260736465,0.0,0.0,0.04067925363779068,0.0049722385592758656,0.0,0.22191983461380005,0.0,0.0004992736503481865,0.03356051445007324,0.04099712520837784,0.0,0.036270637065172195,0.004928020294755697,0.2764197289943695,0.0,0.010640616528689861,0.5842087268829346,0.0,0.028218187391757965,0.01023961789906025,0.0,0.0,0.0,0.006154153496026993,0.013790654949843884,0.0,0.1787087321281433,0.0013873693533241749,0.0,0.0,0.0,0.004297507926821709,0.008462772704660892,0.0,0.015953989699482918,0.0,0.0015781545080244541,0.004081989638507366,0.0,0.3374437391757965,0.0,0.0,0.0,0.00590868853032589,0.0,0.0,0.623809814453125,0.06318984180688858,0.02188606932759285,0.02344973012804985,0.10854067653417587,0.0,0.0,0.0,0.21594852209091187,0.0017841160297393799,0.06520669907331467,0.009314298629760742,0.019910184666514397,0.005617002956569195,0.008886988274753094,0.1768651008605957,0.0,0.0005671155522577465,0.0,0.08763765543699265,0.04797937721014023,0.0931243896484375,0.0026893066242337227,0.08246919512748718,0.049853816628456116,0.0,0.4476322829723358,0.0,0.0,0.05929580703377724,0.026040084660053253,0.018396755680441856,0.0,0.004500110633671284,0.0,0.03317340463399887,0.1231996938586235,0.0,0.12599004805088043,0.01829785853624344,0.07971837371587753,0.0,0.017776744440197945,0.4266747236251831,0.002849915064871311,0.10591591149568558,0.10715358704328537,0.1575157791376114,0.05428004637360573,0.017271531745791435,0.11166844516992569,0.10638641566038132,0.0444181002676487,0.20372921228408813,0.0,0.0,0.39579832553863525,0.0035796475131064653,0.0,0.031778156757354736,0.0,0.0,0.10356463491916656,0.00035028907586820424,0.0023682820610702038,0.0,0.0,0.0,0.0,0.2371533066034317,0.052157822996377945,0.0,0.0,0.01787656545639038,0.0,0.0,0.10794118046760559,0.0,0.04358180984854698,0.0,0.14624930918216705,0.0,0.025817809626460075,0.04288441687822342,0.0,0.0354515016078949,0.0,0.03120306506752968,0.13119737803936005,0.0,0.05945771560072899,0.022681651636958122,0.06943626701831818,0.000395962008042261,0.1195920929312706,0.056243766099214554,0.0,0.0,0.18742947280406952,0.0,0.0,0.006725702900439501,0.5314379334449768,0.17163142561912537,0.0,0.021760500967502594,0.33697569370269775,0.0,0.004443357698619366,0.0006558275199495256,0.23480461537837982,0.0,0.03039267472922802,0.0,0.0,0.0,0.0,0.08468883484601974,0.0,0.0,0.2058393359184265,0.02470179833471775,0.0,0.0,0.2208920121192932,0.0,0.011051449924707413,0.03338403254747391,0.03357744961977005,0.07067706435918808,0.019848281517624855,0.011744699440896511,0.06412150710821152,0.0,0.0,0.2730542719364166,0.0,0.0,0.0,0.06752808392047882,0.08025878667831421,0.0,0.0880645290017128,0.0,0.0,0.31894057989120483,0.0011342144571244717,0.0,0.032204702496528625,0.0,0.0,0.03911268338561058,0.43659496307373047,0.0,0.0,0.24948883056640625,0.05403623729944229,0.014467771165072918,0.0709930881857872,0.0,0.06422393023967743,0.039728403091430664,0.005173185374587774,0.0,0.0,0.06832873076200485,0.016170309856534004,0.0,0.0025570911820977926,0.03290659561753273,0.0830320194363594,0.011436772532761097,0.18947787582874298,0.001422045286744833,0.025184646248817444,0.018853027373552322,0.0,0.18208807706832886,0.0011182010639458895,0.014873982407152653,0.09814061224460602,0.0018496131524443626,0.0,0.16977721452713013,0.0208278838545084,0.0,0.04740869998931885,0.40895020961761475,0.06728695333003998,0.059978436678647995,0.0,0.060277558863162994,0.2037207931280136,0.05558629333972931,0.07080242037773132,0.0,0.06975366920232773,0.014640226028859615,0.042496565729379654,0.02833797037601471,0.06812362372875214,0.3412773609161377,0.0,0.41451507806777954,0.0,0.00921222846955061,0.0031069391407072544,0.3076249361038208,0.09211114048957825,0.14280545711517334,0.12577638030052185,0.0,0.01714864745736122,0.006883405614644289,0.031231723725795746,0.0,0.02311280556023121,0.029214221984148026,0.0,0.0,0.004479194059967995,0.0,0.12292715162038803,0.0,0.0,0.08209949731826782,0.029686730355024338,0.2041587233543396,0.0,0.0,0.007137811277061701,0.0,0.0,0.0,0.42319566011428833,0.0,0.0,0.0,0.0,0.21413369476795197,0.0,0.0,0.0,0.06412257999181747,0.00219164602458477,0.00827736034989357,0.22360609471797943,0.23771420121192932,0.0,0.011503186076879501,0.0027108618523925543,0.040238216519355774,0.0,0.0,0.0,0.0,0.020372968167066574,0.013377678580582142,0.0,0.0,0.0042344871908426285,0.003320540301501751,0.2019452452659607,0.061397381126880646,0.0,0.006342325359582901,0.0,0.0,0.0,0.4090774655342102,0.03251302242279053,0.26740121841430664,0.0,0.06432081758975983,0.010692254640161991,0.006256484892219305,0.0,0.043937500566244125,0.0,0.015582239255309105,0.0,0.01565544679760933,0.019385918974876404,0.0,0.029069678857922554,0.0,0.06143125519156456,0.0,0.033446911722421646,0.03864157572388649,0.0,0.0,0.0,0.0,0.0,0.7584492564201355,0.3627888560295105,0.0,0.0,0.021440863609313965,0.0,0.031246919184923172,0.03632316738367081,0.0936775803565979,0.0,0.0,0.6866995096206665,0.0,0.0,0.0,0.011464335955679417,0.0,0.0,0.0,0.0,0.0,0.0,0.0,0.39510494470596313,0.03579678758978844,0.0,0.03781690075993538,0.0,0.000227739816182293,0.0,0.0,0.0,0.0,0.014894344843924046,0.2554449141025543,0.022713303565979004,1.072847843170166,0.0,0.0017586088506504893,0.004838807508349419,0.0,0.0,0.02753951959311962,2.30906343460083,0.034700967371463776,0.0,0.0,0.029855623841285706,0.0,0.0,0.0,0.03928559646010399,0.018511714413762093,0.0,0.46872779726982117,0.0,0.0,0.029139384627342224,0.0,0.0,0.0,0.07032526284456253,0.20525264739990234,0.05523964762687683,0.0,0.17301346361637115,0.0,0.0,0.0,0.0,0.0,0.05897948145866394,0.017810335382819176,0.020124072209000587,0.0,0.0,0.22557702660560608,0.013641472905874252,0.004552809987217188,0.0876627042889595,0.5945435762405396,0.0,0.012446370907127857,0.19063860177993774,0.0,0.021357031539082527,0.0,0.0011251476826146245,0.0,0.04773322120308876,0.0,0.0,0.003722940571606159,0.0,0.0,0.007739733438938856,0.0,0.09310808032751083,0.02673339657485485,0.8053777813911438,0.00031055122963152826,0.040162526071071625,0.004909911192953587,0.002175648231059313,0.018690772354602814,0.0,0.056967057287693024,0.0,0.0,0.6558020114898682,0.0,0.02693963795900345,0.0,0.0,0.0,0.0,0.016094325110316277,0.01245501171797514,0.0,0.0,0.0,0.0,0.0,0.0,0.01070310827344656,0.0,0.0,0.013670077547430992,0.0,0.0,0.19593368470668793,0.0,0.08159729838371277,0.0,0.0,0.0,0.0,0.0,0.06243002042174339,0.0,0.003842709120362997,0.028234781697392464,0.001449365634471178,0.058928295969963074,0.0,0.028182674199342728,0.23484641313552856,0.0,0.0607929602265358,0.012316136620938778,0.0,0.05553899705410004,0.0,0.020966531708836555,0.0,0.034808266907930374,0.0,0.0,0.0,0.037276796996593475,0.0,0.0,0.006329843308776617,0.0875667855143547,0.0,0.0011684191413223743,0.29361096024513245,0.09301362931728363,0.0,0.020177843049168587,0.0,0.0010441929334774613,0.0023248603101819754,0.0,0.008967951871454716,0.08797130733728409,0.029734622687101364,0.0,0.03474096953868866,0.0,0.0713980570435524,0.0030248076654970646,0.0,0.0,0.18750232458114624,0.1771746128797531,0.02501765266060829,0.0,0.0027261555660516024,0.08753573149442673,0.006399837788194418,0.004532411228865385,0.0,0.2705624997615814,0.09358348697423935,0.11614812910556793,0.00625966303050518,0.0,0.0,0.9096004962921143,0.4231601357460022,0.0952940583229065,0.0,0.0,0.0,0.0,0.0,0.026554986834526062,0.00654393807053566,0.5428190231323242,0.02439776621758938,0.16404718160629272,0.0,0.0,0.0,0.007939222268760204,0.03343699872493744,0.0,0.005666236858814955,0.06273681670427322,0.22152549028396606,0.0,0.0,0.16980941593647003,0.011331533081829548,0.43757855892181396,0.050285302102565765,0.008421923965215683,0.1535913646221161,0.03343328461050987,0.029308123514056206,0.0,0.395415335893631,0.01731598563492298,0.0,0.002235505497083068,0.0,0.0,0.0,0.13505235314369202,0.0,0.008764938451349735,0.2676488161087036,0.02032805047929287,0.0,0.0,0.021713875234127045,0.017454536631703377,0.0,0.010983710177242756,0.0,0.0,0.15696746110916138,0.0010182928526774049,0.0,0.0,0.02040899358689785,0.006417581811547279,0.0,0.0016895723529160023,0.0,0.0,0.0,0.0,0.008235510438680649,0.1194688007235527,0.004448277410119772,0.0,0.006685014348477125,0.0,0.15314972400665283,0.0,0.0,0.01147292647510767,0.0,0.05224621668457985,0.05059339478611946,0.0,0.0,0.0,0.0,0.0,0.0,0.0,0.00697830505669117,0.0,0.0,0.0,0.02201494760811329,0.0,0.003327283775433898,0.0,0.04032984748482704,0.01702343299984932,0.03300314024090767,0.004613559227436781,0.03874654322862625,0.0,0.02682575024664402,0.0,0.12017658352851868,0.0,0.03404509276151657,0.07135026156902313,0.1198793575167656,0.0010138606885448098,0.0,0.00208940333686769,0.004404803737998009,0.00432727113366127,0.21227239072322845,0.030975334346294403,0.015680396929383278,0.0,0.01764543540775776,0.041948217898607254,0.03568912670016289,0.004442287143319845,0.048707265406847,0.0,0.0,0.038495052605867386,0.10759427398443222,0.017055124044418335,0.01705177314579487,0.0,0.034112345427274704,0.012590196914970875,0.07685987651348114,0.02929667942225933,0.0,0.0,0.13180337846279144,0.1023058146238327,0.025214998051524162,0.0,0.0,0.009683282114565372,0.0,0.5777013301849365,0.012416583485901356,0.0020796621683984995,0.0,0.16005128622055054,0.0858415961265564,0.08419397473335266,0.0,0.10345836728811264,0.0010907900286838412,0.0,0.19006820023059845,0.10364100337028503,0.0,0.09778883308172226,0.0007054281304590404,0.744597852230072,0.0,0.0,0.023286588490009308,0.003918504808098078,0.0,0.01594332419335842,0.0,0.0,0.03016534261405468,0.0012672251323238015,0.1792781502008438,0.0,0.07752567529678345,0.0,0.0011862182291224599,0.0032735210843384266,0.13452266156673431,0.0937584713101387,0.0,0.026700997725129128,0.17590726912021637,0.00034267723094671965,0.02985970675945282,0.01407497376203537,0.0,0.0,0.09044477343559265,0.035317301750183105,0.006177248898893595,0.0056444560177624226,0.019948851317167282,0.19254378974437714,0.014690115116536617,0.0,0.0,0.04536064714193344,0.16090992093086243,0.012325686402618885,0.00216134125366807,0.0,0.026488034054636955,0.0,0.005126286298036575,0.012000863440334797,0.12072134763002396,0.001500248908996582,0.059419937431812286,0.002925858600065112,0.07734018564224243,0.607686460018158,0.08558440208435059,0.0785534605383873,0.005851154215633869,0.11239591240882874,0.014817955903708935,0.0,0.0,0.007302613463252783,0.02592591755092144,0.0276697538793087,0.05769434943795204,0.018609555438160896,0.03689836338162422,0.01557625737041235,0.3564184606075287,0.14464430510997772,0.0,0.050752777606248856,0.006523486226797104,0.1913682222366333,0.3460460901260376,0.03925902768969536,0.02588948793709278,0.5368806719779968,0.023411564528942108,0.7179164290428162,0.13402527570724487,0.001074938802048564,0.0,0.0,0.09160999208688736,0.0,0.06706506758928299,0.0,0.006508765276521444,0.05008557811379433,0.0,0.027031727135181427,1.3450638055801392,0.24994228780269623,0.03208841383457184,0.0,0.08075656741857529,0.0,0.062411125749349594,0.01925070956349373,0.004218802321702242,0.0,0.4009092450141907,0.07257673889398575,0.04066479578614235,0.023779578506946564,0.0,0.0,0.06448528170585632,0.0,0.11876247078180313,0.05863292142748833,0.0,0.2331191450357437,0.032014016062021255,0.027700142934918404,0.0,0.011328272521495819,0.0,0.0,0.5856752991676331,0.2714904844760895,0.002127665327861905,0.07721641659736633,0.16101416945457458,0.04441817104816437,0.10271842777729034,0.010131936520338058,0.04727247357368469,0.013668148778378963,0.0,0.003702199552208185,0.0,0.013328414410352707,0.0,0.09612604230642319,0.0,0.14907242357730865,0.14921589195728302,0.013801652938127518,0.0,0.06352430582046509,0.0274132639169693,0.0358491986989975,0.21792012453079224,0.006766929756850004,0.0,0.1509566754102707,0.0,0.0032669270876795053,0.07936180382966995,0.01657113805413246,0.054735999554395676,0.0,0.0,0.0,0.42068108916282654,0.0,0.05454884469509125,0.009348457679152489,0.0,0.0,0.0,0.0277522224932909,0.0,0.0,0.027407076209783554,0.03615882992744446,0.03701787069439888,0.004212880041450262,0.02831931784749031,0.0,0.8042138814926147,0.14112187922000885,0.0014578986447304487,0.24360887706279755,0.08737581223249435,0.014496210031211376,0.011525299400091171,0.0,0.02235702984035015,0.0,0.019709734246134758,0.07796856015920639,0.017984502017498016,0.01242200005799532,0.0,0.0,0.0,0.0027136565186083317,0.0,0.1145235225558281,0.06463604420423508,0.03108297660946846,0.02310994826257229,0.15948285162448883,0.09788190573453903,0.003653427353128791,0.05977705866098404,0.026425141841173172,0.0,0.1305539458990097,0.003810381982475519,0.0,0.0,0.04206967353820801,0.0212529469281435,0.0,0.0711461529135704,0.2675383388996124,0.0,0.0,0.0,0.04154723510146141,0.0,0.0,0.07806260883808136,0.0011699533788487315,0.0,0.06694410741329193,0.021699950098991394,0.004992269910871983,0.0316927395761013,0.0,0.0,0.011276164092123508,0.0,0.04229509457945824,0.1825736165046692,0.0,0.452615350484848,0.030344177037477493,0.030675819143652916,0.23635932803153992,0.0,0.022767744958400726,0.0,0.0,0.0023831201251596212,0.001172933611087501,0.16721199452877045,0.469941645860672,0.001136810751631856,0.015291576273739338,0.0,0.0,0.007581023033708334,0.0,0.03247629478573799,0.0,0.0,0.47525927424430847,0.0,9.182322537526488e-05,0.0,0.0025074027944356203,0.1894604116678238,0.007592309731990099,0.0,0.0,0.0,0.20804628729820251,0.006582677364349365,0.054812707006931305,0.0003108525415882468,0.0,0.011944454163312912,0.022098088636994362,0.0,0.0,0.07471059262752533,0.02806738205254078,0.03471660241484642,0.012074772268533707,0.0,0.0,0.04372308775782585,0.0,0.027727002277970314,0.0,0.0,0.017327336594462395,0.07275965064764023,0.08352281898260117,0.006788339000195265,0.03598518297076225,0.059043362736701965,0.08279091119766235,0.0,0.04891146719455719,0.5315934419631958,0.007824702188372612,0.26055988669395447,0.05685882270336151,0.13295219838619232,0.016150906682014465,0.25613585114479065,0.0019994841422885656,0.01131727546453476,0.0,0.07526848465204239,0.02580012008547783,0.02346477098762989,0.0,0.01651151478290558,0.0,0.03528555482625961,0.011764171533286572,0.08851537853479385,0.006678821053355932,0.349658727645874,0.024430232122540474,0.038064565509557724,0.013075747527182102,0.0,0.04294716194272041,0.0,0.07996505498886108,0.019822990521788597,0.0,0.011787796393036842,0.04168292507529259,0.0,0.022646555677056313,0.06426376104354858,0.027073107659816742,0.005781447980552912,0.008525761775672436,0.02990874834358692,0.0050919270142912865,0.013988979160785675,0.0,0.0,0.0,0.08169668167829514,0.05932117998600006,0.7186651825904846,0.0,0.0,0.0,0.0,0.0023629560600966215,0.04810299724340439,0.0,0.0,0.0,0.0,0.0,0.011974585242569447,0.09815090149641037,0.0,0.004115855786949396,0.21221500635147095,0.04224442318081856,0.2220693826675415,0.020027954131364822,0.13790392875671387,0.0,0.17097453773021698,0.0,0.0,0.009062707424163818,0.024934958666563034,0.0,0.0,0.29162758588790894,0.0,0.0,0.09868068993091583,0.0,0.0,0.0,0.0,0.002171456813812256,0.0,0.016618024557828903,0.051857758313417435,0.009569141082465649,0.0,0.0,0.017428327351808548,0.01816648431122303,0.0,0.0012771463952958584,0.08374787122011185,0.01193719357252121,0.03641239181160927,0.09706224501132965,0.0,0.04735823720693588,0.0,0.0,0.0,0.13266173005104065,0.0,0.0,0.04099953547120094,0.0,0.014651086181402206,0.0,0.0,0.028572911396622658,0.0,0.0,0.0,0.0,0.0,0.0,0.01404380053281784,0.0015169954858720303,0.022677073255181313,0.523463249206543,0.0,0.010213320143520832,0.01891007274389267,0.0,2.5560855647199787e-05,0.20191127061843872,0.0,0.09069058299064636,0.2797752618789673,0.0010666660964488983,0.001033411012031138,0.0,0.0,0.0003122124180663377,0.0,0.0,0.45717597007751465,0.0,0.0,0.0,0.0,0.0,0.2968176603317261,0.08642558008432388,0.01125359907746315,0.0,0.007890050299465656,0.20227696001529694,0.3543776273727417,0.0,0.0,0.009744802489876747,0.0,0.0,0.0,0.0,0.0,0.01461593247950077,0.0,0.0,0.0,0.0,0.24098630249500275,0.0,0.03839389234781265,0.031630419194698334,0.01953340508043766,0.0,0.24620534479618073,0.11468932777643204,0.0,0.0961390882730484,0.003394796745851636,0.01101370807737112,0.0,0.002025668043643236,0.06945609301328659,0.0,0.0,0.03503910452127457,0.0,0.011696727015078068,0.026322750374674797,0.02435929700732231,0.0,0.0025500513147562742,0.004369126632809639,0.10463020205497742,0.005753652658313513,0.010570598766207695,0.0008590912912040949,0.0,0.028209371492266655,0.019910473376512527,0.0520390160381794,0.06424117833375931,0.0,0.0,0.014576546847820282,0.04799733683466911,0.0,0.0,0.021969355642795563,0.0,0.016092540696263313,0.0,0.0,0.0,0.0,0.0,0.005646130535751581,0.0,0.0,0.0,0.03587132319808006,0.039188485592603683,0.06294446438550949,0.0051244343630969524,0.03656797856092453,0.0029736077412962914,0.0,0.0005016857176087797,0.308455228805542,0.0,0.05245732143521309,0.05662119761109352,0.01453002355992794,0.005869573447853327,0.32653185725212097,0.005924856755882502,0.025240367278456688,0.0
0.0,0.003929268103092909,0.33476370573043823,0.0035889018326997757,0.0,0.0,0.01305090170353651,0.02501840330660343,0.0034798337146639824,0.07126899063587189,0.0,0.10379563271999359,0.02502025105059147,0.29876473546028137,0.08783090859651566,0.17144238948822021,0.0047051929868757725,0.026892509311437607,0.0,0.22667789459228516,0.03293122351169586,0.0,0.031002318486571312,0.16075381636619568,0.07118601351976395,0.11592411249876022,0.0,0.0,0.0,0.0,0.47209835052490234,0.0769350603222847,0.006237685680389404,0.0,0.21455010771751404,0.21952834725379944,0.00363237620331347,0.03378421440720558,0.0,0.08433853089809418,0.25467225909233093,0.0,0.0032259963918477297,0.08180809020996094,0.5013913512229919,0.004324182402342558,0.04928052797913551,0.0,0.25075721740722656,0.0,0.001622492098249495,0.1853371411561966,0.000719287374522537,0.15512128174304962,0.028676610440015793,0.0,0.0,0.0,0.09978614002466202,0.0039977263659238815,0.0016023111529648304,0.4234069585800171,0.08094093203544617,0.0,0.007453737314790487,0.3362690210342407,0.1326971799135208,0.013524995185434818,0.05710836499929428,0.0,0.25674113631248474,0.0,0.014962191693484783,0.10476891696453094,0.0,0.10735774040222168,0.3930318057537079,0.0,0.18528777360916138,0.3973463475704193,0.0,0.11551976203918457,0.0,0.11041238903999329,0.0037839245051145554,0.3161254823207855,0.02075313590466976,0.0,0.0,0.0243206936866045,0.027920128777623177,0.0019015646539628506,0.229146346449852,0.5053024888038635,0.0,0.12299168854951859,0.041556697338819504,0.0,0.0,0.0,0.028237996622920036,0.03480903059244156,0.15833325684070587,0.015108270570635796,0.1045827865600586,0.0246482752263546,0.01543789729475975,0.0,0.005089590325951576,0.005561492405831814,0.020888714119791985,0.013524012640118599,0.004890620708465576,0.12970884144306183,0.00641195522621274,0.38517382740974426,0.0,0.06753063201904297,0.0,0.13715974986553192,0.014570697210729122,0.009478799998760223,0.3206386864185333,0.05163206532597542,0.008521540090441704,0.010410466231405735,0.17762964963912964,0.02282567508518696,0.11946064233779907,0.0,0.12381915748119354,0.0,0.029815582558512688,0.0018394088838249445,0.06950446963310242,0.09296748787164688,0.01445397362112999,0.0,0.0014387678820639849,0.0,0.09312309324741364,0.04973216354846954,0.0,0.029930291697382927,0.18057477474212646,0.0,0.018670514225959778,0.285826712846756,0.006319024600088596,0.054610878229141235,0.05822534114122391,0.0,0.05551024526357651,0.06963843107223511,0.0,0.011003963649272919,0.01045303326100111,0.022885706275701523,0.13400793075561523,0.11535369604825974,0.004676686134189367,0.01914377138018608,0.037028443068265915,0.38232219219207764,0.069817915558815,0.0,0.2642403542995453,0.014847662299871445,0.11747748404741287,0.41309964656829834,0.12497857213020325,0.046721845865249634,0.0435543917119503,0.1997644007205963,0.04636158049106598,0.03823181241750717,0.5573282241821289,0.004762877244502306,0.0,0.3362753987312317,0.0,0.0007218241808004677,0.02675013244152069,0.036237627267837524,0.01347004622220993,0.2681223452091217,0.17218810319900513,0.047952957451343536,0.05920949950814247,0.2577005624771118,0.032573338598012924,0.06528030335903168,0.0,0.0,0.013548710383474827,0.021471748128533363,0.025802716612815857,0.0047624921426177025,0.3231988549232483,0.0006930732633918524,0.12430902570486069,0.027905458584427834,0.0,0.15715482831001282,0.004845979157835245,0.0036251640412956476,0.04009750857949257,0.02149171195924282,0.06338994204998016,0.11770406365394592,0.1668011099100113,0.0005815839977003634,0.18507342040538788,0.0,0.024339694529771805,0.018845148384571075,0.07916774600744247,0.015169396065175533,0.0,0.021762847900390625,0.05542875826358795,0.013412377797067165,0.175325408577919,0.17133639752864838,0.0,0.17987211048603058,0.010180034674704075,0.008523163385689259,0.08896054327487946,0.12180942296981812,0.1563953161239624,0.0,0.1747886687517166,0.06709113717079163,0.10419610887765884,0.3116553723812103,0.03757902607321739,0.0777585431933403,0.047608718276023865,0.00996410008519888,0.0,0.06292618811130524,0.03947468847036362,0.0,0.08385644108057022,0.04517744854092598,0.04313661530613899,0.06312692910432816,0.0,0.0010563660180196166,0.02735372632741928,0.0,0.0036978553980588913,0.004597692284733057,0.004844543989747763,0.1222982406616211,0.0,0.0713510662317276,0.05318881943821907,0.4067491888999939,0.0,0.008316867053508759,0.027159128338098526,0.0,0.14546877145767212,0.050463512539863586,0.0805201604962349,0.07959786057472229,0.0032057047355920076,0.01584760658442974,0.11855588108301163,0.0150259705260396,0.0,0.13229721784591675,0.05014532059431076,0.0,0.045898932963609695,0.02801091969013214,0.12028895318508148,0.21041297912597656,0.02013692818582058,0.0,0.027327433228492737,0.1499597728252411,0.015142612159252167,0.6284338235855103,0.0,0.0,0.2021763175725937,0.03373613581061363,0.18832233548164368,0.05452418327331543,0.07843662053346634,0.0,0.076156385242939,0.035445839166641235,0.18051084876060486,0.0,0.28723055124282837,0.0,0.010066964663565159,0.025967659428715706,0.16221952438354492,0.14073505997657776,0.15853968262672424,0.0,0.019981663674116135,0.026599086821079254,0.0,0.0,0.0,0.16577869653701782,0.026243919506669044,0.18432986736297607,0.04379957169294357,0.3806881606578827,0.04470107704401016,0.009558281861245632,0.15074409544467926,0.03829922527074814,0.0,0.03978079557418823,0.0,0.0,0.6854079961776733,0.0,0.0,0.04545963928103447,0.0,0.00128586171194911,0.007966298609972,0.05295488238334656,0.0,0.0,0.0,0.0,0.0,0.0,0.006141941528767347,0.07779646664857864,0.09739045798778534,0.0018034732202067971,0.0,0.0,0.0,0.0,0.0,0.0,0.0,0.0,0.17428220808506012,0.005642352160066366,0.08150314539670944,0.05565637722611427,0.26860007643699646,0.0,0.0,0.0,0.07165845483541489,0.0052491785027086735,0.01038819458335638,0.0,0.0,0.0,0.0,0.003929032012820244,0.09498706459999084,0.02069627307355404,0.0,0.0,0.4718603789806366,0.0,0.0,0.037904247641563416,0.008721486665308475,0.000855028978548944,0.010863534174859524,0.0,0.004709574393928051,0.12410685420036316,0.057039909064769745,0.0,0.0,0.0022108936682343483,0.018283633515238762,0.0,0.0,0.054341718554496765,0.0,0.0022038687020540237,0.23492282629013062,0.0,0.0,0.0,0.0,0.0,0.09822402894496918,0.0,0.06537102907896042,0.013227961957454681,0.013586044311523438,0.008204464800655842,0.0,0.0,0.01191458199173212,0.0,0.011229684576392174,0.0,0.0,0.04008108749985695,0.0,0.0,0.0,0.0,0.006563785020262003,0.0,0.0,0.0,0.0,0.0,0.028376905247569084,0.0,0.060317765921354294,0.0,0.0,0.10973319411277771,0.0059663075953722,0.00424335477873683,0.00265023997053504,0.13157404959201813,0.0,0.0024798414669930935,0.0,0.11060398072004318,0.0,0.0,0.0013065326493233442,0.010563732124865055,0.0032378744799643755,0.0,0.0,0.0,0.011532318778336048,0.02053748071193695,0.0,0.0,0.060274992138147354,0.0,0.008672433905303478,0.041096143424510956,0.004819626919925213,0.0,0.0,0.047539833933115005,0.0,0.006171637214720249,0.0,0.0,0.020858407020568848,0.0,0.0,0.21539726853370667,0.0,0.0,0.0542471706867218,0.2227635383605957,0.05849462375044823,0.0,0.0,0.013964342884719372,0.0,0.0,0.01764974556863308,0.0,0.022722948342561722,0.0,0.0,0.014367461204528809,0.05937672033905983,0.0,0.0,0.0,0.1727912575006485,0.0007260728161782026,0.03747821971774101,0.12835517525672913,0.007850970141589642,0.0,0.0,0.0,0.00917094387114048,0.0,0.0,0.0,0.0,0.0,0.0,0.024501604959368706,0.03036724030971527,0.0,0.0,0.0,0.011019011959433556,0.036548271775245667,0.024285273626446724,0.0,0.0,5.7336463214596733e-05,0.19138656556606293,0.01867804490029812,0.03958525136113167,0.003391992999240756,0.0,0.011891351081430912,0.0,0.0003266778658144176,0.15126468241214752,0.02780061773955822,0.0,0.005610497202724218,0.0,0.0,0.3850415050983429,0.0,0.0,0.0,0.0,0.0,0.0,0.02782362513244152,0.03498932719230652,0.0,0.010625765658915043,0.0,0.0,0.17925220727920532,0.0,0.0,0.0,0.01879825070500374,0.0014053145423531532,0.08020167052745819,0.0,0.13381803035736084,0.0,0.0,0.02400956116616726,0.0,0.009298494085669518,0.0,0.0,0.05308390036225319,0.0,0.2034793347120285,0.01139156799763441,0.0,0.0,0.0,0.022332292050123215,0.0,0.0,0.0969650074839592,0.041752830147743225,0.0,0.17148607969284058,0.05712151527404785,0.0003522634506225586,0.0,0.08841513842344284,0.2974485456943512,0.0,0.01760692149400711,0.07962846010923386,0.0,0.0,0.033782366663217545,0.0005009985179640353,0.002991899149492383,0.0,0.014074305072426796,0.0888611376285553,0.0,0.06644038110971451,0.0,0.15111444890499115,0.051847781985998154,0.11891946196556091,0.023068660870194435,0.0,0.0,0.0,0.0013609904563054442,0.0,0.0,0.0,0.17553098499774933,0.011857884004712105,0.026421280577778816,0.0,0.0,0.0,0.0,0.0,0.04077859967947006,0.0,0.0,0.0,0.4103004038333893,0.005643998272716999,0.03204115480184555,0.0,0.08692578971385956,0.0,0.0,0.01502041332423687,0.00896691344678402,0.019002189859747887,0.04295405372977257,0.0,0.0,0.0,0.0,0.0,0.0,0.01190370786935091,0.00074487627716735,0.0,0.006301647052168846,0.0,0.04387621581554413,0.04086177051067352,0.01001728419214487,0.0,0.0,0.0,0.0,0.0,0.005158429034054279,0.0,0.0,0.0,0.0,0.12587139010429382,0.02771158143877983,0.0,0.0,0.0,0.0,0.022678665816783905,0.0,0.0,0.013781066983938217,0.0009451067307963967,0.0,0.02427898906171322,0.0,0.0,0.08940007537603378,0.008572968654334545,0.133400559425354,0.014000463299453259,0.0,0.27023258805274963,0.01577923633158207,0.09927279502153397,0.0068044234067201614,0.0,0.15297016501426697,0.0,0.020076999440789223,0.07307696342468262,0.0,0.03488202020525932,0.0,0.0,0.0,0.0,0.0,0.0,6.31129732937552e-05,0.0,0.04976969212293625,0.0,0.0,0.0,0.08807739615440369,0.002314964309334755,0.0,0.0,0.0,0.006523073185235262,0.1138080582022667,0.015285003930330276,0.0,0.08711937069892883,0.01798790693283081,0.0,0.0,0.008229760453104973,0.04670543968677521,0.0014072268968448043,0.0,0.3588870167732239,0.04198727011680603,0.009809663519263268,0.0,0.04153173416852951,0.0,0.12192677706480026,0.012012085877358913,0.0,0.0,0.0,0.00015618444012943655,0.17158766090869904,0.12686844170093536,0.038120657205581665,0.0,0.032184869050979614,0.058815717697143555,0.006292192731052637,0.0007731604855507612,0.0026913806796073914,0.06701412051916122,0.0007299304124899209,0.027122071012854576,0.0,0.09087057411670685,0.0,0.2459714710712433,0.0,0.0,0.0,0.22230665385723114,0.05389932170510292,0.0,0.00854695588350296,0.5357220768928528,0.0,0.021610010415315628,0.0,0.016170691698789597,0.0,0.0,0.0,0.007425629999488592,0.26730677485466003,0.0,0.10699182748794556,0.0004776048590429127,0.0,0.011097975075244904,0.00825065840035677,0.0,0.007701614871621132,0.01281763706356287,0.0,0.22085143625736237,0.09799126535654068,0.0,0.0,0.010706714354455471,0.05131126567721367,0.0,0.28762564063072205,0.0,0.0,0.0,0.054540254175662994,0.0,0.09033731371164322,0.03940341994166374,0.05394481495022774,0.13339649140834808,0.012678367085754871,0.019967027008533478,0.00943780317902565,0.024702338501811028,0.0455223023891449,0.015266967006027699,0.0,0.0,0.1949104368686676,0.008188001811504364,0.027011852711439133,0.0,0.010710389353334904,0.10173699259757996,0.28463616967201233,0.0,0.03975965455174446,0.019672656431794167,0.072083979845047,0.003664176445454359,0.0,0.0,0.044497352093458176,0.0,0.008035513572394848,0.1415156126022339,0.05627242475748062,0.013626907020807266,0.0,0.02982298843562603,0.0,0.0,0.041000887751579285,0.12315352261066437,0.07084360718727112,0.0,0.16705626249313354,0.0,0.0001585525315022096,0.0,0.0,0.07529997825622559,0.2875399887561798,0.02929523028433323,0.11686372756958008,0.0714397206902504,0.0,0.0,0.00327690364792943,0.0,0.0,0.0,0.018051877617836,0.0,0.0,0.0029050970915704966,0.12074177712202072,0.0,0.0,0.045348893851041794,0.006448748055845499,0.0,0.21996772289276123,0.0,0.0,0.045516934245824814,0.04375466704368591,0.0,0.03402725234627724,0.0,0.30198684334754944,0.0,0.009105720557272434,0.5531637072563171,0.0,0.035232335329055786,0.005721906200051308,0.0,0.0,0.0,0.017662465572357178,0.024748902767896652,0.0,0.12235064804553986,0.0,0.0,0.004803233314305544,0.0,0.01685662567615509,0.013514726422727108,0.0,0.008040082640945911,0.011788842268288136,0.005421396344900131,0.005004782695323229,0.0,0.35672545433044434,0.0,0.0,0.0,0.0,0.0,0.0,0.5675211548805237,0.061156176030635834,0.023771781474351883,0.025663526728749275,0.05449888855218887,0.0,0.011634772643446922,0.0,0.20169314742088318,0.015937669202685356,0.07223495841026306,0.011886713095009327,0.015160582028329372,0.005286926403641701,0.0006944566848687828,0.14449015259742737,0.0,0.0031688259914517403,0.0,0.08300880342721939,0.0431707464158535,0.09610873460769653,0.008325587958097458,0.12221112102270126,0.043333057314157486,0.0,0.48089858889579773,0.0,0.0,0.06273084133863449,0.021271631121635437,0.08268121629953384,0.0,0.008505623787641525,0.0,0.06085752323269844,0.12246425449848175,0.0,0.1264350861310959,0.019991375505924225,0.07606308907270432,0.0,0.014690835028886795,0.3529033958911896,0.0016211557667702436,0.13176573812961578,0.09415414929389954,0.16808709502220154,0.03157208859920502,0.030642069876194,0.11015116423368454,0.1314939558506012,0.03748633712530136,0.17986220121383667,0.0,0.0,0.32280734181404114,0.0013543057721108198,0.0,0.03667287901043892,0.0,0.0,0.09754610806703568,0.0,0.01029378641396761,0.0,0.0,0.0,0.0,0.22773702442646027,0.052912238985300064,0.0,0.0,0.018733864650130272,0.0,0.005311210174113512,0.10746897757053375,0.006772181950509548,0.0661294236779213,0.0,0.12986157834529877,0.007263285107910633,0.014781658537685871,0.07060247659683228,0.0,0.03521958738565445,0.0,0.03948400542140007,0.13641174137592316,0.0,0.05145534500479698,0.026253724470734596,0.12752574682235718,0.0,0.09789597243070602,0.0540473647415638,0.0,0.0,0.15269236266613007,0.0,0.0,0.0182791855186224,0.5050541162490845,0.15545448660850525,0.003084750846028328,0.017858993262052536,0.33949801325798035,0.0,0.0,0.0,0.23142850399017334,0.0,0.030998315662145615,0.0,0.0,0.0,0.0,0.0993661880493164,0.0,0.0,0.18609951436519623,0.025014184415340424,0.0,0.0,0.19590246677398682,0.0,0.01764175109565258,0.0454939566552639,0.03233390673995018,0.06508395075798035,0.021083464846014977,0.009454246610403061,0.06106897443532944,0.0,0.016750235110521317,0.288687139749527,0.0,0.0,0.019527073949575424,0.07680464535951614,0.0657980889081955,0.0,0.11707010120153427,0.0,0.0,0.34648460149765015,0.009415579959750175,0.0,0.02538135275244713,0.0,0.0,0.02207326702773571,0.39228370785713196,0.0,0.0019855317659676075,0.27066120505332947,0.0639391615986824,0.0145179508253932,0.08507558703422546,0.0,0.04395359009504318,0.037449851632118225,0.006749384570866823,0.0,0.0,0.06966152042150497,0.009694279171526432,0.0,0.010100438259541988,0.07622121274471283,0.06774329394102097,0.008354421705007553,0.15829212963581085,0.005099990405142307,0.024522634223103523,0.015869909897446632,0.0,0.17509596049785614,0.0,0.00717436196282506,0.07292245328426361,0.0,0.0,0.13785387575626373,0.02715441957116127,0.0,0.01987677998840809,0.43035757541656494,0.10100594162940979,0.05984988063573837,0.0,0.05397273227572441,0.18737848103046417,0.06156422942876816,0.09321758896112442,0.0,0.09912049025297165,0.018566397950053215,0.04753953590989113,0.03298593685030937,0.06961894035339355,0.3954576253890991,0.0,0.3353275954723358,0.0,0.0,0.007242174353450537,0.3043118715286255,0.11047274619340897,0.12538233399391174,0.12796953320503235,0.0,0.014656441286206245,0.010380370542407036,0.0258689783513546,0.0,0.0267135389149189,0.03112349659204483,0.0,0.0,0.0008467859006486833,0.0,0.13571523129940033,0.0,0.0,0.08997104316949844,0.0342453271150589,0.20353460311889648,0.0,0.0,0.0,0.0,0.0,0.0,0.40647652745246887,0.0,0.0,0.0,0.0,0.1557035595178604,0.0010771012166514993,0.0,0.0,0.11593668162822723,0.0057842968963086605,0.010549088940024376,0.278858482837677,0.23617488145828247,0.0,0.012894680723547935,0.002625887980684638,0.043820980936288834,0.0,0.0,0.0,0.0,0.030551111325621605,0.014418299309909344,0.0,0.0,0.0044437856413424015,0.009216354228556156,0.16465556621551514,0.1328570693731308,0.0,0.005959861446171999,0.0,0.010949121788144112,0.0,0.36950400471687317,0.015402465127408504,0.3060203492641449,0.0,0.045056626200675964,0.008686641231179237,0.0020953775383532047,0.0,0.04443710297346115,0.0,0.015436244197189808,0.0,0.015576690435409546,0.009040814824402332,0.0,0.023280177265405655,0.0,0.09288681298494339,0.0,0.03869969770312309,0.024707190692424774,0.0,0.0,0.0,0.0,0.0,0.720410943031311,0.31069597601890564,0.0,0.0,0.02806919999420643,0.0,0.016461830586194992,0.027776947245001793,0.08833777159452438,0.0,0.0,0.6046869158744812,0.0,0.0,0.0,0.016903946176171303,0.0,0.0,0.0,0.0,0.0,0.0,0.0,0.44915467500686646,0.020784806460142136,0.0,0.026867449283599854,0.0,0.006766614969819784,0.0,0.0,0.002969669410958886,0.0,0.011133496649563313,0.3688841760158539,0.01789269596338272,1.02382230758667,0.0,0.004480393137782812,0.009351714514195919,0.0,0.0,0.029378296807408333,2.3097622394561768,0.02908729948103428,0.0005673205596394837,0.0,0.03939821198582649,0.0,0.0,0.0,0.038331419229507446,0.003618304617702961,0.0,0.535734236240387,0.0,0.014615604653954506,0.020347828045487404,0.0,0.0,0.0,0.06844105571508408,0.30537062883377075,0.04725271090865135,0.0,0.15428905189037323,0.0,0.0,0.0,0.0,0.0,0.05357707664370537,0.014394950121641159,0.022033000364899635,0.0,0.0,0.21828296780586243,0.012497060000896454,0.0,0.07300584763288498,0.5969555377960205,0.0,0.031577907502651215,0.14327402412891388,0.0,0.022793496027588844,0.0,0.004896292928606272,0.0,0.02809220738708973,0.0,0.0,0.0,0.0,0.0,0.007417286746203899,0.0,0.09411852806806564,0.026323562487959862,0.8459674119949341,0.0,0.04254663363099098,0.0020386110991239548,0.001127889147028327,0.038263894617557526,0.0,0.04834270477294922,0.0,0.0,0.6433771252632141,0.0,0.02606208808720112,0.0,0.0,0.0,0.0,0.023239964619278908,0.0,0.0,0.0,0.0,0.0,0.0,0.0,0.002082807943224907,0.0,0.0,0.0031480288598686457,0.0,0.006121777929365635,0.21629835665225983,0.0,0.10336146503686905,0.0,0.0,0.0,0.006329949013888836,0.0,0.05134609714150429,0.0,0.0039080288261175156,0.04175896942615509,0.0157081987708807,0.05387498810887337,0.0,0.026957837864756584,0.1996014565229416,0.0,0.053394533693790436,0.008457107469439507,0.0,0.035318318754434586,0.0,0.00606929324567318,0.0,0.032749246805906296,0.0,0.0,0.0,0.026849545538425446,0.0,0.0,0.0,0.04752053692936897,0.0,0.0,0.27635419368743896,0.08319523930549622,0.0,0.022565508261322975,0.0,0.0,0.0,0.0,0.012704608030617237,0.08798055350780487,0.03791709989309311,0.0,0.033695925027132034,0.0,0.03369496390223503,0.0,0.0,0.0023432516027241945,0.10664618760347366,0.1904284656047821,0.027799315750598907,0.0,0.021520910784602165,0.0809212401509285,0.007103512063622475,0.0023274673148989677,0.0,0.28740110993385315,0.09579494595527649,0.09707700461149216,0.00400171522051096,0.0,0.0,1.0198227167129517,0.40949031710624695,0.097690649330616,0.0,0.0,0.0,0.0,0.0,0.015500152483582497,0.004215529188513756,0.5527107119560242,0.0044792150147259235,0.14164865016937256,0.0,0.0015240752836689353,0.0,0.014265358448028564,0.05168038234114647,0.0,0.0,0.06487520784139633,0.16663789749145508,0.0,0.0,0.22120800614356995,0.015553614124655724,0.4584800601005554,0.06140179932117462,0.016047675162553787,0.1724279522895813,0.04237315058708191,0.032743144780397415,0.0,0.3754405677318573,0.016354145482182503,0.0,0.0,0.0,0.0,0.0,0.13667841255664825,0.0,0.00020920336828567088,0.302844762802124,0.028797751292586327,0.0,0.0,0.025125879794359207,0.004463794641196728,0.0,0.0,0.0014692783588543534,0.0,0.14558488130569458,0.014600452966988087,0.0,0.0,0.0279975775629282,0.009751696139574051,0.0,0.004790177568793297,0.0,0.0,0.0,0.0,0.010540161281824112,0.09819453954696655,0.009156261570751667,0.0,0.012565760873258114,0.0,0.153324156999588,0.0,0.0,0.006846336647868156,0.0,0.08621833473443985,0.040104594081640244,0.0,0.0,0.0,0.0,0.0,0.0,0.0,0.006167808547616005,0.0,0.0,0.0,0.010377437807619572,0.0,0.0028487539384514093,0.0,0.06720522046089172,0.014004702679812908,0.02115027606487274,0.0046235560439527035,0.05740589275956154,0.0,0.03502753749489784,0.0,0.11881662160158157,0.0033664118964225054,0.0288246963173151,0.09224851429462433,0.11833285540342331,0.0,0.0007749056676402688,0.0,0.008793223649263382,0.0,0.18389476835727692,0.04539644345641136,0.006714363116770983,0.0,0.03230161592364311,0.041866235435009,0.04549821838736534,0.0,0.030526762828230858,0.0,0.0,0.03890770301222801,0.10910799354314804,0.007224378641694784,0.007549415808171034,0.0,0.030136365443468094,0.005079214461147785,0.07046946883201599,0.031104473397135735,0.0,0.0,0.13015419244766235,0.09836187958717346,0.03358738124370575,0.00021227360412012786,0.0,0.01250967476516962,0.0,0.5712809562683105,0.014163034968078136,0.017671531066298485,0.0,0.14515268802642822,0.07750368863344193,0.12085676938295364,0.0,0.09765485674142838,0.0,0.0,0.18849658966064453,0.1468173712491989,0.0,0.08043138682842255,0.0,0.7266204357147217,0.0,0.006868960335850716,0.011582178063690662,0.0059710098430514336,0.002891759853810072,0.005897545721381903,0.0,0.0,0.04359517991542816,0.0008854144834913313,0.1631947159767151,0.0,0.07374103367328644,0.0,0.00019521712965797633,0.007886196486651897,0.10608076304197311,0.10150663554668427,0.0,0.019944699481129646,0.19830013811588287,0.0,0.02947111614048481,0.0,0.0,0.0,0.09226562827825546,0.017952866852283478,0.0,0.0,0.019241029396653175,0.20938506722450256,0.01627250388264656,0.0,0.0,0.047238923609256744,0.22239628434181213,0.0,0.004138755612075329,0.0,0.019997848197817802,0.0,0.01344459317624569,0.01476103812456131,0.1207500547170639,0.0,0.07252675294876099,0.0032831812277436256,0.08157943934202194,0.5632943511009216,0.07148292660713196,0.0901024267077446,0.009027149528265,0.07252321392297745,0.013358640484511852,0.0,0.0,0.005521767307072878,0.0337117463350296,0.02697901986539364,0.04870385304093361,0.0009172963909804821,0.031477440148591995,0.010401207022368908,0.38232049345970154,0.15043975412845612,0.0,0.037705812603235245,0.0,0.17885608971118927,0.3512026071548462,0.04544013366103172,0.03137774392962456,0.5467632412910461,0.022804150357842445,0.6602458357810974,0.09142746031284332,0.00467928871512413,0.0,0.0,0.09022222459316254,0.0,0.06747803837060928,0.0,0.0,0.052103832364082336,0.0,0.028845515102148056,1.3026903867721558,0.20383258163928986,0.02905472368001938,0.0,0.058202628046274185,0.0,0.05328027158975601,0.006803543772548437,0.003165686037391424,0.0004588139127008617,0.4122997224330902,0.06219572573900223,0.05034980922937393,0.02201300673186779,0.0,0.0,0.04438627138733864,0.0,0.09946417063474655,0.0532294362783432,0.0,0.21220357716083527,0.0015843892470002174,0.03638578951358795,0.0,0.005237116944044828,0.0,0.0,0.6342960000038147,0.3214324712753296,0.0,0.07365627586841583,0.16281194984912872,0.047322340309619904,0.08722133934497833,0.0026986440643668175,0.03362666070461273,0.0002412259636912495,0.0,0.0,0.0,0.005904831923544407,0.0,0.07411465048789978,0.0,0.1262599229812622,0.14253950119018555,0.012200168333947659,0.002845335053279996,0.06928008794784546,0.019838446751236916,0.02384139597415924,0.21417272090911865,0.005253007635474205,0.0,0.16128583252429962,0.0,0.0026079779490828514,0.07527270913124084,0.00418825400993228,0.0542934313416481,0.0,0.0,0.007047936785966158,0.41067448258399963,0.0,0.057852763682603836,0.016346141695976257,0.0,0.0,0.0,0.015360445715487003,0.0,0.0,0.027626268565654755,0.031375620514154434,0.010456366464495659,0.0008255291031673551,0.027347244322299957,0.0,0.6930753588676453,0.10425561666488647,0.006351594813168049,0.263581246137619,0.08691059052944183,0.01671639271080494,0.0057281614281237125,0.0,0.02542676031589508,0.0,0.013069560751318932,0.06309852749109268,0.0,0.009548703208565712,0.0,0.0,0.0,0.013111282140016556,0.0,0.10883322358131409,0.05707312747836113,0.02720755897462368,0.03254115581512451,0.15809094905853271,0.08580486476421356,0.003357128007337451,0.07090448588132858,0.03588975965976715,0.0,0.14444798231124878,0.002346860710531473,0.0008833372849039733,0.0,0.052798088639974594,0.01823539100587368,0.0,0.08841794729232788,0.29567310214042664,0.0,0.0,0.0,0.043541617691516876,0.0,0.0,0.07882402092218399,0.007961612194776535,0.0,0.06903526932001114,0.027307985350489616,0.0016462623607367277,0.02174512855708599,0.0,0.0,0.005435416474938393,0.0,0.03854769468307495,0.15891456604003906,0.0021162270568311214,0.44278672337532043,0.017253857105970383,0.01510340441018343,0.2525722086429596,0.0022624123375862837,0.023296291008591652,0.0,0.0,0.006745972670614719,0.0057666064240038395,0.16167445480823517,0.43573129177093506,0.0044219400733709335,0.013358387164771557,0.0,0.0,0.010674137622117996,0.0,0.00012340307876002043,0.0,0.0,0.474679559469223,0.0,0.01595994085073471,0.0,0.0,0.2011001706123352,0.002959536388516426,0.0,0.0,0.0,0.17824620008468628,0.012629210948944092,0.04971928521990776,0.0016534567112103105,0.0,0.009480275213718414,0.002613259246572852,0.0,0.0045385658740997314,0.06998885422945023,0.02418581210076809,0.03021618351340294,0.017773427069187164,0.0,0.0,0.05641605332493782,0.0,0.033399444073438644,0.0,0.0,0.023723842576146126,0.06559804826974869,0.08465183526277542,0.0,0.04706672579050064,0.06400701403617859,0.06921183317899704,0.0,0.036886151880025864,0.5900202989578247,0.0038169592153280973,0.25673046708106995,0.04387950897216797,0.08685638755559921,0.032932937145233154,0.21281564235687256,0.0,0.0023529434110969305,0.0,0.06737729907035828,0.00509799225255847,0.013892951421439648,0.0,0.020959921181201935,0.0,0.026698842644691467,0.012132708914577961,0.09587069600820541,0.0005244541098363698,0.37625622749328613,0.036427367478609085,0.06870181858539581,0.0,0.006026735529303551,0.04913943260908127,0.0,0.0762324333190918,0.023187456652522087,0.0,0.0,0.030884701758623123,0.0,0.012146026827394962,0.0661492720246315,0.02288721315562725,0.005126344971358776,0.0061479355208575726,0.019522197544574738,0.001361606176942587,0.04375793784856796,0.0,0.0,0.0,0.10671517997980118,0.06510298699140549,0.7194107174873352,0.0,0.0,0.0,0.0,0.0,0.025999851524829865,0.0,0.0,0.0,0.0,0.0,0.011782297864556313,0.15605230629444122,0.0,0.0006821238785050809,0.22503064572811127,0.01990974135696888,0.19532379508018494,0.02285577543079853,0.06303044408559799,0.0,0.1343967467546463,0.0,0.0,0.01647392101585865,0.03158605471253395,0.0006731891771778464,0.0,0.3266620635986328,0.0,0.0,0.11213872581720352,0.0,0.0,0.0,0.0,0.0,0.0,0.011073942296206951,0.05506153032183647,0.011416401714086533,0.0,0.0,0.021675704047083855,0.020669717341661453,0.0,0.0020226312335580587,0.12146301567554474,0.01801687479019165,0.03294927999377251,0.07178685069084167,0.0,0.0532526969909668,0.0,0.0,0.0,0.19807258248329163,0.0,0.0,0.021200332790613174,0.0005029547028243542,0.016037218272686005,0.0,0.0,0.03511059284210205,0.0,0.0,0.0,0.0,0.0,0.0,0.0392746739089489,0.009107147343456745,0.014036152511835098,0.5957282185554504,0.0,0.011851520277559757,0.0024883949663490057,0.0,0.0,0.19606371223926544,0.0,0.11032455414533615,0.2721133828163147,0.0,0.0,0.010138525627553463,0.0,0.0,0.0,0.0,0.43246695399284363,0.0,0.0,0.0,0.0,0.0,0.36928799748420715,0.11591880768537521,0.005502486135810614,0.0008890306926332414,0.007357053924351931,0.10083243995904922,0.3492874801158905,0.0,0.0,0.010346378199756145,0.0,0.0,0.00028699261019937694,0.0,0.0,0.018941311165690422,0.0,0.0,0.0,0.0,0.2586253881454468,0.0,0.019780674949288368,0.0230165533721447,0.014398119412362576,0.0,0.26022738218307495,0.13479776680469513,0.0,0.09757538884878159,0.0,0.006839992944151163,0.0,0.002677305368706584,0.0606415830552578,0.0,0.0,0.04257044941186905,0.0,0.016749678179621696,0.03018541820347309,0.032246995717287064,0.0,0.006569115910679102,0.011419870890676975,0.14275586605072021,0.005622161086648703,0.01638318970799446,0.0,0.0,0.05476762726902962,0.04549611732363701,0.069586843252182,0.08020339161157608,0.0,0.0,0.008457946591079235,0.049924448132514954,0.0,0.0,0.020340662449598312,0.0,0.009963267482817173,0.0,0.0,0.0,0.0,0.0034163654781877995,0.0022085297387093306,0.0,0.0,0.0,0.0826345831155777,0.04001196473836899,0.0726313367486,0.009057458490133286,0.028591718524694443,0.0007746720220893621,0.0,0.0003961700131185353,0.2928377091884613,0.0,0.051182132214307785,0.06465118378400803,0.005618004593998194,0.0,0.289338082075119,0.01324310339987278,0.04872315376996994,0.0
0.0,0.0012190378038212657,0.33200186491012573,0.0,0.0,0.0,0.019202945753932,0.018255049362778664,0.0,0.07317927479743958,0.002285771304741502,0.08258968591690063,0.029309237375855446,0.303350031375885,0.09336092323064804,0.15909740328788757,0.007985634729266167,0.016111526638269424,0.0,0.2233375906944275,0.042870551347732544,0.0,0.032880522310733795,0.1880078911781311,0.02716510370373726,0.12970197200775146,0.0,0.0,0.0,0.0,0.4886608123779297,0.0879659429192543,0.0,0.0,0.22427265346050262,0.15186592936515808,0.008294508792459965,0.034464526921510696,0.0,0.1489257663488388,0.30035457015037537,0.0,0.0,0.10585389286279678,0.4819803237915039,0.001779448939487338,0.03005121648311615,0.0,0.267626017332077,0.0,0.0006353926728479564,0.19833457469940186,0.010324794799089432,0.1462554782629013,0.02922002784907818,0.0,0.0,0.0,0.11343012005090714,0.0072980355471372604,0.005556068383157253,0.4423975646495819,0.05815938487648964,0.0,0.006266145501285791,0.3830244839191437,0.10599164664745331,0.021102087572216988,0.020555639639496803,0.0,0.21486328542232513,0.008012340404093266,0.008818907663226128,0.15687468647956848,0.0,0.09485182166099548,0.3689534366130829,0.0035352990962564945,0.19231480360031128,0.35414963960647583,0.0,0.07480629533529282,0.0,0.04434774070978165,0.015758180990815163,0.3081567883491516,0.037698399275541306,0.0,0.0,0.030749371275305748,0.01919795200228691,0.008856253698468208,0.21483176946640015,0.5218203067779541,0.012599010020494461,0.1408945620059967,0.043999310582876205,0.0,0.0,0.0,0.019927674904465675,0.031593967229127884,0.1607670933008194,0.021228432655334473,0.06233513355255127,0.0,0.009042374789714813,0.0,0.005031931214034557,0.0010877585737034678,0.0271187424659729,0.025693848729133606,0.0,0.17891988158226013,0.0051119280979037285,0.3626662492752075,0.0,0.10142462700605392,0.0,0.162167489528656,0.011476163752377033,0.00347978831268847,0.28931137919425964,0.03897315636277199,0.025369400158524513,0.0014764874940738082,0.21290425956249237,0.019605234265327454,0.10114742070436478,0.002100403420627117,0.11844918876886368,0.007178888190537691,0.031611859798431396,0.0012469172943383455,0.056033749133348465,0.07489661872386932,0.0065359617583453655,0.0,0.006639180239289999,0.0021546834614127874,0.10202254354953766,0.04879283905029297,0.0,0.0557071790099144,0.18472059071063995,0.0,0.02491173893213272,0.2898011803627014,0.04509875178337097,0.06698532402515411,0.037857785820961,0.0,0.025796284899115562,0.08303859084844589,0.0,0.023291921243071556,0.007540485821664333,0.02777978405356407,0.1058695986866951,0.09765896201133728,0.010642319917678833,0.019668109714984894,0.01654471457004547,0.34147948026657104,0.07577454298734665,0.0,0.2860161364078522,0.0,0.11892526596784592,0.3634991943836212,0.10651115328073502,0.030667994171380997,0.0787474662065506,0.20403774082660675,0.049072254449129105,0.06149814650416374,0.5696856379508972,0.005073619075119495,0.0,0.296575129032135,0.0,0.0016062926733866334,0.025015749037265778,0.026992525905370712,0.027765756472945213,0.31140419840812683,0.16912439465522766,0.03981224447488785,0.0703238844871521,0.26712092757225037,0.04573407769203186,0.0997966006398201,0.0,0.0024782465770840645,0.019569113850593567,0.020483870059251785,0.010448317974805832,0.006549024488776922,0.3077443242073059,0.0,0.1579105257987976,0.03529657423496246,0.0,0.1378118395805359,0.0,0.006497344933450222,0.03861694782972336,0.0053124879486858845,0.0663728192448616,0.08327009528875351,0.14600448310375214,0.00044280290603637695,0.24992172420024872,0.0,0.01971111260354519,0.01760481670498848,0.04596562311053276,0.017727531492710114,0.0,0.017422694712877274,0.043083224445581436,0.010734333656728268,0.14979329705238342,0.13747869431972504,0.0,0.21655723452568054,0.015800518915057182,0.019727101549506187,0.08993643522262573,0.11052623391151428,0.1482035517692566,0.0,0.19023090600967407,0.06769553571939468,0.11752834916114807,0.2689703106880188,0.026276983320713043,0.0888531506061554,0.04196673259139061,0.0010074746096506715,0.0,0.060486603528261185,0.023590724915266037,0.0,0.07302869856357574,0.0521889291703701,0.02646319381892681,0.016213303431868553,0.0,0.018878653645515442,0.017067719250917435,0.00537881487980485,0.0024848817847669125,0.0013392019318416715,0.002453765831887722,0.06143166497349739,0.0,0.08628086745738983,0.03532567620277405,0.4361279606819153,0.0,0.014074747450649738,0.015680575743317604,0.0,0.1334589272737503,0.040254998952150345,0.07762701064348221,0.04079115763306618,0.016290657222270966,0.016570186242461205,0.1072196215391159,0.0032484340481460094,0.0027408218011260033,0.0879642516374588,0.06419689208269119,0.0,0.028681153431534767,0.015843521803617477,0.1312917172908783,0.20413677394390106,0.009448585100471973,0.0,0.026006031781435013,0.13863588869571686,0.023798666894435883,0.6235133409500122,0.0,0.0,0.16237491369247437,0.038356713950634,0.15453794598579407,0.07975928485393524,0.0617084875702858,0.0,0.03466452285647392,0.02024751342833042,0.1791565716266632,0.0,0.2763044238090515,0.0,0.012858781032264233,0.03248779475688934,0.15073361992835999,0.11611075699329376,0.11548532545566559,0.006577189080417156,0.0068426658399403095,0.016643010079860687,0.0,0.0,0.0037702058907598257,0.12334252148866653,0.017395485192537308,0.236698716878891,0.09118618071079254,0.33040961623191833,0.032944854348897934,0.004850354045629501,0.16794642806053162,0.02329506352543831,0.0,0.01725877821445465,0.0,0.0,0.6603062152862549,0.0,0.0,0.0,0.0,0.0,0.0,0.03990931808948517,0.0,0.0,0.0,0.0,0.0,0.0,0.007537917699664831,0.08737724274396896,0.05975475162267685,0.0014374905731528997,0.0,0.0,0.0,0.0,0.0,0.0,0.0,0.0,0.22024692595005035,0.0,0.08842870593070984,0.09492271393537521,0.2838684320449829,0.0,0.0,0.0,0.04794078692793846,0.013272869400680065,0.0073029170744121075,0.0,0.0,0.0,0.0,0.0037815391551703215,0.08347702026367188,0.02546178176999092,0.0,0.0,0.47717830538749695,0.0,0.0,0.0824466124176979,0.00852581113576889,0.0006007059128023684,0.010525716468691826,0.0,0.0,0.14888238906860352,0.05057361721992493,0.0,0.0,0.0,0.009546153247356415,0.0,0.0,0.07219254225492477,0.0,0.0,0.17524367570877075,0.0,0.0,0.0,0.0,0.0,0.10970330238342285,0.0012986853253096342,0.09365545213222504,0.005627172999083996,0.0,0.01361787784844637,0.0,0.002170742955058813,0.00285923364572227,0.0,0.03546299412846565,0.0,0.0,0.024010462686419487,0.0,0.0,0.0,0.0,0.0012380396947264671,0.0,0.0,0.0,0.0,0.0,0.02416999079287052,0.0,0.048373956233263016,0.0,0.020375533029437065,0.11160660535097122,0.013124880380928516,0.007464991882443428,0.007316424045711756,0.15560996532440186,0.0,0.022937187924981117,0.0,0.11684812605381012,0.0,0.0,0.0,0.008213860914111137,0.0026635092217475176,0.0,0.0,0.0,0.009806251153349876,0.0,0.0,0.0,0.0784689337015152,0.0,0.013302985578775406,0.03221104294061661,0.016655676066875458,0.0,0.0,0.027654318138957024,0.0,0.0033015713561326265,0.0,0.0,0.013765238225460052,0.0,0.0006054386612959206,0.24158908426761627,0.0,0.0,0.06563666462898254,0.178349107503891,0.03815227001905441,0.0,0.0,0.0,0.0,0.0,0.03883160278201103,0.0,0.01616944558918476,0.0,0.0,0.05146772414445877,0.03667965903878212,0.0,0.0,0.0,0.1265561729669571,0.002116434508934617,0.03046145848929882,0.1838059276342392,0.005739098880439997,0.0,0.0,0.0,0.03863329440355301,0.0,0.0,0.0,0.0,0.0,0.0,0.0193585604429245,0.03548519313335419,0.0,0.0,0.0,0.01928064599633217,0.015087042935192585,0.023057173937559128,0.0,0.0,0.001961882458999753,0.13185501098632812,0.03155820444226265,0.07192301005125046,0.03381689265370369,0.0,0.0008428621222265065,0.0,0.0005886729341000319,0.14389638602733612,0.04328993335366249,0.0,0.031051866710186005,0.0,0.0,0.38930991291999817,0.0,0.0,0.0,0.0,0.0,0.0,0.027056287974119186,0.013774684630334377,0.0,0.0009804022265598178,0.0,0.0,0.12507610023021698,0.0,0.0,0.0,0.045895472168922424,0.004330317489802837,0.02530316822230816,0.0,0.08635717630386353,0.0,0.0,0.014992570504546165,0.0,0.004018611740320921,0.0,0.0,0.03399233520030975,0.026374690234661102,0.2244097739458084,0.004589168820530176,0.012810492888092995,0.0,0.0,0.03896784409880638,0.0,0.008723313920199871,0.09678514301776886,0.05290897190570831,0.0,0.18559925258159637,0.0750652328133583,0.003228244837373495,0.0,0.03472304716706276,0.23248997330665588,0.0,0.018052591010928154,0.09983464330434799,0.0,0.0,0.0,0.008718037977814674,0.0014993164222687483,0.0,0.013803170062601566,0.10325475037097931,0.0,0.0722132995724678,0.0,0.15784619748592377,0.03674010932445526,0.1103864461183548,0.022526850923895836,0.0,0.0,0.0,0.0007008397369645536,0.007716689258813858,0.0,0.014667697250843048,0.17208169400691986,0.015961509197950363,0.027248980477452278,0.0,0.0,0.0,0.0,0.0,0.02963157184422016,0.0,0.0,0.0,0.36638808250427246,0.007873928174376488,0.06494822353124619,0.0,0.15081138908863068,0.0,0.0,0.00026803286164067686,0.0007063382654450834,0.03241315111517906,0.06466202437877655,0.0,0.0,0.02954963408410549,0.0,0.0,0.0,0.007700818590819836,0.00278083304874599,0.0,0.010170672088861465,0.0,0.03927180543541908,0.04903484880924225,0.01566779427230358,0.0,0.0,0.0,0.0,0.0,0.007767228875309229,0.0,0.0,0.0,0.0,0.12801110744476318,0.01488622184842825,0.0,0.0,0.0,0.0,0.023942071944475174,0.0,0.0,0.010873774066567421,0.0,0.0,0.01564873941242695,0.0,0.0,0.09138569235801697,0.0036043738946318626,0.13077238202095032,0.02501193806529045,0.0,0.2161404937505722,0.00605611689388752,0.1022559180855751,0.0013475322630256414,0.0,0.06058092042803764,0.0,0.06284421682357788,0.09847334027290344,0.0,0.029157936573028564,0.006376111414283514,0.0,0.0,0.0,0.0,0.0,0.004303657915443182,0.0,0.057307686656713486,0.0,0.0,0.0,0.09429630637168884,0.0,0.0,0.0,0.0,0.006100426893681288,0.10344584286212921,0.007873301394283772,0.009215773083269596,0.0666050910949707,0.024484099820256233,0.0,0.0,0.008156840689480305,0.04939630627632141,0.0003088265657424927,0.0,0.3694484829902649,0.044030752032995224,0.030448563396930695,0.0,0.04267796501517296,0.0,0.10698678344488144,0.0007426738739013672,0.0,0.0,0.0,0.0015269886935129762,0.15967170894145966,0.12275634706020355,0.03282095864415169,0.0,0.005747960414737463,0.06793355196714401,0.0,0.0,0.0,0.04919104278087616,0.0065474440343678,0.00995029229670763,0.0,0.03211177885532379,0.0,0.20864209532737732,0.0,0.0,0.0,0.2705267071723938,0.06630062311887741,0.00031658948864787817,0.0,0.5246143937110901,0.0,0.01757795177400112,0.0,0.006777761969715357,0.0,0.0,0.0,0.005502436310052872,0.2524546682834625,0.0,0.07500642538070679,0.0004909475683234632,0.0,0.0,0.010320928879082203,0.0,0.011464753188192844,0.0018480538856238127,0.0,0.2556205093860626,0.15310516953468323,0.0,0.0,0.006720374803990126,0.08898977190256119,0.032278675585985184,0.3282718360424042,0.0,0.0,0.006380761973559856,0.055429358035326004,0.0,0.0871727392077446,0.052381955087184906,0.0875917449593544,0.12825331091880798,0.01172312255948782,0.013508718460798264,0.017080146819353104,0.023453135043382645,0.033724308013916016,0.009478786960244179,0.0,0.0,0.19180306792259216,0.007065779995173216,0.03847614675760269,0.0,0.007057813461869955,0.1440962553024292,0.24656152725219727,0.00010655373625922948,0.035305045545101166,0.04052671417593956,0.04104350134730339,0.009193255566060543,0.0,0.0,0.056321755051612854,0.0,0.0,0.14331938326358795,0.03815203532576561,0.0423426628112793,0.0,0.02762114256620407,0.0,0.0,0.036204129457473755,0.0707625299692154,0.05607995390892029,0.0,0.14480584859848022,0.0017374923918396235,0.0,0.0,0.0015462279552593827,0.05217151716351509,0.24050305783748627,0.03962330520153046,0.09733882546424866,0.06135156750679016,0.0,0.0,0.0014613771345466375,0.0,0.0,0.00671298848465085,0.009308874607086182,0.0,0.0,0.013831531628966331,0.12730829417705536,0.0,0.004816172178834677,0.04333588480949402,0.0031085144728422165,0.0,0.13157114386558533,0.0,0.0,0.0363205187022686,0.0289448332041502,0.0,0.02064497396349907,0.005792111158370972,0.2426973283290863,0.0,0.01919722743332386,0.5156128406524658,0.0,0.027990365400910378,0.0,0.0,0.0,0.0,0.0,0.020042404532432556,0.0,0.14456124603748322,0.0,0.0,0.0,0.0,0.0168099794536829,0.0066607738845050335,0.0,0.05239100381731987,0.0,0.006441494449973106,0.0,0.0,0.3669162690639496,0.0,0.0,0.0,0.0,0.0,0.0,0.6310170888900757,0.05844062194228172,0.005303424783051014,0.0331573411822319,0.08407573401927948,0.0,0.009636602364480495,0.0,0.17471347749233246,0.002546045696362853,0.05866604670882225,0.024627480655908585,0.012029141187667847,0.010519483126699924,0.009166731499135494,0.19444045424461365,0.0,0.008141227066516876,0.0,0.09677474945783615,0.04641859233379364,0.10849448293447495,0.009966672398149967,0.06535004824399948,0.03312133625149727,0.0,0.46041929721832275,0.0,0.0,0.0434710867702961,0.017478827387094498,0.04730851203203201,0.0,0.006015237420797348,0.0,0.038918089121580124,0.13420957326889038,0.0,0.1728748381137848,0.02306285873055458,0.08875775337219238,0.0,0.04688197001814842,0.32333904504776,0.0,0.1995772123336792,0.0790402889251709,0.18575027585029602,0.029741765931248665,0.01716608554124832,0.1204557865858078,0.0852556973695755,0.03978461027145386,0.18977361917495728,0.0,0.0,0.32055309414863586,0.0012650764547288418,0.0,0.024173688143491745,0.0,0.0,0.12268373370170593,0.0011358946794643998,0.0030885839369148016,0.002421983517706394,0.0,0.0010987806599587202,0.0,0.2143852412700653,0.03453844413161278,0.0,0.0,0.015853149816393852,0.0,0.013906805776059628,0.08593752235174179,0.012095882557332516,0.048816438764333725,0.0,0.10581956058740616,0.006636819802224636,0.015358839184045792,0.08048305660486221,0.0,0.03543083369731903,0.015676751732826233,0.016523240134119987,0.14310038089752197,0.0,0.060252461582422256,0.01782327890396118,0.05439453944563866,0.0,0.11260821670293808,0.060353003442287445,0.003995347302407026,0.0,0.18883147835731506,0.0,0.0,0.0,0.632280707359314,0.17654073238372803,0.0,0.03474996238946915,0.3300475776195526,0.0016193758929148316,0.005099381320178509,0.0,0.24505466222763062,0.0,0.027293434366583824,0.0,0.0,0.0,0.0,0.0935666561126709,0.0,0.0,0.12804143130779266,0.024983415380120277,0.0,0.0,0.2605704069137573,0.026312395930290222,0.0,0.02479681745171547,0.0351710319519043,0.0360615998506546,0.0,0.011409108527004719,0.09389970451593399,0.0,0.028990773484110832,0.3253268301486969,0.0,0.0,0.015517549589276314,0.09718987345695496,0.058664340525865555,0.0,0.09237329661846161,0.0,0.0,0.30139172077178955,0.0,0.0,0.027609851211309433,0.0,0.0,0.022194547578692436,0.36875754594802856,0.0,0.0,0.2169046550989151,0.05965603515505791,0.0,0.07656261324882507,0.0,0.07054727524518967,0.08773062378168106,0.0028115110471844673,0.0,0.0,0.03978896513581276,0.0071012163534760475,0.0,0.010573570616543293,0.05660678818821907,0.06571955233812332,0.008853615261614323,0.1846228539943695,0.0,0.030978651717305183,0.01266511157155037,0.0,0.1591424196958542,0.0,0.005097133107483387,0.08190397918224335,0.0,0.0,0.19629225134849548,0.03371216356754303,0.0022382147144526243,0.016524121165275574,0.38119056820869446,0.03408680483698845,0.058173373341560364,0.0,0.06075552850961685,0.1828898787498474,0.0630132183432579,0.1166539415717125,0.0,0.07077980786561966,0.0,0.05565396696329117,0.02573169209063053,0.06810997426509857,0.3889780342578888,0.0026075029745697975,0.3842785954475403,0.0,0.024967791512608528,0.010265235789120197,0.2859157621860504,0.09832204878330231,0.1352098435163498,0.05682698264718056,0.0,0.023307137191295624,0.0,0.01865488663315773,0.0,0.02194734290242195,0.030674373731017113,0.0,0.0,0.005635937675833702,0.0,0.12283062189817429,0.0,0.0,0.10032865405082703,0.04966657608747482,0.24666492640972137,0.0,0.0,0.0,0.0,0.0,0.0,0.4405209720134735,0.0,0.0,0.0,0.0,0.21079915761947632,0.0022257626987993717,0.0,0.0,0.0828879252076149,0.003274929476901889,0.026163000613451004,0.2600977122783661,0.2215833067893982,0.0,0.006101942155510187,0.0009215551544912159,0.03939864784479141,0.0,0.0,0.0,0.0,0.03545098006725311,0.0,0.0,0.0,0.013148341327905655,0.020619375631213188,0.16234561800956726,0.11339592188596725,0.0,0.002144535770639777,0.0,0.0027211785782128572,0.0,0.3694289028644562,0.03934721648693085,0.30185237526893616,0.0,0.0619669072329998,0.012647237628698349,0.002848820760846138,0.007502492051571608,0.04031991958618164,0.0,0.02540379948914051,0.001674017054028809,0.007060214411467314,0.01577855832874775,0.0,0.010401742532849312,0.0,0.041080571711063385,0.0,0.0416848286986351,0.028016654774546623,0.0,0.0,0.0,0.0,0.0,0.795671820640564,0.2969020903110504,0.0,0.0,0.024202875792980194,0.00882267951965332,0.05210299417376518,0.03840787708759308,0.08214636147022247,0.0,0.0,0.622718334197998,0.0,0.0,0.0,0.0027033293154090643,0.0,0.0,0.0,0.0,0.0,0.0,0.0,0.5132925510406494,0.03993634879589081,0.0,0.06393304467201233,0.0,6.116151780588552e-05,0.0,0.0,0.01454655546694994,0.0006712961476296186,0.007764866575598717,0.416029155254364,0.022203760221600533,1.092963457107544,0.0,0.0,0.006687168963253498,0.0,0.0,0.01604532077908516,2.2757177352905273,0.028884604573249817,0.0,0.0,0.031362492591142654,0.0,0.0,0.0,0.09097301214933395,0.0,0.0,0.5323639512062073,0.0,0.018078912049531937,0.041022587567567825,0.0,0.0,0.0,0.10294041782617569,0.331776887178421,0.026615330949425697,0.0,0.15389160811901093,0.0,0.0,0.0,0.0,0.0,0.060327768325805664,0.017968615517020226,0.024037079885601997,0.00311812455765903,0.0,0.21002307534217834,0.0038842845242470503,0.010443232953548431,0.0569179430603981,0.613511860370636,0.0,0.03130458667874336,0.17693299055099487,0.0,0.014858908951282501,0.0,0.006882182322442532,0.0,0.021149149164557457,0.0,0.0,0.0,0.0,0.0,0.024636803194880486,0.0,0.07738115638494492,0.032166481018066406,0.943081259727478,0.0,0.04704127460718155,0.0008207618957385421,0.0022100138012319803,0.039392825216054916,0.0,0.053704824298620224,0.0,0.0,0.6370744109153748,0.0,0.010287853889167309,0.0,0.0,0.0,0.0,0.025077810510993004,0.0,0.0,0.0,0.0,0.0,0.0,0.0,0.005145388655364513,0.0,0.0,0.010501828044652939,0.0,0.0,0.21882757544517517,0.0,0.095472052693367,0.0,0.0,0.0,0.0017718770541250706,0.0,0.04769338667392731,0.0,0.0018351960461586714,0.031142504885792732,0.0010336685227230191,0.05245577171444893,0.0,0.040514010936021805,0.1083294078707695,0.0,0.05482186749577522,0.012059065513312817,0.0,0.02522054873406887,0.0,0.021366674453020096,0.0,0.052246369421482086,0.0,0.0,0.0,0.04408496245741844,0.0,0.0,0.0029989040922373533,0.05411794036626816,0.0,0.0,0.32004162669181824,0.10204091668128967,0.0,0.011085350066423416,0.0,0.009231852367520332,0.03594142571091652,0.0,0.00182023283559829,0.0671050027012825,0.018977299332618713,0.0,0.008122105151414871,0.0,0.04090610519051552,0.0,0.0,0.0,0.06762563437223434,0.16672079265117645,0.02871912717819214,0.0,0.0009359693503938615,0.0692833885550499,0.0009061885066330433,0.001020098919980228,0.0,0.27825939655303955,0.08615884929895401,0.10513986647129059,0.022669607773423195,0.0,0.0,0.9941250681877136,0.4269408881664276,0.10021162033081055,0.0,0.0,0.0,0.0,0.0,0.02785295993089676,0.0081782853230834,0.6375176906585693,0.012548025697469711,0.10131141543388367,0.0,0.0,0.0,0.006960928440093994,0.03421851992607117,0.0,0.0,0.08961614966392517,0.13703562319278717,0.0,0.0,0.28929945826530457,0.017188511788845062,0.45639264583587646,0.050956349819898605,0.010158151388168335,0.24629062414169312,0.03315312787890434,0.02854248508810997,0.0,0.3538983166217804,0.013431079685688019,0.0,0.0012173127615824342,0.0,0.0,0.0,0.10630085319280624,0.0,0.0003629201673902571,0.3173627257347107,0.027064155787229538,0.0,0.0,0.023474259302020073,0.02292761392891407,0.0,0.0,0.0,0.0,0.1593877524137497,0.003203067695721984,0.0,0.0,0.05979285389184952,0.015373769216239452,0.0,0.0026556444354355335,0.0,0.0,0.0,0.0,0.0,0.15574975311756134,0.005400093272328377,0.0,0.012041977606713772,0.0,0.16214676201343536,0.0,0.0,0.005575092043727636,0.0,0.0684727132320404,0.08093246817588806,0.0,0.0,0.0,0.0,0.0,0.0,0.0,0.0008309930562973022,0.0,0.0,0.0,0.021440014243125916,0.0,0.0,0.0,0.03039810247719288,0.005058329086750746,0.029362596571445465,0.010012781247496605,0.03309626504778862,0.0,0.020948054268956184,0.0,0.14638498425483704,0.0029895592015236616,0.03687778487801552,0.06568284332752228,0.10620294511318207,0.0,0.0,0.0,0.005458304192870855,0.008550914004445076,0.21601058542728424,0.018976209685206413,0.00741715868934989,0.0,0.027487030252814293,0.03940318524837494,0.025416655465960503,0.0,0.012938152998685837,0.0,0.0,0.036097001284360886,0.08338965475559235,0.0,0.007755869533866644,0.0,0.051260244101285934,0.019672684371471405,0.06557384133338928,0.04772380739450455,0.0,0.0,0.12612450122833252,0.07206081598997116,0.013285119086503983,0.0,0.0,0.011413078755140305,0.0,0.5573969483375549,0.015210050158202648,0.0173625610768795,0.0,0.1513657569885254,0.10522322356700897,0.10749880969524384,0.0028439676389098167,0.09179994463920593,0.0,0.0,0.21198755502700806,0.22595754265785217,0.0,0.06968589127063751,0.0,0.6871906518936157,0.0,0.0,0.006584288086742163,0.0,0.006922815926373005,0.0,0.0,0.0,0.04080767557024956,0.004637424368411303,0.21110539138317108,0.0,0.06937791407108307,0.0,0.0026824283413589,0.0,0.10900108516216278,0.15630263090133667,0.0,0.042719438672065735,0.18017613887786865,0.008842181414365768,0.04043474793434143,0.007922747172415257,0.0,0.0,0.11086361110210419,0.04226301982998848,0.002714714966714382,0.0,0.01877313107252121,0.2154763638973236,0.00855341274291277,0.0,0.0,0.043220702558755875,0.16957417130470276,0.0024433445651084185,0.00625709630548954,0.0,0.02903604507446289,0.0,0.012526566162705421,0.009066750295460224,0.14293430745601654,0.0,0.074813611805439,0.003287196159362793,0.07111938297748566,0.6252973079681396,0.0795290544629097,0.06976593285799026,0.00401057256385684,0.08734431117773056,0.03002508170902729,0.0,0.0,0.0036062407307326794,0.040666427463293076,0.006913027726113796,0.04554542899131775,0.0018725729314610362,0.0408424474298954,0.003282601246610284,0.4817903935909271,0.11813478171825409,0.0,0.05926679074764252,0.011139534413814545,0.19794104993343353,0.37437164783477783,0.03156021982431412,0.02691221795976162,0.5959419012069702,0.01512028556317091,0.7384294271469116,0.08976772427558899,0.012682998552918434,0.0,0.0,0.06882283836603165,0.0,0.09428489953279495,0.0,0.0001503753592260182,0.02286241576075554,0.0,0.04379292577505112,1.314734697341919,0.181895911693573,0.05267345532774925,0.0,0.06651199609041214,0.0,0.03243885934352875,0.012002411298453808,0.005064890254288912,0.0,0.43125492334365845,0.04493522644042969,0.03416987508535385,0.025812750682234764,0.0,0.0,0.059628911316394806,0.0022554921451956034,0.11501099914312363,0.06614705175161362,0.0,0.22670595347881317,0.006482922937721014,0.03931039199233055,0.0,0.0,0.0,0.0,0.5808430910110474,0.29709017276763916,0.0,0.07025378942489624,0.2052905112504959,0.044191837310791016,0.13665442168712616,0.004834346938878298,0.047474004328250885,0.029627876356244087,0.0,0.01717478595674038,0.0,0.021825497969985008,0.0,0.05423003062605858,0.0,0.09383987635374069,0.1452169567346573,0.009702425450086594,0.0,0.03926745057106018,0.03586758300662041,0.03171919658780098,0.23763999342918396,0.013894199393689632,0.0,0.12958382070064545,0.0,0.019375743344426155,0.09430200606584549,0.0048407744616270065,0.05602264031767845,0.0,0.0001338553411187604,0.00883250031620264,0.4172595143318176,0.0,0.04671616479754448,0.019225945696234703,0.0,0.0,0.0,0.019719140604138374,0.0,0.0,0.0305769182741642,0.01749381422996521,0.05149819329380989,0.0,0.0452345572412014,0.0,0.7480894327163696,0.0820794403553009,0.008010482415556908,0.2178013026714325,0.0866631343960762,0.012307129800319672,0.0012704372638836503,0.0,0.03744136914610863,0.0,0.022353844717144966,0.06907099485397339,0.021740470081567764,0.006490207277238369,0.0,0.0,0.0,0.012533757835626602,0.0,0.09980310499668121,0.05575849860906601,0.017039412632584572,0.028637321665883064,0.1448879987001419,0.07605148106813431,0.01255177054554224,0.09845191240310669,0.04517142474651337,0.002893538447096944,0.08833091706037521,0.0,0.0,0.0,0.02798629365861416,0.01025955006480217,0.0,0.07473453879356384,0.29202914237976074,0.0,0.0,0.0,0.038841161876916885,0.0,0.0,0.06400812417268753,0.010171429254114628,0.008058436214923859,0.12436161190271378,0.010024119168519974,0.0,0.02194778248667717,0.0,0.0,0.02504965290427208,0.0,0.019039062783122063,0.21208934485912323,0.004158584866672754,0.4617963433265686,0.018555233255028725,0.035567935556173325,0.2612437307834625,0.00505984527990222,0.010461392812430859,0.0,0.0,0.0,0.0032519518863409758,0.1145372986793518,0.5098035931587219,0.0,0.01703941822052002,0.0,0.0,0.007871956564486027,0.0,0.004354139789938927,0.007399918977171183,0.0,0.521397054195404,0.0,0.0,0.0,0.0,0.15773342549800873,0.00949671771377325,0.0,0.0,0.0,0.16921772062778473,0.04499431699514389,0.04992447793483734,0.0,0.0,0.01052425429224968,0.008568670600652695,0.0,0.003362962044775486,0.05550931766629219,0.036103568971157074,0.031640857458114624,0.019305892288684845,0.0,0.0,0.04632339999079704,0.0,0.022911129519343376,0.0,0.0,0.01285320520401001,0.05457065626978874,0.07743733376264572,0.0,0.02052423171699047,0.05964415520429611,0.0697832852602005,0.0,0.036371588706970215,0.5104451179504395,0.0,0.26544979214668274,0.028030268847942352,0.08423138409852982,0.0294746533036232,0.30088838934898376,0.0,0.0019874644931405783,0.0,0.04818902164697647,0.026587193831801414,0.0007370573002845049,0.0,0.03649425879120827,0.0,0.046672604978084564,0.02581627108156681,0.06186317279934883,0.0032134128268808126,0.4643001854419708,0.00976478774100542,0.06779582053422928,0.0,0.0,0.06696320325136185,0.0,0.05507993698120117,0.01387133076786995,0.0,0.01034094300121069,0.027748867869377136,0.0,0.03362885117530823,0.06090139225125313,0.01312547642737627,0.009557175450026989,0.008027173578739166,0.023229530081152916,0.01340513676404953,0.018369829282164574,0.0,0.0,0.0016333013772964478,0.07266775518655777,0.10148664563894272,0.71431565284729,0.0,0.0,0.0,0.0,0.004320018459111452,0.07138480246067047,0.0,0.0,0.0,0.0,0.0,0.012155374512076378,0.15335847437381744,0.0,0.009068667888641357,0.1591670662164688,0.024995125830173492,0.20806092023849487,0.03837159276008606,0.12347836792469025,0.0,0.18362781405448914,0.0,0.0,0.018133731558918953,0.01003127358853817,0.0003491449460852891,0.0,0.3184915781021118,0.0,0.0,0.09097873419523239,0.0,0.000853863952215761,0.0,0.0,0.001574392314068973,0.0,0.01318396721035242,0.07301643490791321,0.008318011648952961,0.0,0.0,0.017865370959043503,0.0089999008923769,0.0,0.0,0.19615644216537476,0.011410733684897423,0.09729042649269104,0.08284971117973328,0.0,0.04411295801401138,0.0,0.0,0.0,0.13231302797794342,0.0,0.00031231821049004793,0.08044666051864624,0.0,0.008564489893615246,0.0,0.0,0.026718899607658386,0.0,0.0,0.0,0.0,0.0,0.0,0.0,0.0061878240667283535,0.030278731137514114,0.515765368938446,0.0,0.00962069258093834,0.003388890065252781,0.0,0.002411019755527377,0.2326963245868683,0.0,0.10544980317354202,0.28488555550575256,0.0,0.0,0.004914237651973963,0.0,0.0014957094099372625,0.0,0.0,0.42205169796943665,0.0,0.0,0.0,0.0,0.0,0.32103103399276733,0.12009953707456589,0.017327167093753815,0.0,0.008562128990888596,0.12255720049142838,0.3414221704006195,0.0,0.0,0.019452594220638275,0.0,0.0,0.0,0.0,0.0,0.016912030056118965,0.0,0.0,0.0,0.0,0.30515581369400024,0.0,0.055140431970357895,0.01000070571899414,0.00988090317696333,0.0,0.31657806038856506,0.11247985064983368,0.0,0.15983478724956512,0.002933511743322015,0.000414894224377349,0.0,0.008389619179069996,0.03612923249602318,0.0,0.0,0.0345999151468277,0.0,0.0290573351085186,0.04103323444724083,0.005992800462990999,0.0,0.0,0.0035100197419524193,0.18856622278690338,0.0038661896251142025,0.011344206519424915,0.0041234539821743965,0.0,0.07857426255941391,0.051004208624362946,0.05894596874713898,0.06399743258953094,0.0,0.0,0.005616998765617609,0.04844570532441139,0.0,0.0,0.01944803074002266,0.0,0.007347124628722668,0.0,0.0,0.0,0.0,0.010445121675729752,0.0021405445877462626,0.009633122012019157,0.0,0.0,0.08850943297147751,0.07955580949783325,0.03436649218201637,0.003255622461438179,0.03709784895181656,0.0,0.0,0.0,0.3112261891365051,0.0,0.08555358648300171,0.07538747787475586,0.01154311653226614,0.0,0.39713919162750244,0.018884409219026566,0.04687197133898735,0.008951940573751926
0.0,0.00804272759705782,0.3212307095527649,0.0,0.0,0.0,0.00801851972937584,0.02097489684820175,0.0237271785736084,0.07457688450813293,0.01183768268674612,0.046733275055885315,0.033769749104976654,0.35083475708961487,0.07204363495111465,0.19787806272506714,0.012723453342914581,0.02012782171368599,0.0,0.24947808682918549,0.049254778772592545,0.0,0.024326860904693604,0.19141803681850433,0.05239167809486389,0.11066736280918121,0.0,0.0,0.0,0.0004597437509801239,0.447551965713501,0.12125661969184875,0.0005552911898121238,0.0,0.24702908098697662,0.12808199226856232,0.007810196839272976,0.032193709164857864,0.0,0.10979808121919632,0.29571428894996643,0.0,0.00864552054554224,0.10233643651008606,0.4668892025947571,0.014957096427679062,0.03402016684412956,0.0,0.2541186809539795,0.0,0.0,0.2018144577741623,0.0006419849232770503,0.1554049253463745,0.02563684992492199,0.0,0.0,0.0,0.08210985362529755,0.0032390570268034935,0.0060154651291668415,0.40857788920402527,0.04831042140722275,0.0,0.014092505909502506,0.3579559028148651,0.11202167719602585,0.020078035071492195,0.04345520958304405,0.00392896169796586,0.254926860332489,0.00453015323728323,0.014718184247612953,0.14330033957958221,0.0,0.09036623686552048,0.38071104884147644,0.0,0.17956340312957764,0.4132237136363983,0.0,0.09921727329492569,0.0,0.04893825948238373,0.01602349802851677,0.3161639869213104,0.021513966843485832,0.0,0.0,0.035803694278001785,0.02102140709757805,0.01813843660056591,0.21168583631515503,0.5658761858940125,0.005213828291743994,0.16495509445667267,0.04149509593844414,0.0,0.0,0.0,0.014156191609799862,0.03391772881150246,0.1702595204114914,0.01984628289937973,0.07420714944601059,0.007395622786134481,0.009348295629024506,0.0,0.00840151309967041,0.01566959172487259,0.025122230872511864,0.024077627807855606,0.0,0.15436777472496033,0.006119017489254475,0.37271273136138916,0.0,0.08622554689645767,0.0,0.1414300799369812,0.022181645035743713,0.0035984753631055355,0.29202505946159363,0.04433795437216759,0.02214069850742817,0.0018605664372444153,0.19852560758590698,0.021744420751929283,0.09668128937482834,0.0,0.10966754704713821,0.0,0.030945582315325737,0.006927161011844873,0.03852837160229683,0.07666537910699844,0.00903022289276123,0.0,0.005984659306704998,0.0,0.11394094675779343,0.04347114637494087,0.0,0.0184994675219059,0.1954062283039093,0.0,0.026010112836956978,0.25831663608551025,0.01636224426329136,0.0465627945959568,0.041274309158325195,0.0,0.056052085012197495,0.09619661420583725,0.0,0.03737599030137062,0.010459193959832191,0.04522091895341873,0.08894739300012589,0.11510191112756729,0.010242743417620659,0.004893527831882238,0.024086469784379005,0.40194234251976013,0.08770428597927094,0.0,0.2876018285751343,0.0,0.12900416553020477,0.4148007929325104,0.1047070100903511,0.049244627356529236,0.07958930730819702,0.21083372831344604,0.04380779340863228,0.051136016845703125,0.5432932376861572,0.006368549074977636,0.0,0.3328791558742523,0.0,0.0072760628536343575,0.029184836894273758,0.025912128388881683,0.022283483296632767,0.3005247414112091,0.16931678354740143,0.052029553800821304,0.0643216148018837,0.2678734064102173,0.04765190929174423,0.053319014608860016,0.003233356401324272,0.006466565188020468,0.022039899602532387,0.020991438999772072,0.03378058597445488,0.017358770594000816,0.28190651535987854,0.006286125164479017,0.1315028965473175,0.029942501336336136,0.0,0.1633996069431305,0.002754592802375555,0.021802783012390137,0.03923235088586807,0.011937430128455162,0.039782341569662094,0.09008532762527466,0.16188010573387146,0.0,0.2578347325325012,0.0,0.025879355147480965,0.01561107486486435,0.030960746109485626,0.005269584711641073,0.0002754497400019318,0.012248544953763485,0.06354933977127075,0.004540263209491968,0.1807105392217636,0.11308230459690094,0.002909337170422077,0.20345856249332428,0.0100857587531209,0.009994450025260448,0.07468593120574951,0.09986720979213715,0.15435422956943512,0.0,0.17983704805374146,0.06873027235269547,0.12442909181118011,0.2699487805366516,0.017524661496281624,0.0762133002281189,0.028686735779047012,0.0,0.002312207128852606,0.06126977130770683,0.05038787052035332,0.0,0.08969445526599884,0.04216134548187256,0.04994110018014908,0.04159984737634659,0.0,0.018864477053284645,0.005892908666282892,0.0015530502423644066,0.0,0.010215354152023792,0.0,0.06040140986442566,0.0,0.07604718208312988,0.06986254453659058,0.4827934205532074,0.0,0.014409723691642284,0.012907067313790321,0.0,0.12487588822841644,0.03735458478331566,0.11089113354682922,0.04680125415325165,0.005316391121596098,0.013955466449260712,0.09113581478595734,0.003908901009708643,0.0016317606205120683,0.12237726151943207,0.06734375655651093,0.0,0.0432773120701313,0.01565975695848465,0.12784788012504578,0.22018955647945404,0.005655546206980944,0.0,0.027067096903920174,0.13597017526626587,0.03144078329205513,0.5933448076248169,0.0,0.0,0.1938447803258896,0.03594383969902992,0.16280922293663025,0.11192207038402557,0.0676131322979927,0.0,0.05102578178048134,0.008390040136873722,0.1689782589673996,0.0,0.2903059124946594,0.0,0.017075344920158386,0.028450584039092064,0.17052356898784637,0.13381363451480865,0.1331193894147873,0.0,0.015799587592482567,0.01769283041357994,0.0,0.0,0.0033961557783186436,0.12110140174627304,0.0243268683552742,0.21253356337547302,0.04251869022846222,0.31320956349372864,0.030573677271604538,0.011098763905465603,0.1691335141658783,0.03263891860842705,0.0,0.021875552833080292,0.0,0.0,0.7379063367843628,0.0,0.0,0.0024569868110120296,0.0,0.0,0.0020093275234103203,0.05425392463803291,0.0,0.0,0.001979398773983121,0.0,0.0,0.0,0.018907271325588226,0.07643307000398636,0.056170202791690826,0.0018469333881512284,0.0,0.0,0.0,0.0,0.0,0.0031019782181829214,0.0,0.0,0.24080145359039307,0.0,0.10736172646284103,0.09085492789745331,0.25983092188835144,0.0,0.0,0.0,0.05476299673318863,0.0076739429496228695,0.0,0.0,0.0,0.0,0.0,0.0,0.08818132430315018,0.04210565239191055,0.0014761006459593773,0.0,0.5191018581390381,0.0,0.0,0.05073482170701027,0.014825232326984406,0.0008556664106436074,0.000877798767760396,0.00043832481605932117,0.0,0.1424231380224228,0.06624902039766312,0.0,0.0,0.0,0.00827895849943161,0.0,0.0,0.04083162173628807,0.0,0.0,0.16658397018909454,0.0,0.0,0.0,0.0,0.0,0.1335553377866745,0.0,0.07944431900978088,0.025095520541071892,0.0,0.034955404698848724,0.0,0.0,0.0,0.0,0.02067718096077442,0.0,0.0,0.050403695553541183,0.0,0.0,0.0,0.0,0.0,0.0,0.0,0.0,0.0,0.0,0.022974317893385887,0.0,0.04893528297543526,0.0,0.018628111109137535,0.10049132257699966,0.004907151684165001,0.008817081339657307,0.01154528371989727,0.15894469618797302,0.0,0.0004387223452795297,0.0,0.11199793964624405,0.0,0.0,0.0,0.015964051708579063,0.002127927727997303,0.0,0.0,0.0,0.007513930089771748,0.0004717200936283916,0.0,0.0,0.09919695556163788,0.0,0.006677874829620123,0.04616565629839897,0.0027604829519987106,0.0,0.0,0.022308459505438805,0.0,0.0,0.0,0.0,0.016983654350042343,0.0,0.001880210591480136,0.22000958025455475,0.0,0.0,0.09630186855792999,0.21689830720424652,0.021767208352684975,0.0,0.00224269344471395,0.00017529845354147255,0.0,0.0,0.026940973475575447,0.0,0.0216530729085207,0.0,0.0,0.03854013606905937,0.013105589896440506,0.0,0.0,0.0,0.14096887409687042,0.0,0.027363717555999756,0.17756463587284088,0.007195606362074614,0.0,0.0,0.0,0.02762702852487564,0.004873143043369055,0.0,0.0,0.0,0.0,0.0,0.015148147009313107,0.03029657155275345,0.0,0.0,0.0,0.01669805310666561,0.02213035523891449,0.013052639551460743,0.0,0.0,0.0008625613409094512,0.12503767013549805,0.023016000166535378,0.08380679786205292,0.0017957616364583373,0.0,0.012950737029314041,0.0,0.006424999795854092,0.19033215939998627,0.029051221907138824,0.0,0.00815742276608944,0.0,0.0,0.33300650119781494,0.0,0.003005001228302717,0.0,0.0,0.0,0.0,0.029964260756969452,0.006906076800078154,0.0,0.0018420052947476506,0.0,0.0,0.14188642799854279,0.0,0.0,0.0,0.019867345690727234,0.0034585683606565,0.022969350218772888,0.0,0.08365243673324585,0.0,0.0,0.02177049219608307,0.0,0.0,0.0,0.0,0.02545325830578804,0.018496252596378326,0.20345225930213928,0.0009625601815059781,0.0055891964584589005,0.0,0.0,0.025773681700229645,0.0,0.015139544382691383,0.13318337500095367,0.03841352462768555,0.0,0.2042725682258606,0.07270247489213943,0.00405508279800415,0.0,0.06459291279315948,0.27664339542388916,0.0,0.0428711473941803,0.09161760658025742,0.0003336614463478327,0.0,0.007958365604281425,0.0023413801100105047,0.0,0.0,0.012113629840314388,0.08133793622255325,0.0,0.05701471492648125,0.0,0.15204717218875885,0.060431286692619324,0.09748832881450653,0.03376992791891098,0.0,0.0,0.0,0.00308269914239645,0.006741078104823828,0.0,0.018352579325437546,0.1913548707962036,0.006063804030418396,0.023250043392181396,0.0,0.0,0.0,0.0,0.0,0.00773122301325202,0.0,0.0,0.0,0.40228527784347534,0.01149220485240221,0.033471424132585526,0.0,0.18877345323562622,0.0,0.0,0.011165019124746323,0.01456464733928442,0.052120141685009,0.05839451774954796,0.0,0.0,0.0,0.0,0.0,0.0,0.023776168003678322,0.002341117477044463,0.0,0.0066091762855648994,0.0,0.07370737195014954,0.04249131307005882,0.010979223065078259,0.0,0.0,0.0,0.0,0.0,0.0,0.0,0.0,0.0,0.0,0.11392834782600403,0.01149072777479887,0.0,0.0,0.0,0.0,0.0,0.0,0.0,0.015594474039971828,0.0,0.0,0.02074742130935192,0.0,0.0,0.08329864591360092,0.02042226307094097,0.11294765770435333,0.034290414303541183,0.0,0.23924928903579712,0.010471015237271786,0.12070879340171814,0.0,0.0,0.08035839349031448,0.0,0.05343133956193924,0.074702188372612,0.0,0.0345076322555542,0.0031376597471535206,0.0,0.0,0.0,0.0,0.0,0.004141689743846655,0.0,0.050298839807510376,0.0,0.0,0.0,0.122978575527668,0.0,0.0,0.0,0.0,0.008642232045531273,0.09893278032541275,0.01798688806593418,0.005739698186516762,0.0592469796538353,0.0361580066382885,0.0,0.0,0.007552578579634428,0.055217329412698746,0.014507058076560497,0.0,0.3854498267173767,0.045009881258010864,0.0345686674118042,0.0,0.03573031723499298,0.0,0.11906136572360992,0.00130860332865268,0.0,0.0,0.0025914066936820745,0.003342247102409601,0.21281427145004272,0.0935349240899086,0.03988049551844597,0.0,0.010175693780183792,0.07355617731809616,0.0019193303305655718,0.0019640219397842884,0.0,0.05388636514544487,0.0,0.015287483111023903,0.00314271985553205,0.020921844989061356,0.0,0.23700810968875885,0.0,0.0,0.0,0.2765204906463623,0.06855109333992004,0.0065204729326069355,0.0,0.5245682597160339,0.0,0.0047851926647126675,0.0,0.02031240239739418,0.0,0.0,0.0,0.007831142283976078,0.2565612494945526,0.0,0.10898575931787491,0.0,0.0,0.0,0.005692279431968927,0.0,0.009204941801726818,0.00679591903463006,0.0,0.2899085581302643,0.10942123085260391,0.0,0.0,0.0010591065511107445,0.03513804450631142,0.0,0.3686845302581787,0.0,0.0,0.0,0.05081380903720856,0.0,0.1088300496339798,0.08078664541244507,0.06779208034276962,0.11993696540594101,0.01714853011071682,0.0036467290483415127,0.015771500766277313,0.03064206801354885,0.028486814349889755,0.02606106735765934,0.0,0.0,0.19522053003311157,0.013402882032096386,0.041747771203517914,0.006425137631595135,0.02238498255610466,0.10826799273490906,0.2425392121076584,0.0,0.021824946627020836,0.08594084531068802,0.04393036291003227,0.009030517190694809,0.0,0.0,0.04956029728055,0.0,0.0,0.1630256623029709,0.03228649124503136,0.02452421747148037,0.0,0.026959514245390892,0.0,0.0,0.033478520810604095,0.0466381311416626,0.07506179064512253,0.0,0.13955220580101013,0.0009331694454886019,0.004986877553164959,0.0,0.0,0.03677433729171753,0.25415852665901184,0.01750229299068451,0.10226310789585114,0.06168287247419357,0.0,0.0,0.0,0.0,0.0,0.0,0.004109339788556099,0.0,0.0,0.034977566450834274,0.12399572134017944,0.0,0.006943445187062025,0.023941777646541595,0.012194294482469559,0.0,0.1884552240371704,0.0,0.0,0.041637178510427475,0.030618108808994293,0.0,0.021440010517835617,0.0,0.23180162906646729,0.0,0.017010511830449104,0.5308164358139038,0.0,0.024851331487298012,0.0033522588200867176,0.0,0.0,0.0,0.000586489390116185,0.03438377007842064,0.0,0.15200069546699524,0.0,0.0,0.0,0.0,0.014141621999442577,0.004584264941513538,0.0,0.039937809109687805,0.0,0.0013667797902598977,0.0,0.0,0.38792556524276733,0.0,0.0,0.0,0.0,0.0,0.0,0.5811570882797241,0.06006309390068054,0.0,0.011480732820928097,0.0797814130783081,0.0,0.009403927251696587,0.0,0.2019815891981125,0.001470782794058323,0.07849577069282532,0.02261030115187168,0.007073459681123495,0.026778221130371094,0.005270063877105713,0.16960269212722778,0.0,0.013705913908779621,0.0,0.08887647837400436,0.04761917516589165,0.08963838219642639,0.013114992529153824,0.07704681158065796,0.03949110582470894,0.0,0.47055765986442566,0.0,0.0,0.05542191490530968,0.02040315419435501,0.03629157692193985,0.0,0.006343246903270483,0.0,0.06071574240922928,0.15428514778614044,0.0,0.1113588884472847,0.019958529621362686,0.07421575486660004,0.0,0.03949311375617981,0.32440340518951416,0.00785272940993309,0.1543658971786499,0.07306794077157974,0.21212130784988403,0.055739209055900574,0.021326856687664986,0.08944201469421387,0.11515165120363235,0.02037988230586052,0.18685925006866455,0.0,0.0,0.35553959012031555,0.004641041625291109,0.0,0.020705757662653923,0.0,0.0,0.099667027592659,0.00529853580519557,0.006195578724145889,0.0,0.0,0.0046967146918177605,0.0,0.22224348783493042,0.049392394721508026,0.0,0.0,0.014691679738461971,0.0,0.0062827193178236485,0.08759637922048569,0.0022968340199440718,0.08004920929670334,0.0,0.14393706619739532,0.0,0.02966850996017456,0.07948139309883118,0.0,0.04755754396319389,0.0,0.02242468297481537,0.12486355006694794,0.0,0.05624360591173172,0.025745416060090065,0.07301802933216095,0.0,0.12413045763969421,0.04810091853141785,0.012114801444113255,0.0,0.19904638826847076,0.0,0.0,0.0,0.5346962213516235,0.1946595162153244,0.0,0.03480251878499985,0.34928733110427856,0.0,0.0,0.0,0.26177865266799927,0.0,0.019700229167938232,0.0,0.0005979067063890398,0.0,0.0,0.08753462135791779,0.0,0.0,0.14993999898433685,0.04028747230768204,0.0,0.0,0.26879072189331055,0.0,0.0,0.03075559064745903,0.014629082754254341,0.04727180302143097,0.013462884351611137,0.018664110451936722,0.08278760313987732,0.0,0.009221370331943035,0.33620989322662354,0.0,0.0,0.0034090608824044466,0.073288194835186,0.06458581984043121,0.0,0.0866025909781456,0.0,0.0,0.3514251708984375,0.007350012194365263,0.0,0.030828049406409264,0.0,0.0,0.02277262508869171,0.37920403480529785,0.0,0.003444270696491003,0.23042869567871094,0.06309917569160461,0.0,0.07247783988714218,2.562344161560759e-05,0.05620145797729492,0.05244064703583717,0.0,0.0,0.0,0.039396021515131,0.003504826920107007,0.0,0.0,0.05716542899608612,0.08390358090400696,0.008181141689419746,0.19212287664413452,0.003598390845581889,0.02753281593322754,0.019260812550783157,0.0,0.15069766342639923,0.004301363602280617,0.013315320014953613,0.11079873889684677,0.004340720362961292,0.0,0.147761732339859,0.02573729120194912,0.0,0.018328992649912834,0.45177555084228516,0.044227294623851776,0.06358053535223007,0.0,0.0549122616648674,0.1777331680059433,0.038856085389852524,0.10859693586826324,0.0,0.05365025997161865,0.0,0.06633231043815613,0.04309944063425064,0.05243443325161934,0.40867629647254944,0.0,0.37182512879371643,0.0,0.019100889563560486,0.016779277473688126,0.2657148241996765,0.1323012411594391,0.09841819852590561,0.08675285428762436,0.0,0.01926412619650364,0.009417231194674969,0.018774552270770073,0.0,0.025902876630425453,0.035821154713630676,0.0,0.0,0.004439445212483406,0.0,0.14718694984912872,0.0,0.0,0.09402734041213989,0.03883182257413864,0.2668570280075073,0.0,0.0,0.005511888302862644,0.0,0.0,0.000621743209194392,0.41581061482429504,0.0,0.0,0.0,0.0,0.17234890162944794,0.0016519272467121482,0.0,0.0,0.09529337286949158,0.00455412408336997,0.025906391441822052,0.21050210297107697,0.2700958549976349,0.0,0.006477636285126209,0.0018505644984543324,0.0591287836432457,0.0,0.0,0.0,0.0,0.031723156571388245,0.002821898553520441,0.0,0.0,0.004440534859895706,0.01732279174029827,0.13577622175216675,0.03059292398393154,0.0,0.0029593927320092916,0.0,0.006992220878601074,0.0,0.3911381661891937,0.023020410910248756,0.2806253135204315,0.0,0.05477873980998993,0.011188236065208912,0.006859054788947105,0.0,0.04826775938272476,0.0,0.03214022144675255,0.0,0.019915910437703133,0.01979023776948452,0.0,0.009208030998706818,0.0,0.05163710564374924,0.0,0.04589015990495682,0.02875450812280178,0.0,0.0,0.0,0.0,0.0,0.8647562265396118,0.2566460371017456,0.0,0.0,0.037949785590171814,0.005974930711090565,0.03599480912089348,0.03789312392473221,0.09560244530439377,0.0,0.0,0.664527177810669,0.0,0.0,0.0,0.01889895834028721,0.0,0.0,0.0,0.0,0.0,0.0,0.0,0.5203040838241577,0.042541731148958206,0.0,0.04698842018842697,0.0,0.0,0.0,0.0,0.02179347723722458,0.0,0.0063560958951711655,0.29756274819374084,0.02463321015238762,1.0692178010940552,0.0,0.0,0.007996957749128342,0.0,0.0,0.015602018684148788,2.299825429916382,0.01975386217236519,0.0,0.0,0.03454112634062767,0.0,0.0,0.0,0.07905659079551697,0.003694734536111355,0.0,0.5290889739990234,0.0,0.017849218100309372,0.0403461754322052,0.0,0.0,0.0,0.10101839900016785,0.24895213544368744,0.03266815096139908,0.0,0.16394025087356567,0.0,0.0,0.0,0.0,0.0,0.07581491768360138,0.03267095610499382,0.02898135967552662,0.0,0.0,0.21414291858673096,0.016440391540527344,0.0,0.0796087384223938,0.6646900773048401,0.0,0.04272553324699402,0.14952947199344635,0.009547362104058266,0.015163727104663849,0.0,0.0006004226161167026,0.0,0.048998549580574036,0.0,0.0,0.00739094614982605,0.0,0.0,0.017486827448010445,0.0,0.09225984662771225,0.03246817737817764,0.9481683373451233,0.0,0.04387032613158226,0.0,0.00257919542491436,0.03674596920609474,0.0,0.04976876825094223,0.0,0.0,0.6483392119407654,0.0,0.028230708092451096,0.0,0.0,0.0,0.0,0.020515358075499535,0.009957549162209034,0.0,0.0,0.0,0.0,0.0,0.0,0.014918954111635685,0.0,0.0,0.00235899630934,0.0,0.0,0.18121223151683807,0.0,0.08470730483531952,0.0,0.0,0.0,0.0,0.0,0.05013668164610863,0.0,0.0037097476888448,0.02572157420217991,0.0020332408603280783,0.01714317314326763,0.0,0.02988433837890625,0.08497507870197296,0.0,0.04592638462781906,0.014964099042117596,0.0,0.023769889026880264,0.0,0.023987269029021263,0.0,0.0352201834321022,0.0,0.0,0.0,0.03934038057923317,0.0,0.0,0.006133349612355232,0.031583309173583984,0.0,0.0,0.26962119340896606,0.09959619492292404,0.0,0.005450552795082331,0.0,0.00267618871293962,0.023740524426102638,0.0,9.149908873951063e-05,0.05833115056157112,0.027017641812562943,0.0,0.029563581570982933,0.0,0.028229108080267906,0.0,0.0,0.0,0.0524725541472435,0.1832624077796936,0.03441568464040756,0.002311124699190259,0.005791381001472473,0.14154724776744843,0.007953681983053684,0.008797623217105865,0.0,0.27322742342948914,0.08492788672447205,0.08259613066911697,0.011255149729549885,0.0,0.0,0.916416347026825,0.42044582962989807,0.10716407001018524,0.0,0.0,0.0,0.0,0.0,0.023773737251758575,0.011900786310434341,0.5892610549926758,0.01857968047261238,0.10737578570842743,0.0,0.0,0.0,0.007499888073652983,0.049272313714027405,0.0,0.0,0.044955700635910034,0.15543629229068756,0.0,0.005957180168479681,0.32448214292526245,0.011983012780547142,0.496719628572464,0.06489285826683044,0.0033236646559089422,0.26532700657844543,0.04434243217110634,0.021513305604457855,0.0,0.3756265938282013,0.026598019525408745,0.0,0.004607751499861479,0.0,0.0,0.0,0.09484188258647919,0.0,0.0,0.278718501329422,0.010714488103985786,0.0,0.0,0.05662405863404274,0.015526936389505863,8.026480645639822e-05,0.0,0.0,0.0,0.17579351365566254,0.008006107993423939,0.0,0.0,0.0575900599360466,0.032878387719392776,0.0,0.002881984692066908,0.0,0.0,0.0,0.0016747915651649237,0.012143433094024658,0.1609897017478943,0.013627387583255768,0.0,0.03677575662732124,0.0,0.13892720639705658,0.0,0.0,0.015729203820228577,0.0,0.06027502194046974,0.029210198670625687,0.0,0.0,0.0,0.0,0.0,0.0,0.0,0.0012235784670338035,0.0,0.0,0.0,0.010420776903629303,0.0,0.0,0.0,0.03590713441371918,0.023938722908496857,0.029773518443107605,0.008224043995141983,0.028648000210523605,0.0,0.024563778191804886,0.0,0.1321510523557663,0.01173518318682909,0.03340699523687363,0.07885872572660446,0.11786848306655884,0.0,0.0,0.0,0.006532700732350349,0.0007670462364330888,0.199885293841362,0.0327359139919281,0.01121820230036974,0.0,0.027739228680729866,0.03128163143992424,0.023836184293031693,0.0018628138350322843,0.008465489372611046,0.0,0.0,0.05363483726978302,0.11661951243877411,0.008869637735188007,0.004502198658883572,0.0,0.04442663490772247,0.026729589328169823,0.07514174282550812,0.03612372651696205,0.0,0.0,0.1107201799750328,0.08764459937810898,0.02050328440964222,0.0,0.0,0.006721015088260174,0.0,0.5607798099517822,0.02374614030122757,0.008120783604681492,0.0,0.17565606534481049,0.08097141981124878,0.08977073431015015,0.0,0.09022290259599686,0.0,0.0,0.23776526749134064,0.1928124874830246,0.0,0.08675632625818253,0.0,0.6948792934417725,0.0,0.0,0.008520749397575855,0.010992195457220078,0.00967613235116005,0.011489654891192913,0.0,0.0,0.06355060636997223,0.0016455698059871793,0.17478704452514648,0.0,0.0835966169834137,0.0,0.00011412859021220356,0.0,0.11460616439580917,0.14260368049144745,0.0,0.03791797533631325,0.15396296977996826,0.0,0.03932672366499901,0.010057625360786915,0.0,0.0,0.10601231455802917,0.04079405963420868,0.007789182476699352,0.0,0.021352043375372887,0.21991834044456482,0.02091073989868164,0.0,0.0,0.045587848871946335,0.19861602783203125,0.0018453407101333141,0.0,0.0,0.01703823357820511,0.0,0.012442848645150661,0.008810998871922493,0.15330564975738525,0.003419165499508381,0.0662316307425499,0.0,0.08573190867900848,0.6862831711769104,0.07213194668292999,0.07258441299200058,0.007165804039686918,0.08907654881477356,0.0364350788295269,0.0,0.0,0.004271118436008692,0.03711402416229248,0.01374491211026907,0.045051053166389465,0.01839483343064785,0.03655602037906647,0.003980742301791906,0.46923163533210754,0.15895891189575195,0.0,0.046820055693387985,0.00435507670044899,0.19801057875156403,0.34729236364364624,0.04078901186585426,0.02932444028556347,0.6119771003723145,0.023702800273895264,0.7833644151687622,0.05843162536621094,0.001870117150247097,0.0,0.0,0.08048994094133377,0.0,0.06593411415815353,0.0,0.0023389053530991077,0.02249871753156185,0.0,0.021337566897273064,1.2760447263717651,0.1854037493467331,0.04606010764837265,0.0,0.06209743022918701,0.0,0.05480426177382469,0.03147651627659798,0.0023789883125573397,0.0,0.33840957283973694,0.06138940900564194,0.03943074122071266,0.021948151290416718,0.0,0.0,0.06455881893634796,0.0,0.13856595754623413,0.052601467818021774,0.0,0.24321910738945007,0.0013442945200949907,0.0408715195953846,0.0,0.001836669398471713,0.0,0.0,0.5687598586082458,0.34465670585632324,0.0,0.07204453647136688,0.19442683458328247,0.033929552882909775,0.11753008514642715,0.005981190130114555,0.03290538117289543,0.029265861958265305,0.010263011790812016,0.011021081358194351,0.0,0.019459642469882965,0.0,0.06882108002901077,0.0008313179132528603,0.08152620494365692,0.09556961804628372,0.002389240311458707,0.0,0.030467884615063667,0.0197745468467474,0.02379409782588482,0.2689485549926758,0.0055726696737110615,0.0,0.14488272368907928,0.0,0.026545530185103416,0.09461146593093872,0.0010366726201027632,0.05868182331323624,0.0,0.0,0.0022317063994705677,0.43484076857566833,0.0,0.07033293694257736,0.020533159375190735,0.0,0.0,0.0,0.013250162824988365,0.0,0.0,0.028063243255019188,0.014399208128452301,0.04086536914110184,0.004740443080663681,0.06816921383142471,0.0,0.7904472947120667,0.08603371679782867,0.0003283643745817244,0.20255985856056213,0.07728999853134155,0.007013408467173576,0.0009018564014695585,0.0,0.02977718785405159,0.0,0.014756743796169758,0.05621663108468056,0.027269192039966583,0.00652491208165884,0.0,0.0,0.0,0.02237376756966114,0.0,0.10419347137212753,0.06427820026874542,0.04629833996295929,0.026439514011144638,0.13084529340267181,0.08752096444368362,0.039938975125551224,0.060359887778759,0.0245894193649292,0.0,0.12133369594812393,0.0,0.0031174588948488235,0.0,0.024493083357810974,0.00851449090987444,0.0,0.08522357791662216,0.2991565763950348,0.0,0.0,0.0,0.04303598403930664,0.0,0.0,0.04897177219390869,0.0014897894579917192,0.007534535136073828,0.13028967380523682,0.016868431121110916,0.0,0.029858000576496124,0.0,0.0,0.0074805403128266335,0.0,0.025751624256372452,0.28442806005477905,0.013343962840735912,0.4565486013889313,0.02217959612607956,0.0319005623459816,0.24788813292980194,0.0,0.007027007173746824,0.0,0.0,0.0,0.0,0.0789300724864006,0.48166438937187195,0.0,0.015168879181146622,0.0,0.0,0.008760347031056881,0.0,0.005310561507940292,0.003421437693759799,0.0,0.49618613719940186,0.0,0.005339160095900297,0.0,0.0,0.18773548305034637,0.008939865045249462,0.0,0.0,0.0,0.16764098405838013,0.014072311110794544,0.05697178840637207,0.0024306701961904764,0.0,0.01823573373258114,0.024324193596839905,0.0,0.0035256207920610905,0.06348821520805359,0.032081350684165955,0.021417133510112762,0.010243472643196583,0.0,0.0,0.044078197330236435,0.0,0.027097415179014206,0.0,0.0,0.010540642775595188,0.06085261330008507,0.0676693245768547,0.0013813829282298684,0.02840997464954853,0.09467111527919769,0.07468797266483307,0.0,0.02733815275132656,0.4894521236419678,0.010554144158959389,0.2672487497329712,0.041851356625556946,0.1576807051897049,0.024203088134527206,0.31695878505706787,0.0,0.006917029619216919,0.0,0.04617466777563095,0.02315647341310978,0.002921472303569317,0.0,0.016309328377246857,0.0,0.03639959916472435,0.012066109105944633,0.086643286049366,0.008093155920505524,0.4185982644557953,0.023899191990494728,0.05360742658376694,0.0,0.0,0.05192248523235321,0.012759680859744549,0.06535427272319794,0.03133826330304146,0.0,0.0012349069584161043,0.013587326742708683,0.0,0.021213172003626823,0.06396570056676865,0.010074615478515625,0.0065357922576367855,0.012833449989557266,0.03231758996844292,0.02298886515200138,0.04709450155496597,0.0,0.0,0.002073545940220356,0.06432025134563446,0.0776936262845993,0.7823472619056702,0.0,0.0,0.0,0.0,0.0,0.0909314751625061,0.0,0.0,0.0,0.0,0.0,0.008975762873888016,0.14094848930835724,0.0,0.012491848319768906,0.15778544545173645,0.009496496059000492,0.2157423347234726,0.022370267659425735,0.12335488945245743,0.0,0.15963596105575562,0.0,0.0,0.005456737242639065,0.014612975530326366,0.01208654884248972,0.0,0.2721356451511383,0.0,0.0,0.10717882961034775,0.0,2.5183559046126902e-05,0.0,0.0,0.0,0.0,0.028300447389483452,0.04512295871973038,0.012422020547091961,0.0,0.0,0.01214505359530449,0.01660783961415291,0.0,0.006320533808320761,0.12513194978237152,0.01719970628619194,0.06295958161354065,0.08363103121519089,0.0,0.047695741057395935,0.0,0.0,0.0,0.14887474477291107,0.0,0.0,0.04855368286371231,0.0,0.00670212646946311,0.0,0.0,0.05447886139154434,0.0,0.0,0.0,0.0,0.0,0.0,0.01352204754948616,0.0026800716295838356,0.02500741183757782,0.594499945640564,0.0,0.015187624841928482,0.0042833792977035046,0.0,0.0013221479021012783,0.1680571585893631,0.0,0.12999562919139862,0.3220062553882599,0.0,0.0,0.00115601543802768,0.0,0.0016845971113070846,0.0,0.0,0.44862356781959534,0.0,0.0,0.0,0.0,0.0,0.3747437000274658,0.09774047881364822,0.012343364767730236,0.0,0.006760850083082914,0.1383056789636612,0.3335835635662079,0.0,0.0,0.0066757239401340485,0.0,0.0,0.0019909730181097984,0.0,0.0,0.01322872657328844,0.0011640512384474277,0.0,0.0,0.0,0.24829058349132538,0.0,0.04919800907373428,0.01811218075454235,0.01632474735379219,0.0,0.3229967951774597,0.17748770117759705,0.0,0.10938242822885513,0.004367966670542955,0.0,0.0,0.003246271051466465,0.05104730650782585,0.0,0.0,0.0485285222530365,0.0,0.03450808674097061,0.026166677474975586,0.012840415351092815,0.0,0.0004903697990812361,0.0013578617945313454,0.16087013483047485,0.012948224321007729,0.009307119064033031,0.0023195575922727585,0.0,0.06010635942220688,0.029788635671138763,0.05454292893409729,0.0572509802877903,0.0,0.0,0.00253763678483665,0.04571149870753288,0.0,0.0,0.02853780798614025,0.0,0.009506788104772568,0.0,0.0,0.0,0.0,0.0,0.016149606555700302,0.0,0.0,0.0,0.06757804751396179,0.07753358036279678,0.047610584646463394,0.005000106059014797,0.028151655569672585,0.0012900733854621649,0.0,0.0,0.3375104069709778,0.0,0.05821697413921356,0.049906644970178604,0.007889892905950546,0.0,0.34704238176345825,0.015519892796874046,0.03796927258372307,0.0007643210701644421
0.0,0.009172309190034866,0.35770469903945923,0.003101180773228407,0.0,0.0,0.024455618113279343,0.010839891619980335,0.0,0.086632139980793,0.0,0.059634752571582794,0.02056501805782318,0.25913241505622864,0.09962156414985657,0.157377228140831,0.006152789574116468,0.02239622361958027,0.0,0.23429445922374725,0.02669486030936241,0.0,0.0526384674012661,0.15849220752716064,0.05671604722738266,0.11598456650972366,0.0,0.0,0.0,0.005407539661973715,0.4405535161495209,0.09840009361505508,0.007024605292826891,0.0,0.22929996252059937,0.20368532836437225,0.0035029291175305843,0.03260883688926697,0.0,0.11791236698627472,0.292080283164978,0.0,0.006135184783488512,0.11360692977905273,0.4852070212364197,0.015943000093102455,0.04141649603843689,0.0,0.22885583341121674,0.0,0.0,0.1656629592180252,0.0,0.148024782538414,0.040727466344833374,0.0,0.0,0.0,0.09268596023321152,0.0025675438810139894,0.009057926945388317,0.43729573488235474,0.07896444201469421,0.0,0.0,0.35574889183044434,0.12244384735822678,0.01295702438801527,0.07051931321620941,0.0021354223135858774,0.24696853756904602,0.0,0.017209123820066452,0.10623876750469208,0.0002789878926705569,0.11670006066560745,0.3939545154571533,0.003939883317798376,0.15931840240955353,0.422465980052948,0.0,0.08369140326976776,0.0,0.0937846377491951,0.010116953402757645,0.27725058794021606,0.0434444323182106,0.0,0.0,0.013328917324543,0.017656810581684113,0.007871398702263832,0.20432239770889282,0.5030742287635803,0.01422430295497179,0.15215177834033966,0.05631444603204727,0.0,0.0,0.0,0.0196093562990427,0.04612235724925995,0.1425454169511795,0.019041113555431366,0.07676047086715698,0.01959799975156784,0.02114441618323326,0.0,0.0017586707836017013,0.003481307066977024,0.033973678946495056,0.031328216195106506,0.0,0.17447252571582794,0.003958520945161581,0.4147862195968628,0.0,0.08805503696203232,0.0,0.16460929811000824,0.011767528019845486,0.0037245345301926136,0.3472181558609009,0.03788073733448982,0.003376011736690998,0.0038691170047968626,0.2285400629043579,0.024353554472327232,0.14946448802947998,0.00312447315081954,0.12662512063980103,0.0,0.024947112426161766,0.005672271363437176,0.05361785739660263,0.07954688370227814,0.006808137986809015,0.0,0.004236442036926746,0.0,0.10545144975185394,0.038838230073451996,0.0,0.03471668064594269,0.20281395316123962,0.0,0.01416762825101614,0.28256773948669434,0.027720654383301735,0.07038000226020813,0.05151556059718132,0.0,0.05421001464128494,0.06451501697301865,0.0,0.028552018105983734,0.007423660717904568,0.03320363163948059,0.16060912609100342,0.09190847724676132,0.002796758431941271,0.009950120002031326,0.02418828010559082,0.3846980929374695,0.10657960921525955,0.0,0.25952935218811035,0.002993271453306079,0.13391275703907013,0.38215702772140503,0.14334523677825928,0.04369432106614113,0.0725821852684021,0.2157987654209137,0.049804724752902985,0.04148593917489052,0.562175989151001,0.006745236925780773,0.0,0.27604830265045166,0.0,0.0,0.05293552950024605,0.025066332891583443,0.011037427932024002,0.3002989590167999,0.17195644974708557,0.056137725710868835,0.05635068565607071,0.261068731546402,0.03132035955786705,0.05869884043931961,0.0,0.002164807403460145,0.016554681584239006,0.03105812333524227,0.03525732830166817,0.020317187532782555,0.2789771556854248,0.0024343919940292835,0.15644098818302155,0.03332784026861191,0.0,0.168808251619339,0.0,0.015346579253673553,0.059789467602968216,0.020621027797460556,0.0589296855032444,0.11470859497785568,0.1402939260005951,0.013737563975155354,0.22536514699459076,0.0,0.018155168741941452,0.024315781891345978,0.05663658306002617,0.02899768576025963,0.0,0.022589078173041344,0.05191453546285629,0.016424929723143578,0.20255863666534424,0.1749330461025238,0.0026082396507263184,0.20689670741558075,0.010001449845731258,0.01128859631717205,0.11439860612154007,0.11601024866104126,0.1452920287847519,0.0,0.23247629404067993,0.061140500009059906,0.11788517236709595,0.27141129970550537,0.0276982169598341,0.08969396352767944,0.04549384117126465,0.009655505418777466,0.0,0.08933275938034058,0.05648684501647949,0.0,0.06799712032079697,0.04705511033535004,0.018545135855674744,0.0783669576048851,0.0,0.00010998726065736264,0.01785597763955593,0.004445972386747599,0.003521482925862074,0.00652840593829751,0.0010536336340010166,0.06115993484854698,0.0,0.07784702628850937,0.0555528923869133,0.42880770564079285,0.0,0.005687587428838015,0.019316351041197777,0.0,0.1093996986746788,0.03177041932940483,0.08029356598854065,0.059862829744815826,0.008295884355902672,0.023890815675258636,0.11119446158409119,0.009369864128530025,0.0051978351548314095,0.12066423147916794,0.06804265826940536,0.0,0.043659452348947525,0.021709145978093147,0.14580461382865906,0.19607196748256683,0.012236066162586212,0.0,0.030660150572657585,0.1779973804950714,0.02276080660521984,0.6507053971290588,0.0,0.0,0.18068251013755798,0.05148321017622948,0.15662050247192383,0.10377080738544464,0.07767437398433685,0.0,0.054455772042274475,0.024248575791716576,0.20040512084960938,0.0,0.277670294046402,0.0,0.0219992995262146,0.04032548889517784,0.16289624571800232,0.13926182687282562,0.1454576551914215,0.0,0.023536069318652153,0.0128901032730937,0.0,0.0,0.0,0.1640789806842804,0.03624001890420914,0.1827072948217392,0.0585906021296978,0.35558193922042847,0.03835609182715416,0.00762645248323679,0.17001289129257202,0.023279443383216858,0.0,0.04340090602636337,0.0,0.0,0.6536036133766174,0.0,0.0,0.02077748253941536,0.0,0.0,0.0031266307923942804,0.05850519612431526,0.0,0.0,0.0,0.0,0.0,0.0,0.0070951241068542,0.09926629811525345,0.12687991559505463,0.0,0.0,0.00023231566592585295,0.0,0.0,0.0,0.0016467237146571279,0.0,0.0,0.19688163697719574,0.008447294123470783,0.11184078454971313,0.03189737722277641,0.3090566098690033,0.0,0.0,0.0,0.10107967257499695,0.008276346139609814,0.008697761222720146,0.0,0.0,0.0,0.0,0.0,0.09363078325986862,0.07511326670646667,0.0,0.0,0.5360426902770996,0.0,0.0,0.042107511311769485,0.005777809768915176,0.0,0.0006296944338828325,0.0,0.008475949056446552,0.13149167597293854,0.07441801577806473,0.0024836421944200993,0.0,0.0,0.01629265956580639,0.0,0.0,0.040943555533885956,0.0,0.0015070390654727817,0.24633346498012543,0.0,0.0,0.0,0.0,0.0,0.14430497586727142,0.0,0.09103897958993912,0.012852099724113941,0.006609647069126368,0.012830439023673534,0.0,0.0,0.017162609845399857,0.0,0.011718392372131348,0.0,0.0,0.04411765933036804,0.0,0.0,0.0,0.0,0.01420019194483757,0.0,0.0,0.0,0.0,0.0,0.027706943452358246,0.0,0.06547901034355164,0.0,0.011706755496561527,0.14986926317214966,0.007369203958660364,0.005119491368532181,0.012174754403531551,0.17436879873275757,0.0,0.0,0.0,0.11309610307216644,0.0,0.0,0.0,0.013044300489127636,0.0,0.0,0.0,0.0,0.0008503717253915966,0.0232527032494545,0.0,0.0,0.06357923150062561,0.0,0.01478931400924921,0.06716785579919815,0.006035199388861656,0.0,0.0,0.05028127506375313,0.0,0.004331238102167845,0.0,0.0,0.030432982370257378,0.0,0.0,0.21691936254501343,0.0,0.0,0.09933862835168839,0.2484937161207199,0.040926095098257065,0.0,0.0,0.0,0.0,0.0,0.026356332004070282,0.0,0.019351113587617874,0.0,0.0,0.01863790675997734,0.060040369629859924,0.0,0.0,0.0,0.15621991455554962,0.0016369748627766967,0.06805240362882614,0.2202058732509613,0.0060396455228328705,0.0,0.0,0.0,0.013231716118752956,0.0,0.0,0.0,0.0,0.0,0.0,0.01717507280409336,0.04637677222490311,0.0,0.0,0.0,0.01359188836067915,0.03556273877620697,0.015760773792862892,0.0,0.0,0.0,0.1560123860836029,0.016595877707004547,0.022433938458561897,0.017601944506168365,0.0,0.003989745397120714,0.0,0.0007783395703881979,0.16352543234825134,0.04258544743061066,0.0,0.005762591492384672,0.0,0.0,0.5057224035263062,0.0,0.005013876128941774,0.0005050516338087618,0.0,0.0,0.0,0.029024530202150345,0.03094985894858837,0.0,0.006310541648417711,0.0,0.0,0.121408611536026,0.0,0.0,0.0,0.029706187546253204,0.011444693431258202,0.05678103491663933,0.0,0.13461413979530334,0.0,0.0,0.016795970499515533,0.0,0.00527889234945178,0.0,0.0,0.040998391807079315,0.0042200516909360886,0.22141717374324799,0.0,0.003949265461415052,0.0,0.0,0.017607979476451874,0.0,0.0,0.11168117821216583,0.050491515547037125,0.0,0.20072296261787415,0.06567050516605377,0.0,0.0,0.08154016733169556,0.2787712514400482,0.0,0.026139454916119576,0.07954495400190353,0.0,0.0,0.028886010870337486,0.0019689726177603006,0.005069421604275703,0.0,0.0048450445756316185,0.10795500874519348,0.0,0.07808838039636612,0.0,0.15566378831863403,0.03438948839902878,0.1071610227227211,0.011582937091588974,0.0,0.0,0.0,0.0,0.0035854720044881105,0.0,0.0027574063278734684,0.1702515184879303,0.007624279707670212,0.05919991433620453,0.0,0.0,0.0,0.0,0.0,0.016241714358329773,0.0,0.0,0.0,0.46039173007011414,0.007283007726073265,0.03808709979057312,0.0,0.10060355812311172,0.0,0.0,0.014515072107315063,0.017256980761885643,0.01878821849822998,0.09445264935493469,0.0,0.0,0.0,0.0,0.0,0.0,0.01907562091946602,0.007975866086781025,0.0,0.007578948047012091,0.0,0.0658358633518219,0.04264383018016815,0.0075814388692379,0.0,0.0,0.0,0.0,0.0,0.002215831307694316,0.0,0.0,0.0,0.0,0.14271025359630585,0.012182875536382198,0.0,0.0,0.0,0.0,0.021995918825268745,0.0,0.0,0.01234448328614235,0.0,0.0,0.0075332242995500565,0.0,0.0,0.08574046939611435,0.0,0.13067874312400818,0.024522356688976288,0.0,0.25711527466773987,0.012037264183163643,0.0959712490439415,0.018058208748698235,0.0,0.13369421660900116,0.0,0.036837074905633926,0.08884928375482559,0.0,0.04968367516994476,0.0036658046301454306,0.0,0.0,0.0,0.0,0.0,0.0069383252412080765,0.0,0.05676541477441788,0.0,0.0,0.0,0.05106210708618164,0.0005669092643074691,0.0,0.0,0.0,0.02468499168753624,0.12319667637348175,0.006506206002086401,0.013093989342451096,0.06483051180839539,0.05337100476026535,0.0,0.0,0.00017800956266000867,0.04401535168290138,0.0,0.0,0.3894462585449219,0.05631576478481293,0.008840932510793209,0.0,0.03598533570766449,0.0,0.13867954909801483,0.0047245146706700325,0.0,0.0012194042792543769,0.0,0.013008308596909046,0.1938956379890442,0.13664193451404572,0.027175527065992355,0.0,0.00963406078517437,0.07285934686660767,0.0008816170739009976,0.0,0.0,0.0447109118103981,0.004566528834402561,0.025495070964097977,0.0,0.08062160760164261,0.0,0.2485312968492508,0.0,0.0,0.0,0.2554507553577423,0.07100013643503189,8.444189916190226e-06,0.03533357009291649,0.5499416589736938,0.0,0.022753238677978516,0.0,0.004524309188127518,0.0,0.0,0.0,0.01417804230004549,0.22037987411022186,0.0,0.14122509956359863,0.0,0.0,0.007175758946686983,0.0097157908603549,0.0,0.0,0.0027007681783288717,0.0,0.24836406111717224,0.07647700607776642,0.0,0.0,0.004104435443878174,0.057677801698446274,0.0,0.3479972779750824,0.0,0.0,0.0,0.05364525690674782,0.0,0.10298892855644226,0.058693237602710724,0.07095883041620255,0.15418091416358948,0.016151273623108864,0.008608579635620117,0.0022542846854776144,0.030709553509950638,0.035879284143447876,0.014569283463060856,0.0,0.0,0.2118355631828308,0.012404460459947586,0.04083004593849182,0.0,0.012694423086941242,0.14494799077510834,0.26629042625427246,0.0,0.030202962458133698,0.028159935027360916,0.0666787251830101,0.0020486628636717796,0.0,0.0,0.06510032713413239,0.0,0.007825367152690887,0.11235016584396362,0.03819659724831581,0.031718019396066666,0.0,0.025963978841900826,0.0,0.0,0.026842502877116203,0.07365530729293823,0.0850820317864418,0.0,0.1804521381855011,0.0,0.0,0.0,0.001043153228238225,0.08467016369104385,0.2627601623535156,0.03185631334781647,0.11216331273317337,0.05648105591535568,0.0,0.0,0.0009975028224289417,0.0,0.0,0.000610686547588557,0.016314318403601646,0.0,0.0,0.011794681660830975,0.1338706761598587,0.0,0.0,0.04051150381565094,0.005708625540137291,0.0,0.20912428200244904,0.0,0.004654857330024242,0.045945826917886734,0.034065864980220795,0.0,0.03742756322026253,0.0015487027121707797,0.23539039492607117,0.0,0.015548481605947018,0.5406941771507263,0.0,0.022113637998700142,0.006208052858710289,0.0,0.0,0.0,0.005418607033789158,0.04084711894392967,0.0,0.13880285620689392,0.0006594303413294256,0.0,0.002520400332286954,0.0,0.010174088180065155,0.008217005990445614,0.0,0.02262471243739128,0.003447345457971096,0.007713722065091133,0.0049086809158325195,0.0,0.38126140832901,0.0,0.0,0.0,0.0005083048599772155,0.0,0.0,0.573634684085846,0.06398117542266846,0.02068597823381424,0.03626374155282974,0.08159647136926651,0.0,0.01110884640365839,0.0,0.22068344056606293,0.01648867316544056,0.04346601665019989,0.011578376404941082,0.015322952531278133,0.007596496492624283,0.006954491138458252,0.14942912757396698,0.0,0.007417276035994291,0.0,0.09981802105903625,0.03757936507463455,0.07585984468460083,0.011179191991686821,0.0666876807808876,0.04142660275101662,0.0,0.480711966753006,0.0,0.0,0.05535277724266052,0.025279870256781578,0.07133374363183975,0.0,0.0004616457154043019,0.0,0.05264630168676376,0.10884830355644226,0.0,0.1387958973646164,0.025868281722068787,0.09052276611328125,0.0,0.026904644444584846,0.3554406762123108,0.008828549645841122,0.15064993500709534,0.08917248994112015,0.1735486090183258,0.050091229379177094,0.023983221501111984,0.11291953921318054,0.15345630049705505,0.021313272416591644,0.22756801545619965,0.0,0.0,0.3835642337799072,0.01491953618824482,0.0,0.026976296678185463,0.0,0.0,0.10223789513111115,0.0,0.007300820201635361,0.006160095799714327,0.0,0.005253287963569164,0.0,0.24718508124351501,0.057589687407016754,0.0,0.0,0.018977072089910507,0.0,0.0007453352445736527,0.0991644412279129,0.004434071946889162,0.07608827948570251,0.0,0.13888712227344513,0.0038974927738308907,0.026687854900956154,0.04775835946202278,0.0,0.038461729884147644,0.0,0.03696785122156143,0.15525579452514648,0.0,0.06949487328529358,0.024479152634739876,0.1409139782190323,0.0,0.09649534523487091,0.04403792321681976,0.0018837165553122759,0.0,0.1637054681777954,0.0,0.0,0.008073979988694191,0.4755431115627289,0.15693092346191406,0.0,0.008459184318780899,0.36123207211494446,0.0,0.005247657187283039,0.0,0.2565995752811432,0.0,0.05211285501718521,0.0,0.0,0.0,0.0,0.10118638724088669,0.0,0.0,0.17627839744091034,0.03949316218495369,0.0,0.0,0.28817737102508545,0.0,0.0062406943179667,0.03363298997282982,0.02605460211634636,0.06077723577618599,0.0371478833258152,0.016295617446303368,0.06684350222349167,0.0,0.0,0.29403868317604065,0.0,0.0,0.01903778500854969,0.08906258642673492,0.07676941156387329,0.0,0.10008271038532257,0.0,0.0,0.3683752119541168,0.0,0.0,0.023668168112635612,0.0,0.0,0.03127828985452652,0.38980618119239807,0.0,0.003269467270001769,0.2651441693305969,0.04690059646964073,0.020947104319930077,0.08836108446121216,0.0,0.06347399204969406,0.03233319893479347,0.0,0.0,0.0,0.07312989234924316,0.011806467548012733,0.0,0.012717089615762234,0.06605497747659683,0.06968841701745987,0.02429080568253994,0.17862676084041595,0.0046500228345394135,0.02774444781243801,0.010950248688459396,0.0,0.1906680464744568,0.0052530597895383835,0.007783474866300821,0.09292047470808029,0.012724032625555992,0.0,0.1635834127664566,0.053565554320812225,0.0,0.01247431617230177,0.42819932103157043,0.08868055045604706,0.056443605571985245,0.0,0.056969042867422104,0.15655529499053955,0.053386278450489044,0.0721273198723793,0.0,0.06494718790054321,0.006038821768015623,0.050947412848472595,0.03680194914340973,0.07154242694377899,0.4189687669277191,0.0,0.39579832553863525,0.0,0.0010688931215554476,0.01287026796489954,0.2923195958137512,0.12390615791082382,0.1551560014486313,0.11449436843395233,0.0,0.006559406407177448,0.008590588346123695,0.017830882221460342,0.0,0.04210345447063446,0.03010302595794201,0.0,0.0,0.0015472137602046132,0.0,0.07112386077642441,0.0,0.0,0.1029888316988945,0.03713434189558029,0.25333771109580994,0.0,0.0,0.002498067682608962,0.0,0.0,0.0,0.4370487630367279,0.0,0.0,0.0,0.0,0.16869382560253143,0.0,0.0,0.0,0.08079463988542557,0.003938598558306694,0.014772016555070877,0.2676829695701599,0.2498844563961029,0.0,0.009428164921700954,0.003400433110073209,0.046916961669921875,0.0,0.0,0.0,0.0,0.042690668255090714,0.006619262509047985,0.0,0.0,0.01364775188267231,0.006151692941784859,0.13274678587913513,0.183454692363739,0.0,0.0016390800010412931,0.0,0.00663897255435586,0.0,0.3486168384552002,0.013827993534505367,0.2940986156463623,0.0,0.06185022369027138,0.004414599388837814,0.0,0.0,0.04075319692492485,0.0,0.01627669483423233,0.0,0.01347461249679327,0.01861029677093029,0.0,0.01280908565968275,0.0,0.06807896494865417,0.0,0.05269418656826019,0.019010545685887337,0.0,0.0,0.0,0.0,0.0,0.8384454846382141,0.2133152037858963,0.0,0.0,0.02604692056775093,0.0,0.0022881985642015934,0.03152172267436981,0.08194790035486221,0.0,0.0,0.6333215832710266,0.0,0.0,0.0,0.0022932481952011585,0.0,0.0,0.0,0.0,0.0,0.0,0.0,0.4569227695465088,0.02954394370317459,0.0,0.04585546627640724,0.0,0.006253440398722887,0.0036228769458830357,0.0,0.0,0.0,0.013558914884924889,0.2208818644285202,0.025677675381302834,1.2247350215911865,0.0,0.0,0.005138912238180637,0.0,0.0,0.017976054921746254,2.2840323448181152,0.05239409580826759,0.0,0.0,0.0298632699996233,0.0,0.0,0.0,0.012781438417732716,0.0004065871180500835,0.0,0.5668083429336548,0.0,0.014903584495186806,0.03325406089425087,0.0,0.0,0.0,0.06526800245046616,0.2075924426317215,0.04639563709497452,0.0,0.14464835822582245,0.0,0.0,0.0,0.0,0.0,0.08990439772605896,0.022217977792024612,0.02408713847398758,0.0,0.0,0.19148485362529755,0.01862947642803192,0.02608855813741684,0.03094434179365635,0.5362098813056946,0.0,0.018253367394208908,0.1819109469652176,0.0,0.007767675910145044,0.0,0.0006251463200896978,0.0,0.03144442290067673,0.0,0.0,0.008406938053667545,0.0,0.0,0.0026887368876487017,0.0,0.13116951286792755,0.027795597910881042,0.8735033273696899,0.0,0.03940533101558685,0.004203150048851967,0.0013123202370479703,0.022444183006882668,0.0,0.0405043326318264,0.0,0.0,0.6840271949768066,0.0,0.026594270020723343,0.0,0.0,0.0,0.0,0.03127416968345642,0.015504059381783009,0.0,0.0,0.0,0.0,0.0,0.0,0.0,0.0,0.0,0.0,0.0,0.0033339024521410465,0.19223655760288239,0.0,0.08893229812383652,0.0,0.0,0.0,0.0022987620905041695,0.0,0.04816442355513573,0.0,0.00021554708655457944,0.08873309940099716,0.009291836060583591,0.000863536901306361,0.0,0.02071336656808853,0.15157999098300934,0.0,0.06634242832660675,0.013553550466895103,0.0,0.0189723651856184,0.0,0.013368776068091393,0.0,0.026582026854157448,0.0,0.0,0.0,0.022877201437950134,0.0,0.0,0.0,0.047711726278066635,0.0,0.00110182526987046,0.3293168544769287,0.08430232107639313,0.0,0.004794107750058174,0.0,0.0,0.017954586073756218,0.0,0.010370147414505482,0.08880515396595001,0.023057330399751663,0.0,0.0130672762170434,0.0,0.05142909660935402,0.0016019052127376199,0.0,0.0015982926124706864,0.11520570516586304,0.1847451627254486,0.0371934212744236,0.0,0.011377429589629173,0.1506965458393097,0.004907714203000069,0.004166750703006983,0.0,0.2852339446544647,0.08641912788152695,0.08366672694683075,0.01443492155522108,0.0,0.0,1.026851773262024,0.4136097729206085,0.08967586606740952,0.0,0.0,0.0,0.0,0.0,0.02444266527891159,0.004168265964835882,0.4680943191051483,0.0015315127093344927,0.14176759123802185,0.0,0.00016563177632633597,0.0,0.014056205749511719,0.05249029025435448,0.0,0.0,0.048986826092004776,0.21044525504112244,0.0,0.025311894714832306,0.26990288496017456,0.009773892350494862,0.4910532832145691,0.05382738634943962,0.013054871931672096,0.24396346509456635,0.029651541262865067,0.03992072492837906,0.0,0.45167601108551025,0.0242439154535532,0.0,0.001262104487977922,0.0,0.0,0.0,0.09466272592544556,0.0,0.005746298469603062,0.29512059688568115,0.030968280509114265,0.0,0.0,0.09805326163768768,0.004308585077524185,0.0,0.0,0.0,0.0,0.21173866093158722,0.005256908014416695,0.0,0.0,0.03467106819152832,0.0,0.0,0.008141126483678818,0.0,0.0,0.0,0.0,0.0,0.25461071729660034,0.010421606712043285,0.0,0.008348498493432999,0.0,0.15934306383132935,0.0,0.0,0.0,0.0,0.05114245414733887,0.016166316345334053,0.0,0.0,0.0,0.0,0.0,0.0,0.0,0.009909200482070446,0.0,0.0,0.0,0.017315905541181564,0.0,0.006112441886216402,0.0,0.04356713220477104,0.0072685908526182175,0.01688377559185028,0.0037121630739420652,0.04396472126245499,0.0,0.03078216128051281,0.0,0.1311466246843338,0.006534080021083355,0.029703602194786072,0.14268137514591217,0.09187521040439606,0.0,0.0,0.0,0.008032470941543579,0.00488693593069911,0.21611736714839935,0.03334162384271622,0.011547785252332687,0.0,0.029909281060099602,0.042672861367464066,0.03888298571109772,0.0,0.034700311720371246,0.0,0.0,0.06360248476266861,0.10535889863967896,0.0,0.012907895259559155,0.0,0.02446010522544384,0.014209124259650707,0.06531896442174911,0.04387747123837471,0.0,0.0,0.12672917544841766,0.1094614565372467,0.013662579469382763,0.0034348415210843086,0.0,0.008244476281106472,0.0,0.5779367685317993,0.010374225676059723,0.010675040073692799,0.0,0.1575300395488739,0.08867840468883514,0.06163213774561882,0.0,0.07684414088726044,0.0,0.0,0.2355046272277832,0.1311032921075821,0.0,0.0788094699382782,0.003612504107877612,0.7654030323028564,0.0,0.0,0.011477015912532806,0.012530999258160591,0.0,0.0032933782786130905,0.0,0.0,0.057029616087675095,0.004732193425297737,0.19399069249629974,0.0,0.07850080728530884,0.0,0.0021574306301772594,0.001906765392050147,0.15994611382484436,0.19814293086528778,0.0,0.015524439513683319,0.1867476850748062,0.0,0.033800505101680756,0.0012152338167652488,0.0,0.0,0.08659438788890839,0.03351477161049843,0.0019431114196777344,0.0,0.025470461696386337,0.24837765097618103,0.008604648523032665,0.0,0.0011112999636679888,0.0337255634367466,0.12706951797008514,0.0,0.0,0.0,0.013889431022107601,0.0002556991530582309,0.008702971041202545,0.015490907244384289,0.12233692407608032,0.0,0.0733911544084549,0.0001747107453411445,0.0771310031414032,0.5848751068115234,0.05818920582532883,0.0844242125749588,0.008815118111670017,0.05986557900905609,0.022150369361042976,0.0,0.0,0.00308351032435894,0.04026966169476509,0.018939200788736343,0.04415108636021614,0.0,0.03140788897871971,0.00035179316182620823,0.37958967685699463,0.1452934443950653,0.0,0.0459723100066185,0.004017628263682127,0.19982032477855682,0.3270469903945923,0.04211827367544174,0.028338812291622162,0.5848386883735657,0.03008514642715454,0.7982352375984192,0.08159378170967102,0.0018352246843278408,0.0,0.0,0.09364769607782364,0.0,0.04561123251914978,0.0,0.0,0.04443914443254471,0.0,0.03399626910686493,1.1693034172058105,0.16981643438339233,0.02482154220342636,0.0,0.056287482380867004,0.0,0.0501338392496109,0.016959426924586296,0.0,0.0,0.3387407958507538,0.04204576462507248,0.054393474012613297,0.009465246461331844,0.0,0.0,0.049743976444005966,0.0,0.10669050365686417,0.046819914132356644,0.0,0.2134513258934021,0.004952516406774521,0.046224698424339294,0.0,0.0011313844006508589,0.008396598510444164,0.0,0.742429256439209,0.3624128997325897,0.00012448668712750077,0.06284384429454803,0.15428639948368073,0.016971461474895477,0.03319183737039566,0.01037746574729681,0.03264187276363373,0.004504261538386345,0.001400725799612701,0.0,0.0,0.01967104710638523,0.0,0.07392653822898865,0.0004840302572119981,0.07762013375759125,0.09433276951313019,0.011723067611455917,0.0,0.055380724370479584,0.024538587778806686,0.028129341080784798,0.18229623138904572,0.009916968643665314,0.0,0.12707650661468506,0.0,0.029476789757609367,0.07801222056150436,0.0,0.050330933183431625,0.000243120186496526,0.0,0.0006205439567565918,0.4065658450126648,0.0,0.06478065252304077,0.01390733104199171,0.0,0.0,0.0,0.023305324837565422,0.0,0.0,0.021048463881015778,0.050863999873399734,0.014121491461992264,0.001274354406632483,0.005028963088989258,0.0,0.6511893272399902,0.11456754058599472,0.005047869868576527,0.20918403565883636,0.08709236234426498,0.0026226097252219915,0.0034957050811499357,0.0,0.054171666502952576,0.0,0.011873072013258934,0.04909747466444969,0.00402302760630846,0.0036981701850891113,0.0,0.0,0.0,0.011079988442361355,0.0,0.10211566835641861,0.041999105364084244,0.03275780379772186,0.022292684763669968,0.14998510479927063,0.0789480209350586,0.0018892311491072178,0.060536809265613556,0.03329513221979141,0.0,0.10223017632961273,0.0,0.0,0.0,0.05032997205853462,0.013534490950405598,0.0016377830179408193,0.07686176151037216,0.2637289762496948,0.0,0.0,0.0,0.03949659690260887,0.0,0.0,0.05398961156606674,0.007159924600273371,0.002055206336081028,0.06289219111204147,0.012955860234797001,0.0,0.00549302576109767,0.0,0.0,0.008443932980298996,0.0,0.02490318939089775,0.23835577070713043,0.0067082359455525875,0.43218761682510376,0.023758528754115105,0.03958481550216675,0.21139758825302124,0.0,0.015917863696813583,0.0,0.0,0.00045817613136023283,0.0,0.13588589429855347,0.42904236912727356,0.008750548586249352,0.011015009135007858,0.0,0.004980076570063829,0.0009334326023235917,0.0,0.001580090494826436,0.0,0.0,0.42089131474494934,0.0,0.010572108440101147,0.0,0.0,0.20816311240196228,0.007080927956849337,0.0,0.0,0.0,0.21598564088344574,0.004502365365624428,0.06626737862825394,0.0,0.0,0.0051947468891739845,0.009893219918012619,0.0,0.0,0.07332634180784225,0.01439579762518406,0.027735939249396324,0.012150254100561142,0.0,0.0,0.046090591698884964,0.0,0.025001458823680878,0.0,0.0,0.02559499256312847,0.06352949142456055,0.08005991578102112,0.00024536967976018786,0.032294996082782745,0.06256555765867233,0.07142405211925507,0.0,0.03284918889403343,0.6385328769683838,0.009347103536128998,0.2691503167152405,0.051643095910549164,0.11152341216802597,0.033922094851732254,0.2526032030582428,0.0,0.0034424162004143,0.0,0.04456160590052605,0.01495068147778511,0.0006060844752937555,0.0,0.025103382766246796,0.0,0.04379082843661308,0.01122963521629572,0.040516819804906845,0.0,0.37108051776885986,0.038731325417757034,0.03638812154531479,0.0,0.0,0.04379349574446678,0.0014933228958398104,0.0580410398542881,0.024534568190574646,0.0,0.019554030150175095,0.03296208754181862,0.0,0.005502188112586737,0.062034860253334045,0.005388438701629639,0.004989905282855034,0.0061919428408145905,0.010093556717038155,0.004609785042703152,0.024503404274582863,0.0,0.0,0.0,0.06556613743305206,0.05598456412553787,0.6952847838401794,0.0,0.0,0.0,0.0,0.0,0.04855917766690254,0.0,0.0,0.0,0.0,0.0,0.003424583002924919,0.1341545134782791,0.0,0.0002294623845955357,0.20383277535438538,0.01421539206057787,0.19911383092403412,0.047226689755916595,0.08812566101551056,0.0,0.18831758201122284,0.0,0.0,0.009463883936405182,0.010787885636091232,0.0015502226306125522,0.0,0.324413537979126,0.0,0.0,0.10048547387123108,0.0,0.0,0.0,0.0,0.0,0.0,0.016974516212940216,0.05048838630318642,0.00760595453903079,0.0,0.0,0.008509602397680283,0.0021972882095724344,0.0,0.005870561581104994,0.06934240460395813,0.01951340213418007,0.04424881935119629,0.06460680812597275,0.0,0.039786361157894135,0.0,0.0,0.0,0.15185075998306274,0.0,0.0021751499734818935,0.0442134290933609,0.0,0.006856895517557859,0.0,0.0,0.03729461878538132,0.0,0.0,0.0,0.0,0.0,0.0,0.008948836475610733,0.004785637836903334,0.015778234228491783,0.5261276364326477,0.0,0.009811658412218094,0.0013089561834931374,0.0018929418874904513,0.005522041115909815,0.1896159052848816,0.0,0.12022240459918976,0.2647113800048828,0.0,0.0,0.020947594195604324,0.0,0.0,0.0,0.0,0.39109641313552856,0.0,0.0,0.0,0.0,0.0,0.37360912561416626,0.1380007416009903,0.0033123004250228405,0.0,0.004857823718339205,0.1273927539587021,0.3179721534252167,0.0,0.0,0.0042249178513884544,0.0,0.0,0.0,0.0,0.0,0.01135955099016428,0.0,0.0,0.0,0.0,0.2845901846885681,0.0,0.02707122080028057,0.03419124707579613,0.02088937722146511,0.0,0.31123974919319153,0.1599186360836029,0.0,0.10375525802373886,0.0,0.0006756072980351746,0.0,0.00351508310995996,0.06420551240444183,0.0,0.0,0.04559662938117981,0.0,0.026387637481093407,0.026853349059820175,0.02519058622419834,0.0,0.016907965764403343,0.0023338748142123222,0.11432882398366928,0.0007616585353389382,0.011409124359488487,0.013043813407421112,0.0,0.08925830572843552,0.03854032978415489,0.06632459908723831,0.07607872784137726,0.0,0.0,0.0037197803612798452,0.05408461391925812,0.0,0.0,0.021924257278442383,0.0,0.015556566417217255,0.0,0.0,0.0,0.0,0.004553771112114191,0.004009553696960211,0.004150355234742165,0.0,0.0,0.05479184165596962,0.0644904300570488,0.06425739824771881,0.007465587928891182,0.015845488756895065,0.0007557576755061746,0.0,0.0,0.2439795285463333,0.0,0.07217442244291306,0.050445556640625,0.0038734758272767067,0.00029539703973568976,0.3026965260505676,0.0027012729551643133,0.059212759137153625,0.0
0.0,0.01513723935931921,0.336451917886734,0.0,0.0,0.0,0.02361919917166233,0.011876966804265976,0.0036213351413607597,0.07991005480289459,0.0026507831644266844,0.08059723675251007,0.02620272897183895,0.26193684339523315,0.0917162299156189,0.16019071638584137,0.011834068223834038,0.02736128866672516,0.0,0.313374400138855,0.07890982925891876,0.0,0.02729996293783188,0.12238842248916626,0.036288000643253326,0.12465739250183105,0.0,0.00025506853125989437,0.0,0.0,0.3936517834663391,0.14237827062606812,0.0,0.0,0.2627260684967041,0.16802120208740234,0.003392269602045417,0.021983804181218147,0.0,0.11126304417848587,0.38439738750457764,0.0,0.0008798277121968567,0.13008347153663635,0.495027631521225,0.015262121334671974,0.04979865998029709,0.0,0.17458078265190125,0.0,0.0,0.18330907821655273,0.00725151551887393,0.12894587218761444,0.021098146215081215,0.0,0.0,0.0,0.09798694401979446,0.0062252855859696865,0.006633386481553316,0.4332927465438843,0.08127860724925995,0.0,0.005194302648305893,0.3238618075847626,0.07897885143756866,0.01864258013665676,0.00430965144187212,0.0,0.17873339354991913,0.01509464718401432,0.008623928762972355,0.11973752081394196,0.0,0.07455342262983322,0.3927595913410187,0.0,0.16100142896175385,0.4041721224784851,0.0,0.09542307257652283,0.0,0.060674287378787994,0.00516913877800107,0.27075880765914917,0.06665387004613876,0.0,0.0,0.03392917290329933,0.007484150119125843,0.013471297919750214,0.2209547460079193,0.5093230605125427,0.011664260178804398,0.20940880477428436,0.02686459571123123,0.0,0.0,0.0,0.018639732152223587,0.04780358821153641,0.11212260276079178,0.013356242328882217,0.07200872898101807,0.009472200646996498,0.031658805906772614,0.0,0.0,0.0058256578631699085,0.032129667699337006,0.010016205720603466,0.0,0.12706924974918365,0.005975148640573025,0.4600833058357239,0.0,0.09142965078353882,0.0,0.1649870127439499,0.01152985543012619,0.004255993291735649,0.3698742389678955,0.047042135149240494,0.014056751504540443,0.0012490499066188931,0.1740085780620575,0.030858643352985382,0.15029209852218628,0.0,0.10717790573835373,0.0,0.051944512873888016,0.018922781571745872,0.05129778012633324,0.07292475551366806,0.0007604479906149209,0.0,0.012054291553795338,0.0,0.11832061409950256,0.049517251551151276,0.0,0.021153418347239494,0.2095281183719635,0.0,0.020457113161683083,0.2787121832370758,0.03946099057793617,0.07998012751340866,0.038028255105018616,0.0,0.053373586386442184,0.08510951697826385,0.0,0.025919625535607338,0.011454586870968342,0.036971546709537506,0.13007721304893494,0.1127895712852478,0.00047319382429122925,0.013106045313179493,0.015118823386728764,0.4552823305130005,0.08109071850776672,0.0,0.2507714033126831,0.0,0.11462528258562088,0.36036261916160583,0.13370102643966675,0.032755717635154724,0.07833237946033478,0.22653599083423615,0.04976814612746239,0.036828331649303436,0.5298641920089722,0.007341974880546331,0.0,0.3195149898529053,0.0,0.0,0.03985505923628807,0.019213184714317322,0.01652931608259678,0.3601234555244446,0.17876899242401123,0.05227276682853699,0.05736251920461655,0.33225497603416443,0.0471004992723465,0.07921051979064941,0.01169629581272602,0.001912608160637319,0.018978798761963844,0.012055077590048313,0.018438125029206276,0.033189453184604645,0.29747259616851807,0.0,0.14234638214111328,0.025456106290221214,0.002635688753798604,0.18316294252872467,0.004888007417321205,0.022811532020568848,0.0412338525056839,0.03941093757748604,0.07323890179395676,0.12308025360107422,0.14292916655540466,0.0,0.21403606235980988,0.0,0.009498820640146732,0.031090572476387024,0.03586097061634064,0.03852185606956482,0.0,0.01582978293299675,0.08016595989465714,0.015834124758839607,0.18480058014392853,0.16960269212722778,0.0,0.18920250236988068,0.008699946105480194,0.026166118681430817,0.08363404870033264,0.0783870667219162,0.17069488763809204,0.0,0.20069794356822968,0.056031256914138794,0.17619802057743073,0.2565577030181885,0.001943874405696988,0.09574320167303085,0.0392923578619957,0.0,0.0010447431122884154,0.05033862218260765,0.09674406051635742,0.0,0.08935987204313278,0.04131420701742172,0.06182090938091278,0.04704831913113594,0.00021703004313167185,0.023848269134759903,0.027947764843702316,0.0011556654935702682,0.003162875073030591,0.007832298055291176,0.007105016615241766,0.05687357485294342,0.0,0.06477661430835724,0.0743682011961937,0.47007355093955994,0.0,0.03826684132218361,0.021678607910871506,0.0,0.11694847792387009,0.030121179297566414,0.12442503124475479,0.07996416836977005,0.00462016835808754,0.02021327055990696,0.054380521178245544,0.007444152608513832,0.0,0.09839306771755219,0.03679094463586807,0.0,0.06241004541516304,0.014986577443778515,0.13704949617385864,0.125065878033638,0.0,0.0,0.013626301661133766,0.14952020347118378,0.01664622873067856,0.629148542881012,0.0,0.0,0.1865275800228119,0.03578352928161621,0.16885784268379211,0.16397491097450256,0.08857288211584091,0.0,0.03008181042969227,0.004709577653557062,0.17119914293289185,0.0,0.284274697303772,0.0,0.019120069220662117,0.05015549808740616,0.17334407567977905,0.13294029235839844,0.14357759058475494,0.0,0.029016748070716858,0.02368418499827385,0.0,0.0,0.0,0.1296776384115219,0.025910623371601105,0.17890271544456482,0.019466586410999298,0.29830044507980347,0.0358913391828537,0.010452556423842907,0.17899774014949799,0.034758809953927994,0.0012516698334366083,0.04012780636548996,0.0,0.0,0.718747615814209,0.0,0.0,0.013274400494992733,0.0,0.0,0.0,0.05263048782944679,0.0,0.0,0.06690391898155212,0.0,0.0,0.0,0.009295699186623096,0.08353482931852341,0.06688490509986877,0.0010611420730128884,0.0,0.0,0.0,0.0,0.0,0.001371757942251861,0.0,0.0,0.16102881729602814,0.0,0.12719760835170746,0.014373320154845715,0.27879342436790466,0.0,0.0,0.0,0.08038950711488724,0.008856246247887611,0.0014466125285252929,0.0,0.0,0.0,0.0,0.0,0.07581068575382233,0.036646533757448196,0.0024393468629568815,0.0,0.4838915765285492,0.0,0.0,0.03872689977288246,0.009745422750711441,0.0,0.0,3.816962271230295e-05,0.0,0.19535942375659943,0.06615561246871948,0.0,0.0,0.004279004875570536,0.012536544352769852,0.0,0.0,0.04862691089510918,0.0,0.0,0.2585225999355316,0.0,0.0,0.0,0.0,0.0,0.12682878971099854,0.0,0.11746862530708313,0.0314609631896019,0.0,0.012281625531613827,0.0,0.0,0.003254459472373128,0.0,0.026240700855851173,0.0,0.0,0.041942253708839417,0.0,0.0,0.0,0.0,0.007030823267996311,0.0,0.0,0.0,0.0,0.0,0.0176409762352705,0.0,0.053202010691165924,0.0,0.012282340787351131,0.15018433332443237,0.007260472979396582,0.015139264054596424,0.0,0.17207691073417664,0.0,0.0009412392391823232,0.0,0.0928744301199913,0.0,0.0,0.0,0.009003708139061928,0.0,0.0,0.0,0.0,0.0070775230415165424,0.0012173986760899425,0.0,0.0,0.10665234923362732,0.0,0.04110488295555115,0.03642281889915466,0.020737625658512115,0.0,0.0,0.03979557380080223,0.0,0.0,0.0,0.0,0.04152107611298561,0.0,0.0,0.21554648876190186,0.0,0.0,0.0753684714436531,0.20948217809200287,0.022685987874865532,0.0,0.0,0.009095474146306515,0.0,0.0,0.019977785646915436,0.0,0.018707415089011192,0.0,0.0,0.05410875007510185,0.04680994525551796,0.0,0.0,0.0,0.20900163054466248,0.009111171588301659,0.052460845559835434,0.20576506853103638,0.018405377864837646,0.0,0.0,0.0,0.011284032836556435,0.0,0.0,0.0,0.0,0.0,0.0,0.008719632402062416,0.021152453497052193,0.0,0.0,0.0,0.020340340211987495,0.019282568246126175,0.022568989545106888,0.0,0.0,0.011751409620046616,0.16159309446811676,0.015814000740647316,0.03150712698698044,0.011405480094254017,0.0,0.0,0.0,0.0,0.10718158632516861,0.029496535658836365,0.0,0.009193582460284233,0.0,0.0,0.4050610661506653,0.0,0.001801963779143989,0.0,0.0,0.0,0.0,0.009764691814780235,0.010977412573993206,0.0,0.020867886021733284,0.0,0.0,0.14747320115566254,0.0,0.0,0.0,0.028399227187037468,0.007795879151672125,0.011864581145346165,0.0,0.0956367552280426,0.0,0.0,0.026641421020030975,0.0,0.0009479975560680032,0.005271427799016237,0.0,0.013154306448996067,0.004694843199104071,0.1659984141588211,0.008954625576734543,0.008040354587137699,0.0,0.0,0.025477757677435875,0.0,0.006325583439320326,0.09154839813709259,0.05734579637646675,0.0,0.1973751187324524,0.03954543173313141,0.0026632905937731266,0.0,0.08863227069377899,0.3023551106452942,0.0,0.03510679677128792,0.05706346407532692,0.0,0.005715601611882448,0.0,0.005166046787053347,0.0005613371613435447,0.0,0.0,0.043166905641555786,0.0,0.06438617408275604,0.0,0.09941945225000381,0.05651826411485672,0.07066109776496887,0.0315464623272419,0.0,0.0,0.0,0.00274007860571146,0.01134104747325182,0.0,0.01647571288049221,0.17448484897613525,0.0018415921367704868,0.016933860257267952,0.0,0.0,0.0,0.0,0.0,0.03127465024590492,0.0035114968195557594,0.0,0.0,0.45374107360839844,0.012771982699632645,0.05379624664783478,0.0,0.2393377274274826,0.0,0.0,0.00782808382064104,0.02334008179605007,0.014311729930341244,0.059011850506067276,0.0,0.0,0.0,0.0,0.0,0.0,0.010149886831641197,0.005732718855142593,0.0,0.004668600857257843,0.0,0.0527971088886261,0.021975407376885414,0.01336242351680994,0.0,0.0,0.0,0.0,0.0,0.0030373288318514824,0.0,0.0,0.0,0.0,0.11418336629867554,0.01451479084789753,0.0,0.0,0.0,0.0,0.02126394584774971,0.0,0.0,0.010332010686397552,0.0,0.0,0.012019333429634571,0.0,0.0,0.08963800221681595,0.007202216889709234,0.14545193314552307,0.014492843300104141,0.0,0.20466291904449463,0.0,0.09422796219587326,0.0,0.0,0.11654697358608246,0.001588619314134121,0.05225857347249985,0.045623961836099625,0.0,0.033263541758060455,0.0017943385755643249,0.0,0.0,0.0,0.0,0.0,0.056703709065914154,0.0,0.06571698933839798,0.0,0.0,0.0,0.12390194088220596,0.019312266260385513,0.0,0.0,0.0,0.03073648363351822,0.08536757528781891,0.0,0.0,0.06547495722770691,0.03711274638772011,0.0,0.0,0.0032341275364160538,0.031978633254766464,0.017005646601319313,0.0,0.4506668150424957,0.04553982615470886,0.02273910492658615,0.0,0.024682512506842613,0.0,0.11603420227766037,0.0027988958172500134,0.0,0.0,0.0005011975881643593,0.012137157842516899,0.17843179404735565,0.15001945197582245,0.035089146345853806,0.0,0.02378511242568493,0.08630526810884476,0.0032947033178061247,0.0,0.0,0.055601149797439575,0.0033747637644410133,0.01200903207063675,0.002063463209196925,0.0791311115026474,0.0,0.28637951612472534,0.0,0.0,0.0019958752673119307,0.22204670310020447,0.07301104813814163,0.0,0.005978731904178858,0.5773172378540039,0.0,0.02013261243700981,0.0,0.013333061710000038,0.0,0.0,0.0,0.024529896676540375,0.27760741114616394,0.0,0.1451963186264038,0.0,0.0,0.014465203508734703,0.0031948876567184925,0.0,0.001458401675336063,0.006808212958276272,0.0,0.24382351338863373,0.09367547184228897,0.0,0.0,0.0036295633763074875,0.059559714049100876,0.0,0.4223727285861969,0.0,0.0,0.0,0.07100562751293182,0.0,0.07418808341026306,0.10078567266464233,0.08376189321279526,0.1614569127559662,0.02599480375647545,0.0037567042745649815,0.005854242481291294,0.03316521272063255,0.030313611030578613,0.03360418975353241,0.0,0.0,0.19964490830898285,0.006157638970762491,0.04760145768523216,0.0,0.022814713418483734,0.0696917176246643,0.28839704394340515,3.759324681595899e-05,0.01829269342124462,0.0652955025434494,0.049771226942539215,0.002391883172094822,0.0,0.0,0.08363579958677292,0.0,0.0,0.10917043685913086,0.04778677970170975,0.03413645923137665,0.0,0.016770364716649055,0.0,0.0,0.028533654287457466,0.05836517736315727,0.07400406897068024,0.0,0.1435779184103012,0.0,0.004044064320623875,0.0,0.004798697307705879,0.04122990742325783,0.21693889796733856,0.01728244125843048,0.10004813969135284,0.04804673790931702,0.0,0.0,0.0,0.0,0.0,0.0,0.007353575434535742,0.0,0.0,0.03884902596473694,0.1635258048772812,0.0,0.014842881821095943,0.02278154343366623,0.009723230265080929,0.0,0.20522616803646088,0.0,0.0034279311075806618,0.033925727009773254,0.03755448758602142,0.0,0.059084586799144745,0.001084133400581777,0.2242535799741745,0.0,0.0,0.5157420635223389,0.0,0.029582509770989418,0.004423489794135094,0.0,0.0,0.0,0.019066818058490753,0.015627942979335785,0.0,0.10263648629188538,0.0,0.0,0.0,0.0,0.0033278369810432196,0.011644363403320312,0.0,0.008605927228927612,0.0,0.007527108304202557,0.0,0.0,0.34538620710372925,0.0,0.0,0.0,0.0,0.0,0.0,0.6146220564842224,0.07757384330034256,0.013275302946567535,0.01513720490038395,0.07035571336746216,0.0,0.005163371562957764,0.0,0.20018905401229858,0.028109820559620857,0.08970782160758972,0.012675893492996693,0.00916807446628809,0.0009375202935189009,0.019117625430226326,0.1654880940914154,0.0,0.02400348335504532,0.0,0.14073234796524048,0.030479492619633675,0.10075259208679199,0.014061624184250832,0.05875694751739502,0.03244570642709732,0.0,0.4649001657962799,0.0,0.0,0.04253627732396126,0.026228975504636765,0.10063999146223068,0.0,0.0038283406756818295,0.0,0.08335361629724503,0.1319262981414795,0.0,0.14537376165390015,0.02749880962073803,0.07013330608606339,0.0,0.03913765400648117,0.3345254957675934,0.027598779648542404,0.195891872048378,0.10714041441679001,0.17172811925411224,0.09370869398117065,0.02109021507203579,0.09760567545890808,0.13094887137413025,0.010745528154075146,0.2399589717388153,0.0,0.0,0.43738049268722534,0.013315439224243164,0.0,0.03495129570364952,0.0,0.0,0.08991238474845886,0.001982213696464896,0.002198610221967101,0.0,0.0,0.00016673505888320506,0.0,0.24385736882686615,0.06512793153524399,0.0,0.0,0.01125027984380722,0.0,0.0007149857119657099,0.0888410359621048,0.0,0.15729233622550964,0.0,0.1418604999780655,0.0,0.0,0.059387024492025375,0.0,0.0445106141269207,0.0,0.03872174397110939,0.13578906655311584,0.0,0.07054509967565536,0.02883545309305191,0.09416958689689636,0.0,0.08748707920312881,0.03789737820625305,0.013784644193947315,0.0,0.22439910471439362,0.0,0.0,0.0015275799669325352,0.5306640267372131,0.18475478887557983,0.0,0.03262169659137726,0.32863929867744446,0.0,0.002575465478003025,0.0,0.2702377140522003,0.0,0.03653082996606827,0.0,0.0029304157942533493,0.0,0.0035966599825769663,0.08740213513374329,0.0,0.0,0.12644755840301514,0.058709196746349335,0.0,0.0,0.28558674454689026,0.0,0.007928094826638699,0.009475559927523136,0.020794568583369255,0.05985908582806587,0.0018417994724586606,0.02168775163590908,0.09307831525802612,0.0,0.0,0.29630371928215027,0.0,0.0,0.05464658886194229,0.06907307356595993,0.06558546423912048,0.0,0.08669566363096237,0.0,0.0,0.35513022541999817,0.010432716459035873,0.0,0.026842672377824783,0.0,0.0,0.030652521178126335,0.4157896339893341,0.0,0.0002921101404353976,0.29019686579704285,0.0725463479757309,0.006866922602057457,0.0773242861032486,0.0,0.06546080857515335,0.02830888330936432,0.0,0.0,0.0,0.05455893650650978,0.0020198978018015623,0.0,0.0002520227571949363,0.05893585830926895,0.0852908343076706,0.004003199283033609,0.18802765011787415,0.0,0.01779264770448208,0.01649821735918522,0.0,0.18006408214569092,0.0014309847028926015,0.022722706198692322,0.12336351722478867,0.008801858872175217,0.0,0.17054161429405212,0.044350508600473404,0.008941986598074436,0.016321171075105667,0.4583827555179596,0.06350024789571762,0.054928265511989594,0.0,0.05931045860052109,0.15730378031730652,0.03884352743625641,0.12353085726499557,0.0,0.051904164254665375,0.003418581560254097,0.029137006029486656,0.03725292906165123,0.08327542990446091,0.3751507103443146,0.009777640923857689,0.4422391951084137,0.0,0.016961758956313133,0.036369770765304565,0.2731074094772339,0.11717424541711807,0.1776881366968155,0.1212996393442154,0.0,0.00667530158534646,0.013016605749726295,0.010534140281379223,0.0,0.03256256505846977,0.02919987589120865,0.0,0.0,0.0010468516265973449,0.0,0.16658183932304382,0.0,0.0,0.08462438732385635,0.04646013677120209,0.2998407483100891,0.0,0.0,0.005428391508758068,0.0,0.0,0.0,0.4752238392829895,0.0,0.0,0.0,0.0,0.20898430049419403,0.0005200183368287981,0.0,0.0,0.03241680935025215,0.006250808015465736,0.029743118211627007,0.2292194366455078,0.3197144567966461,0.0,0.009139670990407467,0.0,0.04279915988445282,0.0,0.0,0.0,0.0,0.028369026258587837,0.0,0.0,0.0,0.007203508634120226,0.005439819302409887,0.18323375284671783,0.10470488667488098,0.0,0.0,0.0,0.0,0.0,0.3498452305793762,0.0402383990585804,0.2852459251880646,0.0,0.07097390294075012,0.00803053006529808,0.0156928151845932,0.0,0.03518103435635567,0.0,0.03247019648551941,0.005896393209695816,0.010546345263719559,0.0,0.0,0.01753060892224312,0.0,0.034693799912929535,0.0,0.0518009215593338,0.01969173364341259,0.0,0.0,0.0,0.0,0.0,1.010146975517273,0.12709446251392365,0.0,0.0,0.04472137615084648,0.00458357622846961,0.0,0.034927185624837875,0.07746328413486481,0.0,0.0,0.5615375638008118,0.0,0.0,0.0,0.011456456035375595,0.0,0.0,0.0,0.0,0.0033338272478431463,0.0,0.0,0.522257387638092,0.02340841293334961,0.0,0.11818981170654297,0.0,0.008379523642361164,0.0006491109961643815,0.0,0.000354455754859373,0.0,0.006979860831052065,0.27540940046310425,0.024379627779126167,1.242937445640564,0.0,0.010206181555986404,0.008713878691196442,0.0,0.0,0.011315498501062393,2.280651092529297,0.012801971286535263,0.0,0.0,0.030999595299363136,0.0,0.0,0.0,0.06472327560186386,0.0,0.0,0.4702373743057251,0.0,0.03531273826956749,0.025165963917970657,0.0,0.0,0.0,0.09026167541742325,0.25386708974838257,0.05023135989904404,0.0,0.156568706035614,0.0,0.0,0.0,0.0,0.0,0.11617960035800934,0.020891085267066956,0.026519380509853363,0.00207678135484457,0.0,0.1455504298210144,0.0157290268689394,0.02180696651339531,0.013251886703073978,0.48288512229919434,0.0,0.020067153498530388,0.168935626745224,0.0,0.02585475519299507,0.0,2.5559664209140465e-05,0.0,0.07380425184965134,0.0,0.0,0.0,0.0,0.0,0.019457748159766197,0.0,0.09150548279285431,0.0355205237865448,1.044641137123108,0.0,0.05290503427386284,0.0,0.0033412266056984663,0.08355676382780075,0.0,0.03797278553247452,0.0,0.0,0.44619613885879517,0.0,0.010147623717784882,0.0,0.0,0.0,0.0,0.013252616859972477,0.013951919972896576,0.0,0.0053352792747318745,0.0,0.0,0.0,0.003804739098995924,0.005687372758984566,0.0,0.0,0.00018126092618331313,0.0,0.0030120289884507656,0.1946435421705246,0.0,0.08214067667722702,0.0,0.0,0.0,0.0027537220157682896,0.0,0.06070055812597275,0.0,0.004842266906052828,0.0366528183221817,0.004812808241695166,0.0,0.0,0.031647562980651855,0.048798512667417526,0.0,0.04904569685459137,0.015193607658147812,0.0,0.014484711922705173,0.0,0.025971224531531334,0.0,0.020020972937345505,0.0,0.0,0.0,0.04720228537917137,0.0,0.0,0.0,0.0435597226023674,0.00120263930875808,0.0,0.33297282457351685,0.08090425282716751,0.0,0.0,0.0,0.013823874294757843,0.045613616704940796,0.0,0.008133606985211372,0.09158127009868622,0.032724034041166306,0.0,0.031462136656045914,0.0,0.03292671591043472,0.0,0.0,0.0,0.06313226372003555,0.20040363073349,0.03644216060638428,0.0,0.006095057353377342,0.1945941299200058,0.002976138610392809,0.008776422590017319,0.0,0.2913466989994049,0.10003611445426941,0.047149915248155594,0.03451259061694145,0.008114926517009735,0.0,1.039608120918274,0.41705501079559326,0.07891274243593216,0.0,0.0,0.00011365651880623773,0.0,0.0,0.014128432609140873,0.0,0.5195598006248474,0.016743751242756844,0.11186568439006805,0.0,0.0,0.0,0.0013789177173748612,0.04399867355823517,0.0,0.0,0.08273161202669144,0.1614324003458023,0.0,0.01956489495933056,0.30189627408981323,0.01559621561318636,0.3855249285697937,0.05692581087350845,0.0,0.3232375383377075,0.05840228497982025,0.030469883233308792,0.0,0.41053786873817444,0.017542893067002296,0.0,0.0014489507302641869,0.0,0.0,0.0,0.141164168715477,0.0,0.0,0.24670535326004028,0.019294971600174904,0.0,0.0,0.10495193302631378,0.00420847162604332,0.0,0.0,0.0,0.0,0.07951370626688004,0.003595595248043537,0.0,0.0,0.03019634634256363,0.007650482468307018,0.0,0.0007278299308381975,0.0,0.0,0.0,0.0,0.0,0.27759450674057007,0.0,0.0,0.028735680505633354,0.0,0.19636783003807068,0.0,0.0,0.007973512634634972,0.0,0.048707228153944016,0.010101530700922012,0.0,0.0,0.0,0.0,0.0,0.0,0.0,0.0,0.0,0.0,0.0,0.0198266189545393,0.0,0.0,0.0,0.05802088603377342,0.009420504793524742,0.018960431218147278,0.01236707717180252,0.0409100204706192,0.0,0.022625286132097244,0.0,0.11615452170372009,0.007207023911178112,0.03728479519486427,0.08480687439441681,0.10126934945583344,0.0,0.0,0.0,0.0,0.009955196641385555,0.25519096851348877,0.020978894084692,0.009498322382569313,0.0,0.03980272635817528,0.056706205010414124,0.04832480102777481,0.0,0.012694001197814941,0.0,0.0,0.1244073286652565,0.10405169427394867,0.01584213227033615,0.0,0.0,0.0388750396668911,0.022654514759778976,0.0644628256559372,0.029741959646344185,0.0,0.0,0.15358498692512512,0.08449628949165344,0.019400622695684433,0.0023896563798189163,0.0,0.01406121626496315,0.0,0.6088859438896179,0.014766148291528225,0.006887456402182579,0.0,0.16884124279022217,0.07877538353204727,0.02765682153403759,0.0,0.07349361479282379,0.0,0.0,0.23947077989578247,0.2190781533718109,0.0,0.08406439423561096,0.00802204106003046,0.7683472633361816,0.0,0.0,0.013541985303163528,0.0023124408908188343,0.0017875278135761619,0.01756107248365879,0.0,0.0,0.03221648558974266,0.0022552318405359983,0.22749483585357666,0.0,0.09911932051181793,0.0,0.0051532103680074215,0.0,0.12273620814085007,0.28932103514671326,0.0,0.020688343793153763,0.0910472422838211,0.0,0.035955995321273804,0.002300875261425972,0.0,0.0,0.08445043861865997,0.056027550250291824,0.012509503401815891,0.0,0.01749330759048462,0.18896518647670746,0.008948433212935925,0.0,0.0043820906430482864,0.04134384170174599,0.07949119806289673,0.0,0.0,0.0,0.01212402619421482,0.0,0.004863313399255276,0.016078852117061615,0.12059429287910461,0.003429679898545146,0.06833438575267792,0.0,0.07309696823358536,0.6605883240699768,0.03864314407110214,0.05682530999183655,0.0,0.04749223589897156,0.020916836336255074,0.0,0.0,0.0007168674492277205,0.03249377757310867,0.010406766086816788,0.04590092599391937,0.0,0.014134610071778297,0.0013398176524788141,0.45609772205352783,0.15490396320819855,0.0,0.07121996581554413,0.006814679596573114,0.18929332494735718,0.3191039562225342,0.03632054477930069,0.02939518168568611,0.5662840604782104,0.023499716073274612,0.768277108669281,0.05859079211950302,0.0,0.0,0.0,0.09193453192710876,0.0,0.04318530485033989,0.0,0.0,0.017252933233976364,0.0,0.02717185951769352,1.2231287956237793,0.14779484272003174,0.026023436337709427,0.0,0.06546542793512344,0.0,0.04334764555096626,0.03271051496267319,0.0015132713597267866,0.0,0.4428812265396118,0.054781198501586914,0.036945391446352005,0.036373693495988846,0.0,0.0,0.06730221956968307,0.0013195014325901866,0.10013926774263382,0.05047062784433365,0.0,0.22412987053394318,0.001306374091655016,0.05298866704106331,0.0,0.002128014573827386,0.0,0.0,0.649668276309967,0.3687812387943268,0.0,0.07026895880699158,0.18853001296520233,0.03229715675115585,0.16598635911941528,0.007803598418831825,0.015523510053753853,0.021545253694057465,0.009219394065439701,0.005723121110349894,0.0,0.01646733283996582,0.0,0.0824597105383873,0.0004197967064101249,0.06970060616731644,0.09657131880521774,0.02529597282409668,0.0,0.05400876700878143,0.03344148024916649,0.027166597545146942,0.19564573466777802,0.010643444024026394,0.0,0.1667247712612152,0.0,0.01840835064649582,0.0835687443614006,0.0,0.05239861086010933,0.007467638235539198,0.0,0.0,0.5084745287895203,0.0,0.04078001528978348,0.01866299659013748,0.0,0.0,0.0,0.012567896395921707,0.0,0.0,0.01831146515905857,0.017166199162602425,0.03812216594815254,0.0,0.005228033289313316,0.0,0.6723741292953491,0.13481451570987701,0.005758342798799276,0.19358381628990173,0.07794558256864548,0.0,0.002565276576206088,0.0,0.016658924520015717,0.0,0.009777936153113842,0.05060772970318794,0.019066818058490753,0.004715817980468273,0.0,0.002669644309207797,0.0,0.0016165924025699496,0.0,0.10229818522930145,0.04722849279642105,0.011158747598528862,0.01724144071340561,0.10150179266929626,0.078892283141613,0.020069198682904243,0.1411641240119934,0.02856381982564926,0.0012791752815246582,0.0542052686214447,0.0,0.005507100839167833,0.0,0.022188400849699974,0.003877408569678664,0.0,0.06511087715625763,0.19031399488449097,0.0,0.0,0.0,0.024170823395252228,0.0,0.0013657212257385254,0.042762402445077896,0.011730574071407318,0.0,0.11105739325284958,0.004173977300524712,0.002128202933818102,0.006143936887383461,0.0,0.0,0.009834983386099339,0.0,0.025155913084745407,0.21575099229812622,0.013067798689007759,0.416285902261734,0.030134791508316994,0.03427273780107498,0.20375801622867584,0.0,0.0076695699244737625,0.0,0.0,0.0011642086319625378,0.0,0.10409896820783615,0.48158976435661316,0.0,0.00812705047428608,0.0,0.0,0.008793874643743038,0.0,0.008918024599552155,0.0021947144996374846,0.0,0.41074275970458984,0.0,0.0,0.0,0.0,0.20756018161773682,0.004216840490698814,0.0,0.0,0.0,0.23634551465511322,0.01649794727563858,0.030458135530352592,0.0012711405288428068,0.0,0.01234616432338953,0.03801912069320679,0.0009191298740915954,0.0,0.05987384915351868,0.03968750312924385,0.027840517461299896,0.015189945697784424,0.0,0.0,0.05147593095898628,0.0,0.03321061655879021,0.0,0.0,0.017441457137465477,0.048359889537096024,0.08995597809553146,0.0,0.01791214756667614,0.11734205484390259,0.046199727803468704,0.0,0.07345000654459,0.5994332432746887,0.0,0.26824912428855896,0.0428839772939682,0.16926848888397217,0.010830781422555447,0.3634273111820221,0.0,0.010074305348098278,0.0,0.03774512559175491,0.033533599227666855,0.00435537938028574,0.0,0.028032789006829262,0.0,0.03620855137705803,0.008320901542901993,0.05129558593034744,0.0,0.4087412655353546,0.02811039239168167,0.05283835530281067,0.0,0.0,0.05437960475683212,0.009172094985842705,0.07337763905525208,0.018079280853271484,0.0,0.01783142425119877,0.017266850918531418,0.0,0.014836699701845646,0.07357845455408096,0.0036733150482177734,0.003089215839281678,0.0036424279678612947,0.04074956104159355,0.009158022701740265,0.03742474690079689,0.0,0.0,0.0018741822568699718,0.06715916842222214,0.03687824308872223,0.788678765296936,0.0,0.0,0.0,0.0,0.004643293097615242,0.06183638423681259,0.0,0.0,0.0,0.0,0.0,0.015372268855571747,0.14318007230758667,0.0,0.011190811172127724,0.20971418917179108,0.06371473520994186,0.18562154471874237,0.014247688464820385,0.09559821337461472,0.0,0.18163801729679108,0.0,0.0,0.02265668846666813,0.013548549264669418,0.006162593141198158,0.0,0.28232038021087646,0.0,0.0,0.10534275323152542,0.0,0.0,0.0,0.0,0.0,0.0,0.007888127118349075,0.04387012496590614,0.010073252022266388,0.0,0.0,0.010228794999420643,0.03251153603196144,0.0,0.0017867374699562788,0.13441863656044006,0.018953638151288033,0.07562845200300217,0.0760316401720047,0.0,0.03574555739760399,0.0,0.0007819092134013772,0.0,0.15090543031692505,0.0,0.0,0.052979134023189545,0.0,0.015387574210762978,0.0,0.0,0.03261365741491318,0.0,0.0,0.0,0.0,0.0,0.0,0.024960307404398918,0.0,0.021783223375678062,0.549277126789093,0.0,0.010466358624398708,0.01261298917233944,0.0,0.005695505067706108,0.20086660981178284,0.0,0.10364192724227905,0.4132939875125885,0.0,0.0,0.007190993521362543,0.0,0.00017572194337844849,0.0,0.0,0.47583475708961487,0.0,0.0,0.0,0.0,0.0,0.38791126012802124,0.14298079907894135,0.016843290999531746,0.0,0.0036424731370061636,0.14010004699230194,0.324283242225647,0.0,0.0,0.00541550712659955,0.0,0.0,0.0,0.0,0.0,0.005399948451668024,0.0,0.0,0.0,0.0,0.23106786608695984,0.0,0.034556880593299866,0.04129864275455475,0.0049953521229326725,0.0,0.23386049270629883,0.16877074539661407,0.0,0.1031532883644104,0.0018701421795412898,0.0,0.0,0.004829022102057934,0.053989507257938385,0.0,0.0,0.02369329147040844,0.0,0.01784643717110157,0.039165008813142776,0.02599778212606907,0.0,0.006142847705632448,0.0023992122150957584,0.19394449889659882,0.009060819633305073,0.017907898873090744,0.06903421878814697,0.0,0.0701102539896965,0.02039344608783722,0.08452799171209335,0.03429223597049713,0.0,0.0,0.0035958171356469393,0.03788438439369202,0.0008812442538328469,0.0,0.03341195732355118,0.0,0.01118908729404211,0.0,0.0,0.0,0.0,0.0,0.0011071849148720503,0.0006040158332325518,0.0,0.0,0.08263766020536423,0.07041154056787491,0.06252061575651169,0.00857862364500761,0.02247210033237934,0.01148315891623497,0.0,0.0,0.26098495721817017,0.0,0.0671391710639,0.0454363152384758,0.0054544126614928246,0.015033163130283356,0.37744322419166565,0.002569954376667738,0.03786969557404518,0.0
0.0,0.003412176389247179,0.32647600769996643,0.002718894509598613,0.0,0.0,0.014854218810796738,0.009067744947969913,0.0,0.061741095036268234,0.0,0.07122427225112915,0.04336956888437271,0.2519363462924957,0.07899278402328491,0.14913296699523926,0.009797537699341774,0.02493632771074772,0.0,0.28222665190696716,0.025997810065746307,0.0,0.03942035511136055,0.13187333941459656,0.060040317475795746,0.07942945510149002,0.0,0.0,0.0,0.0,0.4136505424976349,0.09700168669223785,0.0,0.0,0.2928541302680969,0.19249549508094788,0.00298636918887496,0.022139037027955055,0.0,0.10142771899700165,0.36884766817092896,0.006398800760507584,0.004539660178124905,0.13163034617900848,0.4886321723461151,0.02461656555533409,0.03842736408114433,0.0,0.19288042187690735,0.0,0.0,0.16185058653354645,0.009617362171411514,0.13373005390167236,0.027949471026659012,0.0,0.0,0.0,0.07825662940740585,0.005768273025751114,0.0,0.4338345229625702,0.08063915371894836,0.0,0.0,0.3313978314399719,0.08740422874689102,0.014132495038211346,0.07272355258464813,0.0,0.1656365841627121,0.017048275098204613,0.007928771898150444,0.10766500234603882,0.015005736611783504,0.11563167721033096,0.3963533043861389,0.003313626628369093,0.1576356291770935,0.3817645013332367,0.0,0.08665537089109421,0.0,0.1226559579372406,0.01237388327717781,0.25568121671676636,0.035237256437540054,0.0,0.0,0.02543630078434944,0.012272140942513943,0.015787344425916672,0.2501789927482605,0.4278908669948578,0.0,0.22133556008338928,0.04186221584677696,0.008419723249971867,0.0,0.0,0.027226343750953674,0.050042249262332916,0.11714798212051392,0.017103806138038635,0.11267130076885223,5.497455640579574e-05,0.02399851568043232,0.0,0.0,0.0,0.037591494619846344,0.009541616775095463,0.0,0.1410578191280365,0.0018719816580414772,0.4513310492038727,0.0,0.10552690178155899,0.0,0.1353113204240799,0.010868752375245094,0.008432071655988693,0.37667691707611084,0.02921992354094982,0.0,0.0,0.18936648964881897,0.0285656601190567,0.14099523425102234,0.004877576604485512,0.09925126284360886,0.0,0.029001509770751,0.0,0.04774795472621918,0.06983878463506699,0.003833346301689744,0.0,0.020060371607542038,0.0025559926871210337,0.09818565100431442,0.04250410571694374,0.0,0.01967933401465416,0.2310032993555069,0.0,0.022233156487345695,0.2984718680381775,0.0,0.054973725229501724,0.05302628129720688,0.0,0.09650905430316925,0.08322001248598099,0.0,0.02208794839680195,0.005166781134903431,0.04470468685030937,0.18266981840133667,0.11477426439523697,0.009322354570031166,0.006189380772411823,0.024998793378472328,0.39960017800331116,0.09799131751060486,0.0,0.21370674669742584,0.0,0.15156590938568115,0.3458263874053955,0.12260221689939499,0.01812813989818096,0.0732961967587471,0.2538970112800598,0.041141070425510406,0.038339439779520035,0.4836941659450531,0.014740332029759884,0.0,0.30621153116226196,0.0,0.0,0.04480158910155296,0.006290231831371784,0.0109508465975523,0.26306986808776855,0.15696029365062714,0.04485377296805382,0.05126084387302399,0.3353288173675537,0.030863512307405472,0.06834909319877625,0.0,0.0002135229151463136,0.025147194042801857,0.03438200056552887,0.022180356085300446,0.04253295809030533,0.2753666937351227,0.0,0.1506999135017395,0.014225585386157036,0.0,0.13747717440128326,0.0,0.021436534821987152,0.04223327711224556,0.0,0.07712101191282272,0.12829828262329102,0.1504240334033966,0.0,0.23566871881484985,0.0,0.027249718084931374,0.02036358416080475,0.059927668422460556,0.03479953855276108,0.0,0.013787055388092995,0.07226632535457611,0.02549920231103897,0.18159084022045135,0.15430618822574615,0.011219015344977379,0.19112125039100647,0.006604132708162069,0.027935490012168884,0.08794917911291122,0.14307065308094025,0.151581272482872,0.0,0.20012106001377106,0.041388437151908875,0.1393347978591919,0.30000436305999756,0.004093751776963472,0.12028861790895462,0.031848546117544174,0.0004222655261401087,0.0,0.060266029089689255,0.09662740677595139,0.0,0.08990003913640976,0.04097849503159523,0.03629302978515625,0.06524816155433655,0.0,0.02820313163101673,0.00037822246667928994,0.0024094015825539827,0.010237999260425568,0.011541265994310379,0.009795653633773327,0.0663066878914833,0.0,0.05756136775016785,0.07178563624620438,0.41508111357688904,0.0,0.0243083406239748,0.02275480516254902,0.0,0.12467499822378159,0.02522951550781727,0.11327904462814331,0.12381026893854141,0.003952021710574627,0.045735884457826614,0.08552148938179016,0.0034117435570806265,0.0,0.11997062712907791,0.05010286718606949,0.0,0.06915292888879776,0.014665680006146431,0.10212928801774979,0.16219554841518402,0.003208427457138896,0.0,0.014943862333893776,0.128888800740242,0.03659319877624512,0.6583028435707092,0.0,0.0,0.17627479135990143,0.057462044060230255,0.2028777301311493,0.1563469022512436,0.05547988787293434,0.0,0.0648920089006424,0.013698640279471874,0.1900368630886078,0.0,0.28219300508499146,0.0,0.021850943565368652,0.03813441842794418,0.20773112773895264,0.1391294300556183,0.15813465416431427,0.0,0.020267650485038757,0.03210454806685448,0.0,0.0,0.0,0.14320522546768188,0.01275215670466423,0.1864338517189026,0.018964553251862526,0.33306244015693665,0.03928302228450775,0.018510667607188225,0.19617174565792084,0.035141099244356155,0.0,0.02156086452305317,0.0,0.0,0.7341687679290771,0.0,0.0,0.027582846581935883,0.0,0.0,0.005812821444123983,0.03627103939652443,0.0,0.0,0.08278005570173264,0.0,0.0,0.0,0.012059330940246582,0.057936519384384155,0.11127598583698273,0.0018194002332165837,0.0,0.0,0.0,0.0,0.0,0.0,0.0,0.0,0.19179315865039825,0.0,0.1633511781692505,0.02710089646279812,0.23560653626918793,0.0,0.0,0.0,0.04650364816188812,0.005702649243175983,0.0011972123757004738,0.0,0.0,0.0,0.0,0.00420759804546833,0.08068285137414932,0.03978141397237778,0.00028706551529467106,0.0,0.4714707136154175,0.0,0.0,0.035922423005104065,0.014113016426563263,0.0,0.0,0.0,0.0,0.1957370787858963,0.05677597597241402,0.0,0.0,0.004202906973659992,0.01571151800453663,0.0,0.0,0.054562054574489594,0.0,0.0010067606344819069,0.2639511823654175,0.0,0.0,0.0,0.0,0.0,0.1343909502029419,0.0,0.0859551802277565,0.004364262335002422,0.014932997524738312,0.01905490830540657,0.0,0.002747360849753022,0.0,0.0,0.030056271702051163,0.0,0.0,0.03768725320696831,0.0,0.0,0.0,0.0,0.00912697333842516,0.0,0.0,0.0,0.0,0.0,0.02666906639933586,0.0,0.05688093975186348,0.0,0.01670946553349495,0.18309928476810455,0.008647508919239044,0.008550780825316906,0.001177527941763401,0.13409967720508575,0.0,0.0027045290917158127,0.0,0.08987287431955338,0.0,0.0,0.0,0.019411476328969002,0.0018409457989037037,0.0,0.0,0.0,0.010160180740058422,0.023822518065571785,0.0,0.0,0.13039369881153107,0.0,0.023922190070152283,0.017969541251659393,0.01463399175554514,0.0,0.0,0.023904167115688324,0.0,0.009545382112264633,0.0,0.0,0.04432036727666855,0.0,0.0,0.239612877368927,0.0,0.0,0.08136370778083801,0.25928470492362976,0.06154770776629448,0.0,0.0,0.010245375335216522,0.0,0.0,0.007342437282204628,0.0,0.019183218479156494,0.0,0.0,0.033824507147073746,0.04641926661133766,0.0,0.0,0.0,0.22723813354969025,0.0,0.038434166461229324,0.2515585720539093,0.010169255547225475,0.0,0.0,0.0,0.016983898356556892,0.0,0.0,0.0,0.0,0.0,0.0,0.023553334176540375,0.016595151275396347,0.0,0.0,0.0,0.006701010279357433,0.008607393130660057,0.01332070305943489,0.0,0.0,0.004274739418178797,0.15528680384159088,0.015506003051996231,0.009867987595498562,0.01570695824921131,0.0,0.0,0.0,0.0,0.13572511076927185,0.02216154895722866,0.0,0.006029563024640083,0.0,0.0,0.44587260484695435,0.0,0.002576598897576332,0.0,0.0,0.0,0.0,0.02014210633933544,0.029098602011799812,0.0,0.00645445566624403,0.0,0.0,0.18083982169628143,0.0,0.0,0.0,0.010370292700827122,0.008890016935765743,0.012895118445158005,0.0,0.08762189745903015,0.0,0.0,0.030678750947117805,0.0,0.004900443367660046,0.0,0.0,0.017896732315421104,0.0044857291504740715,0.1835576295852661,0.007071689236909151,0.0,0.0,0.0,0.0206289179623127,0.0,0.006218865048140287,0.0761542096734047,0.0417831689119339,0.0,0.1899428516626358,0.056032944470644,0.003356117056682706,0.0,0.0687897801399231,0.26389771699905396,0.0,0.025181423872709274,0.062239062041044235,0.0,0.01801978424191475,0.008483683690428734,0.0,0.0,0.0,0.0,0.06550993770360947,0.0,0.07050853967666626,0.0,0.10715620219707489,0.05049851909279823,0.0803462341427803,0.028374074026942253,0.0,0.0,0.0,0.004087555222213268,0.0013857317389920354,0.0,0.004085576627403498,0.17972421646118164,0.003611659398302436,0.028700342401862144,0.0,0.0,0.0,0.0,0.0,0.013451981358230114,0.0,0.0,0.0,0.4369332492351532,0.015329951420426369,0.02219327911734581,0.0,0.18901443481445312,0.0,0.0,0.012049872428178787,0.02177874557673931,0.014066250063478947,0.0620257705450058,0.0,0.0,0.0,0.0,0.0,0.0,0.007383872754871845,0.005984568037092686,0.0,0.008541712537407875,0.0,0.05590203404426575,0.02445385232567787,0.015322473831474781,0.0,0.0,0.0,0.0,0.0,0.0018335366621613503,0.0,0.0,0.0,0.0,0.10235986858606339,0.022268880158662796,0.0,0.0,0.0,0.0,0.05106675997376442,0.0,0.0,0.019679255783557892,0.0,0.0,0.014757377095520496,0.0,0.0,0.11044714599847794,0.0,0.13350825011730194,0.023966340348124504,0.0,0.19860811531543732,0.0,0.11420965194702148,0.012547170743346214,0.0,0.16536113619804382,0.0,0.04644009470939636,0.09477853775024414,0.0,0.03429931774735451,0.0,0.0,0.0,0.0,0.0,0.0,0.053830381482839584,0.0,0.08369479328393936,0.0,0.0,0.0,0.14123646914958954,0.011103124357759953,0.0,0.0,0.0,0.046228017657995224,0.08612086623907089,0.0036621869076043367,0.0,0.033171482384204865,0.040596894919872284,0.0,0.0,0.0048577310517430305,0.043419551104307175,0.0007810372044332325,0.0,0.4444582462310791,0.06279372423887253,0.0325571671128273,0.0,0.014519504271447659,0.0,0.11815877258777618,0.0,0.0,0.0037552916910499334,0.0,0.021474769338965416,0.19519232213497162,0.14740638434886932,0.04697851091623306,0.0,0.0225126501172781,0.09333174675703049,0.00878733117133379,0.0020518444944173098,0.0,0.04352078586816788,0.0,0.01266152411699295,0.0,0.08311598002910614,0.0,0.2006170153617859,0.0,0.0,0.0,0.21447010338306427,0.055787425488233566,0.0,0.025189103558659554,0.5849745273590088,0.0,0.033875972032547,0.0,0.014701303094625473,0.0,0.0,0.0,0.01991119422018528,0.2849811613559723,0.0,0.1820259690284729,0.0,0.0,0.0,0.001966464566066861,0.0,0.003675479907542467,0.0030995653942227364,0.0,0.2674051523208618,0.09439915418624878,0.0,0.0,0.002429103944450617,0.09764876961708069,0.0009586322121322155,0.40309852361679077,0.0,0.0,0.0,0.11164528876543045,0.0,0.1195121556520462,0.1390766203403473,0.08375074714422226,0.1293085366487503,0.011760161258280277,0.004055185243487358,0.007359050679951906,0.041020698845386505,0.025359930470585823,0.019669082015752792,0.0,0.0,0.18181030452251434,0.012254341505467892,0.05016864463686943,0.0,0.02300678752362728,0.052321769297122955,0.21819089353084564,0.001665809191763401,0.040536731481552124,0.03882598876953125,0.04549023136496544,0.00043836713302880526,0.0,0.0,0.08618191629648209,0.0,0.0024714511819183826,0.13404019176959991,0.03579035773873329,0.015158087946474552,0.0,0.0282943993806839,0.0,0.0,0.025368204340338707,0.07009626179933548,0.054774314165115356,0.0,0.1325293779373169,0.0,0.002222714712843299,0.0,0.002426591468974948,0.09294363856315613,0.2542266845703125,0.04171916842460632,0.12643922865390778,0.05020035803318024,0.0,0.003912084270268679,0.0,0.0,0.0,0.0,0.0035967750009149313,0.0,0.0,0.0478099100291729,0.1848136931657791,0.0,0.002087466651573777,0.03347046300768852,0.014483642764389515,0.0,0.17309756577014923,0.0,0.0,0.03682988882064819,0.035201214253902435,0.0,0.04288327693939209,0.006245338823646307,0.22993984818458557,0.0,0.0021110749803483486,0.5096612572669983,0.0,0.027869924902915955,0.0024303151294589043,0.0,0.0,0.0,0.026464231312274933,0.012952500954270363,0.0,0.13204072415828705,0.0,0.0,0.0032333743292838335,0.0,0.0030348694417625666,0.008580276742577553,0.0,0.003424421651288867,0.011053835973143578,0.010178454220294952,0.001718341140076518,0.0,0.3654765188694,0.0,0.0,0.0,0.0,0.0,0.0,0.664757490158081,0.054906681180000305,0.006142084486782551,0.011941376142203808,0.05026328191161156,0.0016792130190879107,0.0036935030948370695,0.0,0.22983086109161377,0.003285611979663372,0.0690915659070015,0.0219883993268013,0.016214223578572273,0.01020327303558588,0.019692087545990944,0.13447780907154083,0.0,0.0,0.0,0.14440956711769104,0.020588841289281845,0.10473138839006424,0.014529748819768429,0.06836948543787003,0.033050790429115295,0.0,0.4947037100791931,0.0,0.0,0.028090596199035645,0.007609332911670208,0.07269596308469772,0.0,0.0,0.0057411883026361465,0.10022632777690887,0.1427784413099289,0.0,0.09502390027046204,0.024647392332553864,0.08893967419862747,0.0,0.024825530126690865,0.3202104866504669,0.00923528429120779,0.16606220602989197,0.07452530413866043,0.1460939645767212,0.059386804699897766,0.02482439950108528,0.10064806044101715,0.13068197667598724,0.03027760051190853,0.220058873295784,0.0,0.0,0.459298700094223,0.02425704523921013,0.0,0.01942497305572033,0.0,0.0,0.08713370561599731,0.009883464314043522,0.010459368117153645,0.0,0.0,0.0008914109785109758,0.0,0.21568210422992706,0.07624691724777222,0.0,0.0,0.011859402991831303,0.0,0.006846724543720484,0.08133493363857269,0.00580348027870059,0.11192512512207031,0.0,0.13690058887004852,0.0,0.010163352824747562,0.06254437565803528,0.0,0.040380388498306274,0.0,0.021675968542695045,0.16525989770889282,0.0,0.0996076688170433,0.019870653748512268,0.08671675622463226,0.0,0.07314786314964294,0.05879073590040207,0.020641259849071503,0.0,0.21630936861038208,0.0,0.0,0.0,0.5456024408340454,0.18753673136234283,0.0,0.017463810741901398,0.35463207960128784,0.0017133414512500167,0.01841902919113636,0.0,0.23319321870803833,0.0,0.06334181874990463,0.0,0.0,0.0,0.0,0.0977061465382576,0.007738749962300062,0.0,0.14567434787750244,0.03137250617146492,0.0,0.0034701155964285135,0.2596021592617035,0.0,0.013375937007367611,0.008681860752403736,0.030473357066512108,0.04893564060330391,0.022641818970441818,0.014986753463745117,0.0828029215335846,0.0,0.004997336771339178,0.30520913004875183,0.0,0.0,0.02399049699306488,0.08115062862634659,0.07222971320152283,0.0,0.07996055483818054,0.0,0.0,0.3082191050052643,0.008888065814971924,0.0,0.018086133524775505,0.0,0.0,0.027014169842004776,0.4488084316253662,0.0037451719399541616,0.0,0.28818202018737793,0.05820160731673241,0.04029499366879463,0.08466684073209763,0.0,0.09614092856645584,0.03849992901086807,0.0,0.0,0.0,0.05312245339155197,0.0,0.0,0.004419158678501844,0.07837757468223572,0.07721541076898575,0.00917575042694807,0.15097731351852417,0.0,0.03433734551072121,0.020902611315250397,0.0,0.20404449105262756,0.004111829213798046,0.013124261051416397,0.1272042989730835,0.0,0.0,0.12766607105731964,0.02190355211496353,0.007057557813823223,0.015291997231543064,0.4081897735595703,0.07921420782804489,0.04706956818699837,0.0,0.0498969703912735,0.16228492558002472,0.03578002378344536,0.08806070685386658,0.0,0.05795663967728615,0.007584649138152599,0.04425330460071564,0.039785753935575485,0.08725656569004059,0.44295135140419006,0.0,0.4243227243423462,0.0,0.00849790871143341,0.029864972457289696,0.23515790700912476,0.12344314903020859,0.16415174305438995,0.11524857580661774,0.0,0.003112615318968892,0.00837799347937107,0.011810027062892914,0.0,0.03144165500998497,0.027862129732966423,0.0,0.0,0.0,0.0,0.1197432428598404,0.0,0.0,0.0976632609963417,0.019349636510014534,0.2526927590370178,0.0,0.0,0.0,0.0,0.0,0.0,0.41215622425079346,0.0,0.0,0.0,0.0,0.18862637877464294,0.0,0.0,0.0,0.03614111244678497,0.0154501274228096,0.018585611134767532,0.27086132764816284,0.3374452590942383,0.0,0.008474026806652546,0.00029598892433568835,0.026469657197594643,0.0,0.0,0.0,0.0,0.02807159721851349,0.0,0.0,0.0,0.002630994888022542,0.0046646869741380215,0.18119746446609497,0.20500381290912628,0.0,0.0028111161664128304,0.0,0.005895600188523531,0.0,0.3491761088371277,0.020310018211603165,0.28007426857948303,0.0,0.061617475003004074,0.0035778398159891367,0.0014712309930473566,0.0,0.03721938282251358,0.0,0.03178238868713379,0.0,0.01588091067969799,0.028749670833349228,0.0,0.01612556353211403,0.0,0.08993957191705704,0.0,0.04894588887691498,0.03159185126423836,0.0,0.0,0.0,0.0,0.0,0.9904112815856934,0.17182594537734985,0.0,0.0,0.02066914737224579,0.0,0.0,0.023640776053071022,0.08323142677545547,0.0,0.0,0.6225521564483643,0.0,0.0,0.0,0.014777527190744877,0.0,0.0,0.0,0.0,0.0,0.0,0.0,0.5719951391220093,0.0237062219530344,0.0,0.05684845149517059,0.0,0.011373481713235378,0.0034821988083422184,0.0,0.0,0.0,0.008705371990799904,0.1659880131483078,0.016887610778212547,1.3330540657043457,0.0,0.0042557381093502045,0.009373566135764122,0.0,0.0,0.022042009979486465,2.2954065799713135,0.010786643251776695,0.0,0.0,0.021329496055841446,0.0,0.0,0.0,0.013236061669886112,0.0,0.0,0.48873960971832275,0.0,0.015171556733548641,0.025902075693011284,0.0,0.0,0.0,0.05238601565361023,0.20606045424938202,0.030551597476005554,0.0,0.1320403516292572,0.0,0.0,0.0,0.0,0.0,0.11832311004400253,0.0,0.0102957459166646,0.0,0.0,0.17512176930904388,0.021145088598132133,0.012714846059679985,0.032618068158626556,0.5678632259368896,0.0,0.00830857828259468,0.13192109763622284,0.0,0.009107057005167007,0.0,0.0,0.0,0.06265927106142044,0.0,0.0,0.004328829236328602,0.0,0.0,0.009675954468548298,0.0,0.1053033173084259,0.029159530997276306,1.0497815608978271,0.0,0.03363112360239029,0.00032995225046761334,0.0055243028327822685,0.030177803710103035,0.0,0.03725004568696022,0.0,0.0,0.40571731328964233,0.0,0.01996244117617607,0.0,0.0,0.0,0.0,0.05648685619235039,0.004937252961099148,0.0,8.26290633995086e-05,0.0,0.0,0.0,0.0,0.0,0.0,0.0,0.003054154571145773,0.0,0.00850682333111763,0.2087721824645996,0.0,0.07992741465568542,0.0,0.0,0.0,0.004658454563468695,0.0,0.05071801319718361,0.0,0.001086602220311761,0.02823287807404995,0.01713133417069912,0.0012057337444275618,0.0,0.018214572221040726,0.057206276804208755,0.0,0.05023680254817009,0.014915615320205688,0.0,0.012156568467617035,0.0,0.019396349787712097,0.0,0.01674267277121544,0.0,0.0,0.0,0.02622661180794239,0.0,0.0,0.0,0.022957229986786842,0.00473825354129076,0.0,0.31624794006347656,0.08126193284988403,0.0,0.0,0.0,0.0,0.046458758413791656,0.0,0.007912468165159225,0.13410715758800507,0.012609451077878475,0.0,0.013499250635504723,0.0,0.043105632066726685,0.0,0.0,0.0,0.07564358413219452,0.20640970766544342,0.027119336649775505,0.0,0.01365390419960022,0.2511870861053467,0.009584213607013226,0.0026956701185554266,0.0,0.2853061556816101,0.07627683877944946,0.043918196111917496,0.03680003434419632,0.0,0.0,1.074824571609497,0.45676249265670776,0.09493082016706467,0.0,0.0,0.0,0.0,0.0,0.007352912798523903,0.010857169516384602,0.48557063937187195,0.01008367445319891,0.11036232858896255,0.0,0.0,0.0,0.008230602368712425,0.03925953805446625,0.0,0.0,0.0608399398624897,0.16627170145511627,0.0,0.03980250284075737,0.34679877758026123,0.008843244053423405,0.44271254539489746,0.048192672431468964,0.005324121098965406,0.3439592123031616,0.04717404022812843,0.05037267506122589,0.0,0.3108769357204437,0.018611446022987366,0.0,0.0,0.0,0.0,0.0,0.0896892324090004,0.0,0.0,0.2652846574783325,0.026870712637901306,0.0,0.0,0.083063505589962,0.025845512747764587,0.003753101220354438,0.007052519358694553,0.0,0.0,0.11749478429555893,0.006674692500382662,0.00031296134693548083,0.0,0.04080308601260185,0.0,0.0,0.0039770412258803844,0.0,0.0,0.0,0.0,0.0,0.2776702046394348,0.017337588593363762,0.0,0.023444242775440216,0.0,0.11845843493938446,0.0,0.0,0.0027949828654527664,0.0,0.0536385253071785,0.010701638646423817,0.0,0.0,0.0,0.0,0.0,0.0,0.0,4.279613392554893e-07,0.0,0.0,0.0,0.013975593261420727,0.0,0.008042950183153152,0.0,0.04956229031085968,0.010801263153553009,0.014085032977163792,0.014378983527421951,0.052721694111824036,0.0,0.030949793756008148,0.0,0.11016160994768143,0.005683548282831907,0.021115846931934357,0.07605714350938797,0.09196628630161285,0.0,0.008090185932815075,0.0,0.002157052746042609,0.010267768055200577,0.24163216352462769,0.021733196452260017,0.030505914241075516,0.0,0.024117667227983475,0.038099635392427444,0.04991179332137108,0.0,0.032434526830911636,0.0,0.0,0.06981290131807327,0.10265254229307175,0.0,0.01651628501713276,0.0,0.02370641939342022,0.0213030818849802,0.06530752778053284,0.05111740157008171,0.0,0.0,0.14387907087802887,0.10332896560430527,0.01657656952738762,0.00014055967039894313,0.0,0.016938254237174988,0.0,0.6260074377059937,0.015203932300209999,0.012015732936561108,0.0,0.15773479640483856,0.07740768790245056,0.023804493248462677,0.0,0.08466481417417526,0.0,0.0,0.290022075176239,0.20924678444862366,0.0,0.08364523202180862,0.0,0.7989155650138855,0.0,0.0,0.0005857587093487382,0.008218971081078053,0.008301998488605022,0.0,0.0,0.0,0.03785945475101471,0.004950641188770533,0.20438025891780853,0.0,0.09380840510129929,0.0,0.010463711805641651,0.009016678668558598,0.11728048324584961,0.22142037749290466,0.0,0.0326753705739975,0.15065878629684448,0.0,0.02995687536895275,0.007701866794377565,0.0,0.0,0.10071121156215668,0.04958439990878105,0.0,0.0,0.02176761068403721,0.22455134987831116,0.005641057621687651,0.0,0.0,0.052945543080568314,0.10301300883293152,0.020353689789772034,0.0,0.0,0.00270112045109272,0.0,0.01028108224272728,0.017188699916005135,0.13871242105960846,0.0,0.07108789682388306,0.00950072892010212,0.07935373485088348,0.6667611598968506,0.06230609863996506,0.06809704750776291,0.017776599153876305,0.06808197498321533,0.011248810216784477,0.0,0.0,0.0,0.05276712402701378,0.020025210455060005,0.03986840695142746,0.0,0.022569747641682625,0.003292811568826437,0.37054145336151123,0.12282531708478928,0.0,0.04485667124390602,0.0,0.1812596321105957,0.3010290861129761,0.05132874846458435,0.029332730919122696,0.6072849631309509,0.019525954499840736,0.7606234550476074,0.07605680823326111,0.0,0.0,0.0,0.08185838907957077,0.0,0.05698366090655327,0.0,0.0,0.02308228239417076,0.0,0.0350460559129715,1.3089041709899902,0.15770132839679718,0.025074021890759468,0.0,0.07150470465421677,0.0,0.05282909423112869,0.029035335406661034,0.0015780949033796787,0.0,0.4244007468223572,0.05425485596060753,0.04495644196867943,0.031413085758686066,0.0,0.0,0.06437323242425919,0.0,0.09099697321653366,0.0685427263379097,0.0,0.2039322853088379,0.0,0.0638527050614357,0.0,0.0,0.002886508358642459,0.0,0.6568929553031921,0.3724733591079712,0.0,0.06019620969891548,0.2077600061893463,0.024322977289557457,0.1734648495912552,0.0005331644206307828,0.020758433267474174,0.012176107615232468,0.0016312432708218694,0.0,0.0,0.021177854388952255,0.0,0.05222610384225845,0.0,0.0941082313656807,0.14351236820220947,0.015402688644826412,0.0,0.061275795102119446,0.048230499029159546,0.025656476616859436,0.1857776641845703,0.015719987452030182,0.0,0.10334120690822601,0.0,0.014506385661661625,0.07660552114248276,0.0,0.051957834511995316,0.003636280307546258,0.0,0.008034643717110157,0.35656946897506714,0.0,0.07554429769515991,0.010997326113283634,0.0,0.0,0.0,0.015615093521773815,0.0,0.0,0.013261225074529648,0.008896062150597572,0.011072809807956219,0.0012755250791087747,0.006655385717749596,0.0,0.7559047937393188,0.10111723840236664,0.003994564991444349,0.20163044333457947,0.10206431150436401,0.002303748158738017,0.007727852091193199,0.0,0.017171284183859825,0.0,0.012364242225885391,0.05430649593472481,0.0022112203296273947,0.01058869156986475,0.0,0.001748440321534872,0.0,0.01563211902976036,0.0,0.09044217318296432,0.04149879515171051,0.024596426635980606,0.02569875866174698,0.1196005567908287,0.0897597149014473,0.018351679667830467,0.13153116405010223,0.042439017444849014,0.0,0.10211058706045151,0.0,0.0021549928933382034,0.0,0.03747953474521637,0.009393762797117233,0.0,0.09057480841875076,0.22356349229812622,0.0,0.0,0.0010125255212187767,0.05288145691156387,0.0,0.0,0.04176061972975731,0.00956723839044571,0.0,0.06184923276305199,0.029783394187688828,0.005949364975094795,0.015518827363848686,0.0,0.0,0.007906029000878334,0.00440240977331996,0.04197825491428375,0.22302082180976868,0.017892684787511826,0.44862234592437744,0.026103872805833817,0.020656516775488853,0.20091553032398224,0.0,0.01860792376101017,0.0,0.0,0.0011697399895638227,0.0,0.11026490479707718,0.3903430104255676,0.0032229102216660976,0.0035347079392522573,0.0,0.0,0.010868116281926632,0.0,0.003751222975552082,0.0,0.0,0.44450196623802185,0.0,0.009949032217264175,0.0,0.0,0.2049895077943802,0.007312668487429619,0.0,0.0,0.0,0.21746017038822174,0.0038867020048201084,0.045666370540857315,0.0011205816408619285,0.0,0.013139751739799976,0.023920312523841858,0.0,0.0,0.06763789057731628,0.017426252365112305,0.02209491655230522,0.021572822704911232,0.0,0.0,0.05331368371844292,0.0,0.019444739446043968,0.0,0.0,0.04076993837952614,0.05393712967634201,0.07644390314817429,0.0,0.03346088528633118,0.08774886280298233,0.06291797757148743,0.0,0.03590559586882591,0.6816632151603699,0.0055666519328951836,0.2805924117565155,0.043097104877233505,0.14755463600158691,0.04137129709124565,0.356937050819397,0.0,0.004328520502895117,0.0,0.03464213013648987,0.021031497046351433,0.007777061313390732,0.0,0.02539844997227192,0.0,0.047833941876888275,0.01860816217958927,0.030154865235090256,0.0,0.4309580326080322,0.018305882811546326,0.0960596352815628,0.00027380645042285323,0.0,0.050374485552310944,0.0028808070346713066,0.05464514344930649,0.017996931448578835,0.0,0.0,0.00984880793839693,0.0,0.011327913962304592,0.05889933183789253,0.008231447078287601,0.00955762155354023,0.007011151406913996,0.03268556296825409,0.009592592716217041,0.02194218896329403,0.0,0.0,0.0,0.054484590888023376,0.0681610181927681,0.778666079044342,0.0,0.0,0.0,0.0,0.0,0.05777787044644356,0.0,0.0,0.0,0.0,0.0,0.0006411218782886863,0.10739438980817795,0.0,0.0065880585461854935,0.21646521985530853,0.016782622784376144,0.21497808396816254,0.05327373370528221,0.04256362095475197,0.0,0.15735042095184326,0.0,0.0,0.023233862593770027,0.012855904176831245,0.0,0.0,0.31614458560943604,0.0,0.0,0.10422203689813614,0.0,0.0,0.0,0.0,0.0,0.0,0.018808959051966667,0.03560245409607887,0.014115443453192711,0.0,0.0,0.007494157645851374,0.015354404225945473,0.0,0.0,0.1007801741361618,0.023160971701145172,0.08536768704652786,0.1005491316318512,0.0,0.039081260561943054,0.0,0.0,0.0,0.1298927366733551,0.0,0.0,0.049738332629203796,0.0022802685853093863,0.00240099779330194,0.0,0.0,0.04810185357928276,0.0,0.0,0.0,0.0,0.0,0.0,0.027938859537243843,0.004943128675222397,0.025056447833776474,0.4874301254749298,0.00012652456643991172,0.014501837082207203,0.0,0.0,0.0,0.2016412913799286,0.0,0.08997185528278351,0.3678513467311859,0.0,0.0,0.0276835635304451,0.0,0.0,0.0,0.0,0.3610740900039673,0.0,0.0,0.0,0.0,0.0,0.3584725260734558,0.14839757978916168,0.011417200788855553,0.0,0.0028368758503347635,0.11552013456821442,0.3312132656574249,0.0,0.0,0.0028937053866684437,0.0,0.0,0.0001242799189640209,0.0,0.0,0.007409499492496252,0.0,0.0,0.0,0.0,0.27788764238357544,0.0,0.01780775934457779,0.04131608456373215,0.00939939171075821,0.0,0.2868771255016327,0.14810913801193237,5.782510925200768e-05,0.13328959047794342,0.00278652785345912,0.0,0.0,0.007125439587980509,0.049181755632162094,0.0,0.0,0.022565091028809547,0.0,0.016369033604860306,0.02338416501879692,0.00908711925148964,0.0,0.0,0.006911373231559992,0.17605003714561462,0.009559638798236847,0.009916248731315136,0.04318632185459137,0.0,0.055345434695482254,0.03112565539777279,0.07696229964494705,0.047927383333444595,0.0,0.0,0.003333187196403742,0.06020667403936386,0.0014245468191802502,0.0,0.02356579340994358,0.0,0.02658560313284397,0.0,0.0,0.0,0.0,0.0048021781258285046,0.004402574151754379,0.008292892947793007,0.0,0.0,0.05947333946824074,0.05018503963947296,0.06947145611047745,0.010867460630834103,0.014466589316725731,0.0011308097746223211,0.0,0.0,0.22806188464164734,0.0,0.06810589879751205,0.04269102215766907,0.0029192520305514336,0.0,0.3175922632217407,0.000913057301659137,0.01685154251754284,0.0
0.0,0.004801379516720772,0.35539740324020386,0.00036849023308604956,0.0,0.0,0.011344900354743004,0.01811421662569046,0.0,0.0931326225399971,0.0,0.0797806829214096,0.020636463537812233,0.29481515288352966,0.10293872654438019,0.1560559868812561,0.001004102174192667,0.027819421142339706,0.0,0.2630174160003662,0.03804058954119682,0.0,0.029359159991145134,0.13097116351127625,0.0417780838906765,0.11276067793369293,0.0,0.0,0.0,0.0,0.44203564524650574,0.10820024460554123,0.0,0.0,0.22709721326828003,0.20444415509700775,0.007511944975703955,0.03870061784982681,0.0,0.08957470208406448,0.34987908601760864,0.0,0.004843950271606445,0.12976883351802826,0.48191824555397034,0.011184414848685265,0.0423804372549057,0.0,0.24307750165462494,0.0,0.0,0.23576048016548157,0.00497746467590332,0.14226612448692322,0.03898017480969429,0.0,0.0,0.0,0.10188494622707367,0.009492461569607258,0.0015777838416397572,0.4350200295448303,0.06388047337532043,0.0,0.0068038771860301495,0.32225364446640015,0.12812946736812592,0.015492284670472145,0.042564865201711655,0.006332924589514732,0.23601143062114716,0.018340568989515305,0.00493980385363102,0.10704265534877777,0.010655841790139675,0.135914146900177,0.40236005187034607,0.0007426771335303783,0.16107846796512604,0.4206722676753998,0.0,0.09519731253385544,0.0,0.06734463572502136,0.01708454079926014,0.2765311896800995,0.06291966140270233,0.00011798620107583702,0.0,0.02426549233496189,0.017293430864810944,0.006645298097282648,0.22890281677246094,0.5072414875030518,0.0,0.19600971043109894,0.04269720986485481,0.0,0.0,0.0,0.022592484951019287,0.050867170095443726,0.1343947798013687,0.007807624526321888,0.06873369961977005,0.017657019197940826,0.013058190234005451,0.0,0.004831933882087469,0.0082172229886055,0.05053685978055,0.016191871836781502,0.0,0.15515479445457458,0.00944893155246973,0.4389980733394623,0.0,0.10600138455629349,0.0,0.1657511293888092,0.011909080669283867,0.0019692014902830124,0.3422325849533081,0.03889217972755432,0.011544005945324898,0.006005297880619764,0.20260097086429596,0.028502540662884712,0.12719158828258514,0.005563709884881973,0.10611771792173386,0.0,0.03943667188286781,0.016197314485907555,0.04637874662876129,0.08676225692033768,0.010605084709823132,0.0,0.013175810687243938,0.0,0.09604306519031525,0.037429675459861755,0.0,0.034867335110902786,0.2465212047100067,0.0,0.017456326633691788,0.2991044819355011,0.010233934037387371,0.05300246551632881,0.05448835343122482,0.0,0.07104494422674179,0.07033717632293701,0.0,0.029278168454766273,0.008652267046272755,0.023043980821967125,0.11646692454814911,0.07990597188472748,0.0031380325090140104,0.006102479062974453,0.023110145702958107,0.4127189517021179,0.08552386611700058,0.0,0.24427933990955353,0.0,0.11386480927467346,0.3496684730052948,0.11002342402935028,0.04044179990887642,0.07293358445167542,0.2298523336648941,0.06757798790931702,0.04254479333758354,0.5544993281364441,0.0068430290557444096,0.0,0.3272406756877899,0.0,0.0003109431127086282,0.028307447209954262,0.0063384342938661575,0.01603664644062519,0.29506367444992065,0.1839916855096817,0.06276451796293259,0.04647098481655121,0.27765128016471863,0.02539071813225746,0.07286647707223892,0.0,0.0054467059671878815,0.01571647822856903,0.020230434834957123,0.03975241258740425,0.019424496218562126,0.2605689764022827,0.004904904402792454,0.14138619601726532,0.032189369201660156,0.0,0.1599544882774353,0.0016701960703358054,0.019660986959934235,0.04972735792398453,0.0010376226855441928,0.07441528141498566,0.10391516983509064,0.13721691071987152,0.002163722412660718,0.22041112184524536,0.0,0.024946952238678932,0.02859552390873432,0.04350079968571663,0.04125772789120674,0.0,0.018082551658153534,0.059255197644233704,0.019879914820194244,0.17963771522045135,0.16321013867855072,0.0,0.18689411878585815,0.00776887871325016,0.01036110520362854,0.10260269045829773,0.10525527596473694,0.14406277239322662,0.0056823561899363995,0.207804873585701,0.0752851739525795,0.13137301802635193,0.2505355477333069,0.013959717936813831,0.1069585382938385,0.041423626244068146,0.003680182620882988,0.0,0.05602544918656349,0.060680799186229706,0.0,0.0638812705874443,0.034256648272275925,0.07593521475791931,0.05282383784651756,0.0,0.0038498330395668745,0.009425921365618706,0.0023340177722275257,0.0014484095154330134,0.007175259757786989,0.0,0.09450231492519379,0.0,0.07642466574907303,0.07015231996774673,0.4477848708629608,0.0,0.018380900844931602,0.030235614627599716,0.0,0.11723771691322327,0.033480387181043625,0.07364991307258606,0.05799272656440735,0.002116916235536337,0.01709301769733429,0.1055912971496582,0.004678285215049982,0.0,0.10801462084054947,0.03180861100554466,0.0,0.0511602982878685,0.010852804407477379,0.17370380461215973,0.18993201851844788,0.0,0.0,0.012070247903466225,0.1669284701347351,0.03327014669775963,0.6174978017807007,0.0,0.0,0.18594485521316528,0.0381198413670063,0.15743380784988403,0.10268434882164001,0.07579676806926727,0.0,0.04396435618400574,0.01926419697701931,0.18925592303276062,0.0,0.2703723609447479,0.0,0.019287042319774628,0.0331009179353714,0.20700262486934662,0.14982381463050842,0.12997618317604065,0.0,0.003267190419137478,0.01648196391761303,0.0,0.0,0.0,0.1436004787683487,0.019892001524567604,0.19319398701190948,0.06104210019111633,0.32155296206474304,0.03313000127673149,0.005597655661404133,0.20461809635162354,0.03499651327729225,0.0,0.031340230256319046,0.0,0.0,0.6823364496231079,0.0,0.0,0.0,0.0,0.0,0.0,0.04954342916607857,0.0,0.0,0.013106964528560638,0.0,0.0,0.0,0.006706965621560812,0.08002474159002304,0.0845869705080986,0.006256918888539076,0.0,0.0,0.0,0.0,0.0,6.574630970135331e-05,0.0,0.0,0.15947261452674866,0.0,0.11547143012285233,0.0400671511888504,0.25077781081199646,0.0,0.0,0.0,0.0773148462176323,0.010685019195079803,0.00036809564335271716,0.0,0.0,0.0,0.0,0.0,0.08689276874065399,0.034872736781835556,0.007608968764543533,0.0,0.5061586499214172,0.0,0.0,0.03561130166053772,0.005983809009194374,0.0005617432179860771,0.0,0.0,0.0019024851499125361,0.1604473888874054,0.03302775323390961,0.0015944981714710593,0.0,0.008258363232016563,0.006905281450599432,0.0,0.0,0.05692006275057793,0.0,0.0,0.21686622500419617,0.0,0.0,0.0,0.0,0.0,0.13088122010231018,0.0,0.10982192307710648,0.020928502082824707,6.346702866721898e-05,0.03484765812754631,0.0,0.008036958985030651,0.020181946456432343,0.0,0.03734593838453293,0.0,0.0,0.028086833655834198,0.0,0.0,0.0,0.0,0.00785012450069189,0.0,0.0,0.0,0.0,0.0,0.02311955764889717,0.0,0.05438850447535515,0.0,0.011295841075479984,0.14948217570781708,0.009517796337604523,0.02181863598525524,0.020151441916823387,0.1495758444070816,0.0,0.0016541869845241308,0.0,0.09382200986146927,0.0,0.0,0.0,0.01271243765950203,0.0,0.0,0.0,0.0,0.0015469181817024946,0.02166856825351715,0.0,0.0,0.0979517251253128,0.0,0.007523479405790567,0.0428738072514534,0.00665671844035387,0.0,0.0,0.049356184899806976,0.0,0.003945675678551197,0.0,0.0,0.019992224872112274,0.0,0.006033311598002911,0.24553945660591125,0.0,0.0,0.098239965736866,0.21449688076972961,0.060336727648973465,0.0,0.0,0.0,0.0,0.0,0.026136508211493492,0.0,0.024139074608683586,0.0,0.0,0.03485913202166557,0.045986004173755646,0.0,0.0,0.0,0.13849715888500214,0.006135250441730022,0.05791386961936951,0.23286102712154388,0.008991897106170654,0.0,0.0,0.0,0.005461829714477062,0.0,0.0,0.0,0.0,0.0,0.0,0.0023012913297861814,0.03603699803352356,0.0,0.0,0.0,0.01743658073246479,0.0526701845228672,0.0011601090664044023,0.0,0.0,0.007106470409780741,0.1895677149295807,0.019184596836566925,0.03812902420759201,0.005461857188493013,0.0,0.004982806276530027,0.0,0.0,0.12667617201805115,0.04582573100924492,0.0,0.024160586297512054,0.0,0.0,0.43756237626075745,0.0,0.004301618319004774,0.0,0.0,0.0,0.0,0.02494579739868641,0.01982550323009491,0.0,0.0009855962125584483,0.0,0.0,0.10392222553491592,0.0,0.0,0.0,0.020471980795264244,0.008034207858145237,0.06808807700872421,0.0,0.06231043487787247,0.0,0.0,0.02156062051653862,0.0,0.0035603069700300694,0.0,0.004951119422912598,0.0721777155995369,0.02319272607564926,0.21325519680976868,0.0,0.011066808365285397,0.0,0.0,0.010111008770763874,0.0,0.0,0.12697573006153107,0.06626765429973602,0.0,0.19247879087924957,0.046469081193208694,0.0,0.0,0.06475051492452621,0.29753613471984863,0.0,0.03686748817563057,0.09369217604398727,0.0,0.0,0.016609353944659233,0.0,0.00027029812918044627,0.0,0.005181670188903809,0.08439952880144119,0.0,0.07716630399227142,0.0,0.17225563526153564,0.05212078616023064,0.1027054488658905,0.014285407029092312,0.0,0.0,0.0,0.0005104094743728638,0.0,0.0,0.00499943271279335,0.1633514165878296,0.013092043809592724,0.03426230698823929,0.0,0.0,0.0,0.0,0.0,0.021326284855604172,0.0,0.0,0.0,0.42075976729393005,0.010633314028382301,0.061682671308517456,0.0,0.14045308530330658,0.0,0.0,0.0,0.006901836488395929,0.03153766319155693,0.07782602310180664,0.0,0.0,0.0,0.0,0.0,0.0,0.038721803575754166,0.005481808912009001,0.0,0.004996584262698889,0.0,0.08734360337257385,0.023797407746315002,0.020091332495212555,0.0,0.0,0.0,0.0,0.0,0.0049764178693294525,0.0,0.0,0.0,0.0,0.13255928456783295,0.013469130732119083,0.0,0.0,0.0,0.0,0.026551946997642517,0.0,0.0,0.01502231229096651,0.0,0.0,0.006121073849499226,0.0,0.0,0.0855475515127182,0.00147729879245162,0.13117846846580505,0.03383849561214447,0.0,0.21720890700817108,0.00497560016810894,0.08660470694303513,0.027325645089149475,0.008291194215416908,0.13253584504127502,0.0,0.035362835973501205,0.1005459576845169,0.0,0.044551726430654526,0.0015509665245190263,0.0,0.002193356864154339,0.0,0.0,0.0,0.004476441536098719,0.0,0.06703156232833862,0.0,0.0,0.0,0.13068887591362,0.0035829355474561453,0.0,0.0,0.0,0.011706897988915443,0.11657050251960754,0.026691051200032234,0.00527986278757453,0.06682530045509338,0.07922439277172089,0.0,0.0,0.005804171785712242,0.05144615098834038,0.0,0.0,0.4147595465183258,0.05111149698495865,0.0406934879720211,0.0,0.04637627676129341,0.0,0.14321397244930267,0.011246387846767902,0.0,0.0,0.002827240154147148,0.012771484442055225,0.17409415543079376,0.11769627779722214,0.03648374602198601,0.0,0.0,0.08146568387746811,0.0006891685770824552,0.015400792472064495,0.0,0.05350200831890106,0.007321925368160009,0.026385756209492683,0.0,0.0743616372346878,0.0,0.19927936792373657,0.0,0.0,0.0014470922760665417,0.2639344334602356,0.03335219621658325,0.0,0.0,0.5673997402191162,0.0,0.01696629263460636,0.0,0.013728401623666286,0.0,0.0,0.0,0.018465155735611916,0.22283820807933807,0.0,0.12713244557380676,0.0,0.0,0.0,0.0055602071806788445,0.0,0.005514861550182104,0.01089155301451683,0.0,0.2778606712818146,0.10729118436574936,0.0,0.0,0.0015030705835670233,0.08527573943138123,0.0013665928272530437,0.37584784626960754,0.0,0.0,0.0,0.08303063362836838,0.0,0.08626972883939743,0.0744151845574379,0.07694275677204132,0.14396122097969055,0.018495505675673485,0.0007033944129943848,0.007058620452880859,0.025319207459688187,0.03230668604373932,0.02072490192949772,0.0,0.0,0.18272268772125244,0.010416877456009388,0.039936184883117676,0.0,0.01675240322947502,0.11257496476173401,0.21260862052440643,0.0,0.03271820396184921,0.02859029732644558,0.049237653613090515,0.0,0.0,0.0,0.07566872984170914,0.0,0.011139055714011192,0.13809822499752045,0.029156602919101715,0.0280759334564209,0.0,0.01978888362646103,0.0,0.0,0.01627257838845253,0.05753428488969803,0.06925980001688004,0.0,0.14397823810577393,0.0,0.0,0.0,0.0018558677984401584,0.09120010584592819,0.25541403889656067,0.005315144080668688,0.0907268300652504,0.05188758298754692,0.0,0.0,0.0,0.0,0.0,0.009793107397854328,0.004210748244076967,0.0,0.0,0.015336952172219753,0.1586095094680786,0.0,0.0005734229343943298,0.019602006301283836,0.01067361980676651,0.0,0.19510693848133087,0.0,0.0,0.04353505000472069,0.0338095985352993,0.0,0.04797935113310814,0.006141433492302895,0.23984140157699585,0.0,0.0,0.5619169473648071,0.0,0.02585228905081749,0.006668944377452135,0.0,0.0,0.0,0.008152596652507782,0.0371185801923275,0.0,0.133442223072052,0.0,0.0,0.000933700823225081,0.0,0.004737427458167076,0.010740608908236027,0.0,0.01984218694269657,0.003657327964901924,0.004915277939289808,0.002060916507616639,0.0,0.3872745931148529,0.0,0.0,0.0,0.0,0.0,0.0,0.6807765364646912,0.06572305411100388,0.014963055960834026,0.023587429895997047,0.08337900042533875,0.0,0.0164952389895916,0.0,0.19895631074905396,0.005630996078252792,0.07496418803930283,0.024081747978925705,0.005928239785134792,0.0,0.014999781735241413,0.1786786913871765,0.0,0.004674839787185192,0.0,0.11860882490873337,0.052452780306339264,0.08414115756750107,0.016186438500881195,0.07400427758693695,0.039787657558918,0.0,0.48374348878860474,0.0,0.0,0.06277313828468323,0.010797441005706787,0.051957711577415466,0.0,0.006685738451778889,0.0,0.04519722983241081,0.10658440738916397,0.0,0.12347957491874695,0.022680561989545822,0.05887435004115105,0.0,0.034762464463710785,0.35420718789100647,0.012240900658071041,0.1796329915523529,0.08548958599567413,0.16290165483951569,0.025428522378206253,0.026717253029346466,0.11884311586618423,0.13560253381729126,0.04328155517578125,0.22750355303287506,0.0,0.0,0.3981448709964752,0.0032249020878225565,0.0,0.02621380053460598,0.0,0.0,0.0980629026889801,0.007222489919513464,0.0028095317538827658,0.0,0.0,0.005052527412772179,0.0,0.2723970413208008,0.059780314564704895,0.0,0.0,0.021088993176817894,0.0,0.010438439436256886,0.09633810073137283,0.0,0.08583881705999374,0.0,0.14926853775978088,0.0,0.007059663534164429,0.05419778823852539,0.0,0.04322310537099838,0.0,0.04086114838719368,0.1519048810005188,0.0,0.06486164778470993,0.0240982286632061,0.08376020193099976,0.001081992406398058,0.08865876495838165,0.0585208460688591,0.008022747002542019,0.0,0.21362949907779694,0.0,0.0,0.005954995285719633,0.5193169116973877,0.15012124180793762,0.0,0.013473751954734325,0.35190048813819885,0.0,0.0,0.0,0.27994033694267273,0.0,0.04146349057555199,0.0,0.0022999513894319534,0.0,0.007255859207361937,0.09079184383153915,0.0,0.0,0.17985595762729645,0.027532486245036125,0.0,0.0,0.22785863280296326,0.007104582618921995,0.003496036631986499,0.0242362841963768,0.03041188418865204,0.04515858739614487,0.024018732830882072,0.012456562370061874,0.07262981683015823,0.0010107549605891109,0.0,0.29895323514938354,0.0,0.0,0.01498006097972393,0.07218385487794876,0.07352887094020844,0.0,0.11255969107151031,0.0,0.0,0.3163532316684723,0.023865483701229095,0.0,0.033546414226293564,0.0,0.0,0.0343819335103035,0.4126536548137665,0.0,0.0028714847285300493,0.23207154870033264,0.07085880637168884,0.02933640219271183,0.0850432813167572,0.0,0.05027494952082634,0.02680550515651703,0.0,0.0,0.0,0.062283340841531754,0.003577201394364238,0.0,0.009421155788004398,0.05208858475089073,0.09828431904315948,0.005580046214163303,0.21175502240657806,0.002165052806958556,0.03320809453725815,0.01335116382688284,0.0,0.19781039655208588,0.005049465224146843,0.01648441143333912,0.11030114442110062,0.0001491391594754532,0.0,0.13718432188034058,0.060269203037023544,0.0,0.02368703857064247,0.42858466506004333,0.0970466211438179,0.04635101929306984,0.0,0.06710103154182434,0.1734181046485901,0.03575414791703224,0.07373177260160446,0.0,0.064701147377491,0.0,0.027569130063056946,0.03634500131011009,0.06628569960594177,0.37076878547668457,0.0007878863834775984,0.46901294589042664,0.0,0.007782981265336275,0.011629491113126278,0.3010798692703247,0.11830811202526093,0.12618805468082428,0.09905344992876053,0.0,0.010354547761380672,0.010305531322956085,0.021873025223612785,0.0,0.02397383749485016,0.03228747472167015,0.0,0.0,0.0,0.0,0.11205653101205826,0.0,0.0,0.09198940545320511,0.03155982121825218,0.21275821328163147,0.0,0.0,0.005455140024423599,0.0,0.0,0.0,0.4771205484867096,0.0,0.0,0.0,0.0,0.14723990857601166,0.0,0.0,0.0,0.06251630187034607,0.006810593418776989,0.031231766566634178,0.24768191576004028,0.2714177668094635,0.0,0.009162562899291515,0.004353597294539213,0.05607574060559273,0.0,0.0,0.0,0.0,0.04035197198390961,0.0,0.0,0.0,0.005671199411153793,0.005228830501437187,0.13212022185325623,0.1379036009311676,0.0,0.0,0.0,0.001691825338639319,0.0,0.40204739570617676,0.03464288264513016,0.2734845280647278,0.0,0.06715088337659836,0.007348533719778061,0.004325637593865395,0.0,0.0380953848361969,0.0,0.043563395738601685,0.00015397935931105167,0.018384777009487152,0.027743013575673103,0.0,0.012872240506112576,0.0,0.04820600897073746,0.0,0.037618160247802734,0.019856613129377365,0.0,0.0,0.00675989268347621,0.0,0.0,0.7854400873184204,0.2251860797405243,0.0,0.0,0.03740531951189041,0.0020181613508611917,0.010222036391496658,0.04320957139134407,0.09248069673776627,0.0,0.0,0.6832572817802429,0.0,0.0,0.0,0.007457416038960218,0.0,0.0,0.0,0.00476227980107069,0.0,0.0,0.0,0.4328674077987671,0.02367650531232357,0.0,0.08674190193414688,0.0,0.00874730572104454,0.0,0.0,0.0,0.00916239246726036,0.01126888021826744,0.2016802579164505,0.02618001028895378,1.2508078813552856,0.0,0.0,0.008992152288556099,0.0,0.0,0.020830776542425156,2.2792792320251465,0.025204630568623543,0.0,0.0,0.018312502652406693,0.0,0.0,0.0,0.013904430903494358,0.0,0.0,0.5122494101524353,0.0,0.024092910811305046,0.02969018928706646,0.0,0.0,0.0,0.06777652353048325,0.22282513976097107,0.06566813588142395,0.0,0.14243566989898682,0.0,0.0,0.0,0.0,0.0,0.12270235270261765,0.020473133772611618,0.024614296853542328,0.0,0.0,0.19279533624649048,0.015480007976293564,0.007609972730278969,0.0405038446187973,0.5490984320640564,0.0,0.012051143683493137,0.1839267909526825,0.0,0.03184128180146217,0.0,0.0027379095554351807,0.0,0.08155212551355362,0.0,0.0,0.0031005716882646084,0.0,0.0,0.009490923956036568,0.0,0.12879130244255066,0.030981317162513733,0.9233424663543701,0.0,0.037559155374765396,0.0,0.005024435464292765,0.05757603049278259,0.0,0.050385020673274994,0.0,0.0,0.5722726583480835,0.0,0.015910329297184944,0.0,0.0,0.0,0.0,0.03149808943271637,0.017487414181232452,0.0,0.0,0.0,0.0,0.0,0.0,0.005132732447236776,0.0,0.0,0.0011861472157761455,0.0,0.003972272854298353,0.19118806719779968,0.0,0.09650024771690369,0.0,0.0,0.0,0.009487769566476345,0.0,0.04766979068517685,0.0,0.0029694009572267532,0.0749141275882721,0.008259025402367115,0.0,0.0,0.01804109662771225,0.15133744478225708,0.0,0.04551306739449501,0.015540489926934242,0.0,0.016593139618635178,0.0,0.02078056149184704,0.0,0.03627025708556175,0.0,0.0,0.0,0.035071469843387604,0.0,0.0,0.0,0.03698736056685448,0.0,0.0,0.31443488597869873,0.09522529691457748,0.0,7.408261444652453e-05,0.0,0.0014561987482011318,0.0247794296592474,0.0,0.006407010369002819,0.06332408636808395,0.015193152241408825,0.0,0.010887188836932182,0.0,0.05575592443346977,0.00728102819994092,0.0,0.0,0.049044035375118256,0.18614061176776886,0.036324694752693176,0.0,0.002034604549407959,0.13804368674755096,0.005693658720701933,0.008929312229156494,0.0,0.28692328929901123,0.10112739354372025,0.07846444845199585,0.01928981952369213,0.0,0.0,0.9174267649650574,0.45000380277633667,0.0891646295785904,0.0,0.0,0.0,0.0,0.0,0.016283731907606125,0.0,0.4927194118499756,0.008244485594332218,0.10652633756399155,0.0,0.0,0.0,0.007564909290522337,0.046423643827438354,0.0,0.0,0.06006130576133728,0.18460828065872192,0.0,0.0054206266067922115,0.30520007014274597,0.012380441650748253,0.5393839478492737,0.05571511387825012,0.009792510420084,0.2603912651538849,0.029259705916047096,0.023650016635656357,0.0,0.39301541447639465,0.016698850318789482,0.0,0.011862427927553654,0.0,0.0,0.0,0.1182166039943695,0.0,0.0,0.29934975504875183,0.03551137074828148,0.0,0.0,0.06923326104879379,0.009512897580862045,0.0,0.0,0.0032786368392407894,0.0,0.1569877564907074,0.004816610831767321,0.0,0.0,0.06500159204006195,0.013225758448243141,0.0,0.003853430738672614,0.0,0.0,0.0,0.0,0.0,0.2511774003505707,0.006948574911803007,0.0,0.010614135302603245,0.0,0.1693258136510849,0.0,0.0,0.0036018402315676212,0.0,0.05832646042108536,0.02712041139602661,0.0,0.0,0.0,0.0,0.0,0.0,0.0,0.002164665376767516,0.0,0.0,0.0,0.01714913174510002,0.0,0.007657900918275118,0.0,0.04184762388467789,0.005980193614959717,0.023698978126049042,0.005924062803387642,0.0430624857544899,0.0,0.020896613597869873,0.0,0.14445030689239502,0.011049073189496994,0.035186994820833206,0.08286450058221817,0.09953365474939346,0.0,0.0,0.0,0.010893144644796848,0.012338053435087204,0.2089558094739914,0.029664654284715652,0.01729327253997326,0.0,0.023519335314631462,0.041804857552051544,0.041043806821107864,0.0,0.027577437460422516,0.0,0.0,0.07167991995811462,0.10740967094898224,0.00021299481159076095,0.009879622608423233,0.0,0.03820391744375229,0.02033008262515068,0.06448536366224289,0.018880480900406837,0.0,0.0,0.12280147522687912,0.12377191334962845,0.00849215965718031,0.0021427643951028585,0.0,0.012197606265544891,0.0,0.5860841870307922,0.016045618802309036,0.007999463938176632,0.0,0.16852885484695435,0.0793360024690628,0.054362937808036804,0.0,0.08775094151496887,0.0,0.0,0.24665194749832153,0.18030406534671783,0.0,0.06981317698955536,0.0,0.7639519572257996,0.0,0.0,0.007564583793282509,0.009070280939340591,0.00025133611052297056,0.011228620074689388,0.0,0.0,0.0430314727127552,0.002000759355723858,0.20569585263729095,0.0,0.09174640476703644,0.0,0.0026676536072045565,0.005335169844329357,0.15162980556488037,0.1912652552127838,0.0,0.03373723104596138,0.12977105379104614,0.0,0.055437494069337845,0.0032306171488016844,0.0,0.0,0.0999847799539566,0.04993230476975441,0.004350938834249973,0.0,0.018117353320121765,0.2252100557088852,0.01806277222931385,0.0,0.0015685296384617686,0.040461216121912,0.08804982155561447,0.007616995368152857,0.0018411647761240602,0.0,0.006791736930608749,0.0,0.02051757276058197,0.01357367541640997,0.12859557569026947,0.0,0.068944551050663,0.0,0.06259635835886002,0.7030607461929321,0.054271019995212555,0.052371054887771606,0.004604661371558905,0.0745781883597374,0.023495826870203018,0.0,0.0,0.0,0.02806284837424755,0.01591276004910469,0.04326975718140602,0.005642743315547705,0.031099824234843254,0.005095896311104298,0.38183197379112244,0.15251006186008453,0.0,0.044816188514232635,0.00025286912568844855,0.21103893220424652,0.3340921103954315,0.04047589749097824,0.014438629150390625,0.5732390284538269,0.020205993205308914,0.7865455150604248,0.08851776272058487,0.0015166020020842552,0.0,0.0,0.08414909243583679,0.0,0.040543269366025925,0.0,0.0,0.047832731157541275,0.0,0.03743941709399223,1.2208586931228638,0.16418170928955078,0.024247808381915092,0.0,0.06251493841409683,0.0,0.05426429584622383,0.031923651695251465,0.001641428447328508,0.0,0.3475011885166168,0.05797717720270157,0.03730113059282303,0.02365637943148613,0.0,0.0,0.06747415661811829,0.0,0.10981574654579163,0.048499010503292084,0.0,0.23623280227184296,0.0015353965573012829,0.04357827827334404,0.0,0.005377361550927162,0.0,0.0,0.7097281813621521,0.34015461802482605,0.0,0.06516555696725845,0.16995936632156372,0.02187449298799038,0.11977069824934006,0.002810625359416008,0.030432147905230522,0.01313233096152544,0.013040618970990181,0.0,0.0,0.03474763035774231,0.0,0.08829454332590103,0.0,0.0864647701382637,0.10378117859363556,0.016549820080399513,0.0,0.04659964516758919,0.03470882028341293,0.028384167701005936,0.17264187335968018,0.007863995619118214,0.0,0.13967624306678772,0.0,0.024564070627093315,0.08005448430776596,0.0,0.056436456739902496,0.0,0.0,0.0012790977489203215,0.389112651348114,0.0,0.07012630254030228,0.020134596154093742,0.0,0.0,0.0,0.01245974563062191,0.0,0.0,0.017771078273653984,0.03180092200636864,0.028308501467108727,0.0009501028107479215,0.023842530325055122,0.0,0.7019209265708923,0.13903877139091492,0.0040818690322339535,0.23174911737442017,0.07310701161623001,0.009486851282417774,0.004080281127244234,0.0,0.03266631439328194,0.0,0.014608834870159626,0.0628407895565033,0.01288612000644207,0.0032661021687090397,0.0,0.0,0.0,0.009366878308355808,0.0,0.0991799384355545,0.0373523086309433,0.035762935876846313,0.029880966991186142,0.1325811892747879,0.07728154212236404,0.007678321562707424,0.07765943557024002,0.033659324049949646,0.0,0.09965679794549942,0.0,0.0006004726747050881,0.0,0.0234143678098917,0.017113201320171356,0.003967945463955402,0.08856351673603058,0.2527209520339966,0.0,0.0,0.0,0.03413332998752594,0.0,0.0,0.08418716490268707,0.005678614601492882,0.00345020298846066,0.08658852428197861,0.0025309992488473654,0.0028813385870307684,0.008658323436975479,0.0,0.0,0.007749574258923531,0.0,0.01599246822297573,0.2502654492855072,0.009509420022368431,0.4313696026802063,0.027198657393455505,0.018986696377396584,0.23514613509178162,0.0,0.01838436722755432,0.0,0.0,0.001084797433577478,0.0,0.18166771531105042,0.4516436457633972,0.0,0.015524668619036674,0.0,0.0,0.009141543880105019,0.0,0.0,0.006660470739006996,0.0,0.47748124599456787,0.0,0.0,0.0,0.0,0.15975281596183777,0.006899593863636255,0.0,0.0,0.0,0.22524520754814148,0.008208227343857288,0.052820540964603424,0.0,0.0,0.005206468049436808,0.015565681271255016,0.0,0.0,0.06569336354732513,0.030818315222859383,0.022530447691679,0.011773576959967613,0.0,0.0,0.06441790610551834,0.0,0.026743188500404358,0.0,0.0,0.022739632055163383,0.048193205147981644,0.07722484320402145,0.0,0.018645135685801506,0.0771513283252716,0.07309817522764206,0.0,0.03852709382772446,0.5772178769111633,0.007143227383494377,0.25923287868499756,0.06471633911132812,0.15056975185871124,0.025429638102650642,0.26843497157096863,0.0,0.0011867332505062222,0.0,0.04407669976353645,0.01766546629369259,0.005808199755847454,0.0,0.02197878807783127,0.0,0.04479801282286644,0.015151402913033962,0.0941765308380127,0.0,0.3428440988063812,0.017438430339097977,0.032477106899023056,0.0,0.0,0.041690435260534286,0.007606196217238903,0.07567308843135834,0.025779230520129204,0.0,0.0044876039028167725,0.0366893894970417,0.0,0.009827529080212116,0.0671844631433487,0.009616403840482235,0.0004120183002669364,0.004555237479507923,0.02515200525522232,0.009669928811490536,0.020031999796628952,0.0,0.0,0.0,0.07444438338279724,0.0604562871158123,0.741985559463501,0.0,0.0,0.0,0.0,0.0,0.07787494361400604,0.0,0.0,0.0,0.0,0.0,0.009373871609568596,0.1382245272397995,0.0,0.014334815554320812,0.20666192471981049,0.0208442360162735,0.23154817521572113,0.014506494626402855,0.10248742252588272,0.0,0.1775636523962021,0.0,0.0,0.004204009659588337,0.008814921602606773,0.0018516003619879484,0.0,0.31475624442100525,0.0,0.0,0.09369967132806778,0.0,0.0012061047600582242,0.0,0.0,0.0009290814632549882,0.0,0.015643127262592316,0.040516261011362076,0.0066242944449186325,0.0,0.0,0.004503531847149134,0.016593080013990402,0.0,0.0,0.10086242854595184,0.015700101852416992,0.039273012429475784,0.08238668739795685,0.0,0.05240825563669205,0.0,0.0,0.0,0.1254717856645584,0.0,0.0,0.03901819884777069,0.0,0.0017551505006849766,0.0,0.0,0.03276137262582779,0.0,0.0,0.0,0.0,0.0,0.0,0.003841032972559333,0.0012296915519982576,0.012433583848178387,0.5585036277770996,0.0,0.010230724699795246,0.010604354552924633,0.0,0.0,0.20038707554340363,0.0,0.1410953253507614,0.33623093366622925,0.0,0.0,0.01595856435596943,0.0,0.00048526586033403873,0.0,0.0,0.4275834262371063,0.0,0.0,0.0,0.0,0.0,0.3914729952812195,0.10858689993619919,0.008830367587506771,0.0,0.00524340383708477,0.11728262901306152,0.34434014558792114,0.0,0.0,0.006794459652155638,0.0,0.0,0.0,0.0,0.0,0.01608980819582939,0.0,0.0,0.0,0.0,0.32788100838661194,0.0,0.02862107753753662,0.04981384426355362,0.019380316138267517,0.0,0.38582104444503784,0.10994995385408401,0.0,0.1418534368276596,0.0,0.006091017741709948,0.0,0.00890482496470213,0.058322008699178696,0.0,0.0,0.048812732100486755,0.0,0.021738657727837563,0.022678298875689507,0.03374269977211952,0.0,0.010942787863314152,0.0,0.12675361335277557,0.010326352901756763,0.005997123662382364,0.010911483317613602,0.0,0.09006000310182571,0.04578542709350586,0.07871721684932709,0.057538460940122604,0.0,0.0,0.007869115099310875,0.06097325682640076,0.0,0.0,0.029685761779546738,0.0,0.009037074632942677,0.0,0.0,0.0,0.0,0.0003193032753188163,0.0006149315740913153,0.010321464389562607,0.0,0.0,0.09282834082841873,0.07264220714569092,0.07145741581916809,0.011427680030465126,0.022037792950868607,0.00011251121759414673,0.0,0.0,0.2920423746109009,0.0,0.08330859988927841,0.03268853574991226,0.0039971861988306046,0.004343491978943348,0.4044848382472992,0.007120759692043066,0.03565897047519684,0.0007840871694497764
0.0004408621753100306,0.011065803468227386,0.3158044219017029,0.0026537906378507614,0.0,0.0,0.02000068500638008,0.006849150639027357,0.0,0.0641011968255043,0.004569485317915678,0.04178052768111229,0.025943512097001076,0.27913805842399597,0.07328317314386368,0.14149032533168793,0.015086446888744831,0.04804419353604317,0.0,0.33771076798439026,0.008545352146029472,0.0,0.038088344037532806,0.13655425608158112,0.06954055279493332,0.1427122950553894,0.0,0.0,0.0,0.0,0.42250609397888184,0.12268014252185822,0.0,0.0,0.2456987202167511,0.15726584196090698,0.007630808278918266,0.032725170254707336,0.0,0.0882190689444542,0.38413187861442566,0.0,0.00429869769141078,0.12290937453508377,0.4681141972541809,0.01080508716404438,0.04008716717362404,0.0,0.2605302631855011,0.0,0.0,0.2392740100622177,0.0014208507491275668,0.13861121237277985,0.026301445439457893,0.0,0.0,0.0,0.09584884345531464,0.0,0.0,0.3723958730697632,0.0675562173128128,0.0,0.006693799514323473,0.31990885734558105,0.10635141283273697,0.012268859893083572,0.034645915031433105,0.0006338119274005294,0.21039879322052002,0.022526824846863747,0.001751866308040917,0.10584943741559982,0.007081198506057262,0.09641269594430923,0.41813933849334717,0.004623712506145239,0.13862833380699158,0.45152390003204346,0.0,0.11430291831493378,0.0,0.10542869567871094,0.0033912849612534046,0.34183022379875183,0.03891653195023537,0.0,0.0,0.0044302684254944324,0.003038513706997037,0.03792275860905647,0.24548961222171783,0.5958707332611084,0.0,0.21039028465747833,0.03917103633284569,0.0,0.0,0.0006880813743919134,0.022778816521167755,0.05322524905204773,0.13450171053409576,0.020334603264927864,0.09601178765296936,7.530450966442004e-05,0.0236193910241127,0.0,0.0,0.0031773424707353115,0.045834731310606,0.024332471191883087,0.0,0.19973419606685638,0.007907979190349579,0.36558032035827637,0.0,0.09103205054998398,0.003034353256225586,0.17103181779384613,0.013726452365517616,0.010161283425986767,0.2920619249343872,0.023936385288834572,0.002170826308429241,0.0016784570179879665,0.2640429735183716,0.03891221806406975,0.1376562863588333,0.0035580014809966087,0.10985103249549866,0.0,0.04590146616101265,0.0,0.06128532066941261,0.060211893171072006,0.011326508596539497,0.0003880059812217951,0.00630115857347846,0.0,0.09040819853544235,0.04455522447824478,0.0,0.037592753767967224,0.24337881803512573,0.0,0.012115082703530788,0.3053709864616394,0.0,0.04274721071124077,0.040258072316646576,0.0,0.04965639114379883,0.06148955225944519,0.0,0.03857682645320892,0.01565643399953842,0.0424652099609375,0.10468602925539017,0.0716172531247139,0.0005733254365622997,0.0006730348104611039,0.021251993253827095,0.3823217451572418,0.12347639352083206,0.0,0.2861841917037964,0.0015382575802505016,0.15240401029586792,0.3655756115913391,0.11418791115283966,0.040548644959926605,0.0754338949918747,0.2119448035955429,0.033998578786849976,0.04646414890885353,0.5619063377380371,0.022025134414434433,0.0,0.32187148928642273,0.0,0.0,0.028355693444609642,0.007021179422736168,0.01228009257465601,0.36683428287506104,0.19834797084331512,0.04549524188041687,0.05779219791293144,0.33402228355407715,0.03568188101053238,0.05783560872077942,0.00048800467629916966,0.013138179667294025,0.0181407667696476,0.03057089075446129,0.031411293894052505,0.02896874025464058,0.2591902017593384,0.008512888103723526,0.1795281171798706,0.02358744852244854,0.0,0.12667502462863922,0.0,0.029958391562104225,0.03855752944946289,0.005310249514877796,0.07425131648778915,0.13076606392860413,0.14877524971961975,0.0,0.2600255012512207,0.0,0.007492876145988703,0.029997382313013077,0.026445740833878517,0.03665975481271744,0.0,0.019983753561973572,0.05293600261211395,0.0,0.2045348733663559,0.1482928842306137,0.0006145227234810591,0.1729266494512558,0.012524910271167755,0.02334122732281685,0.0708775594830513,0.12466736137866974,0.17118707299232483,0.011061222292482853,0.17388643324375153,0.066864013671875,0.11934944987297058,0.2924322187900543,0.0013769578654319048,0.10241489112377167,0.030589954927563667,0.004530461970716715,0.0,0.05981794372200966,0.091984823346138,0.0,0.09666930884122849,0.04039125517010689,0.0029937506187707186,0.061020202934741974,0.0,0.026641912758350372,0.00851284246891737,0.0024886494502425194,0.0,0.007082924712449312,0.010669560171663761,0.10381211340427399,0.0,0.07254296541213989,0.051164645701646805,0.49816200137138367,0.0,0.016202356666326523,0.025455763563513756,0.0,0.1327143907546997,0.027005687355995178,0.0792483314871788,0.07476648688316345,0.00805103313177824,0.027487320825457573,0.07527396827936172,0.023199599236249924,0.0,0.13846564292907715,0.043564729392528534,0.0,0.04225286468863487,0.024566449224948883,0.11817707866430283,0.15873228013515472,0.0,0.0,0.013514775782823563,0.15545333921909332,0.039476536214351654,0.6850501298904419,0.0,0.0,0.18694517016410828,0.07448136061429977,0.15399962663650513,0.1603659838438034,0.07211894541978836,0.0,0.04585682973265648,0.024310646578669548,0.15594282746315002,0.0,0.2887111008167267,0.0,0.024258095771074295,0.04511485993862152,0.2041873037815094,0.1254121959209442,0.1421269029378891,0.003250169800594449,0.01458071917295456,0.01715809665620327,0.0,0.0,0.004490240942686796,0.10237176716327667,0.022400228306651115,0.1483815759420395,0.08202730864286423,0.2746082842350006,0.03423348069190979,0.0017124867299571633,0.20658399164676666,0.02442675083875656,0.0,0.03070727549493313,0.0,0.0,0.835106611251831,0.0,0.0,0.02654743194580078,0.0,0.0,0.0017675543203949928,0.051002491265535355,0.0,0.0,0.07288729399442673,0.0,0.0,0.0,0.01055903546512127,0.07708083093166351,0.0733196958899498,0.007464530412107706,0.0,0.0,0.0,0.0,0.0,0.0010159254306927323,0.0,0.0,0.24257642030715942,0.0,0.14917120337486267,0.044732704758644104,0.28518909215927124,0.0,0.0,0.0,0.07107900828123093,0.008015348576009274,0.005041668191552162,0.0,0.0,0.0,0.0,0.0,0.0836813747882843,0.06074777618050575,0.0,0.0,0.562710702419281,0.0,0.0,0.04105432331562042,0.027303509414196014,0.0,0.0,0.0,0.005339211784303188,0.24738793075084686,0.03813071921467781,0.0,0.0,0.0,0.012480868957936764,0.0,0.0,0.06797201931476593,0.0,0.0,0.248867467045784,0.0,0.0,0.0,0.0,0.0,0.15763172507286072,0.0,0.09429553151130676,0.0,0.0,0.0299622043967247,0.0,0.0051277391612529755,0.002645014552399516,0.0,0.012336399406194687,0.0,0.0,0.0367659367620945,0.0,0.0,0.0,0.0,0.01441638357937336,0.0,0.0,0.0,0.0,0.0,0.04944901168346405,0.0,0.07841011881828308,0.0,0.012467315420508385,0.1655125766992569,0.018623581156134605,0.017782030627131462,0.010779849253594875,0.185380756855011,0.0,0.0,0.0,0.09545890986919403,0.0,0.0,0.0,0.007632753811776638,0.0016074073500931263,0.014313283376395702,0.0,0.0,0.006451545748859644,0.02410641498863697,0.0,0.0,0.16261868178844452,0.0,0.01799367181956768,0.03613857179880142,0.014066793955862522,0.0,0.0,0.047679197043180466,0.0,0.0,0.0,0.0,0.026934998109936714,0.0,0.005228512454777956,0.22347186505794525,0.0,0.0,0.09769634902477264,0.24215944111347198,0.09208843111991882,0.0,0.0,0.003996497951447964,0.0,0.0,0.02393523044884205,0.0,0.011590615846216679,0.0,0.0,0.0328964963555336,0.04665181040763855,0.0,0.0,0.0,0.14268237352371216,0.0,0.06043689697980881,0.19309359788894653,0.010200546123087406,0.0,0.0,0.0,0.0,0.0,0.0,0.0,0.0,0.0,0.0,0.01532665453851223,0.03771904110908508,0.0,0.0,0.0,0.008430643938481808,0.0349532812833786,0.009450006298720837,0.0,0.0,0.005286996252834797,0.16195428371429443,0.020441966131329536,0.032310642302036285,0.01283620111644268,0.0,0.0,0.0,0.0,0.21443700790405273,0.022589191794395447,0.0,0.014977609738707542,0.0,0.0,0.43287765979766846,0.0,0.0003187775728292763,0.0,0.0,0.0,0.0,0.02682316303253174,0.030436011031270027,0.0,0.0,0.0,0.0,0.19304412603378296,0.0,0.0,0.0,0.02391742542386055,0.0026252877432852983,0.055694498121738434,0.0,0.06747262924909592,0.0,0.0006021785666234791,0.05038664489984512,0.0,0.0,0.0,0.0027318077627569437,0.04607594385743141,0.024424780160188675,0.17755785584449768,0.0,0.0,0.0,0.0,0.02878347411751747,0.0,0.01641274057328701,0.13734769821166992,0.02280869521200657,0.0,0.21760430932044983,0.03510090336203575,0.0039330353029072285,0.0,0.06567741930484772,0.28223103284835815,0.0,0.02967030555009842,0.06492414325475693,0.0,0.0033286786638200283,0.02833186648786068,0.0,0.0,0.0,0.0027733207680284977,0.07472984492778778,0.0,0.052837591618299484,0.0,0.11504103988409042,0.10114210098981857,0.09201624989509583,0.03709276020526886,0.001920242328196764,0.0,0.0,5.771875294158235e-05,0.002973941620439291,0.0,0.0,0.21551787853240967,0.0,0.04772447422146797,0.0,0.0,0.0,0.0,0.0,0.0,0.006343499291688204,0.0,0.0,0.4824884831905365,0.014560545794665813,0.005905952304601669,0.0,0.2136658877134323,0.0,0.0,0.025060508400201797,0.0442439503967762,0.0166513379663229,0.06030253320932388,0.0,0.0,0.0,0.0,0.0,0.0,0.019168246537446976,0.005706507712602615,0.0,0.0,0.0,0.0670781210064888,0.009180083870887756,0.012731670401990414,0.0,0.0,0.0,0.0,0.0014889359008520842,0.0,0.0,0.0,0.0,0.0,0.13978742063045502,0.027874894440174103,0.0,0.0,0.0,0.0,0.04993680119514465,0.0,0.0,0.016461621969938278,0.0,0.0,0.016811959445476532,0.0,0.0,0.08740078657865524,0.0019825047347694635,0.17814907431602478,0.0288265198469162,0.0,0.27095305919647217,0.004544674884527922,0.1196797788143158,0.010384295135736465,0.0026758741587400436,0.13533556461334229,0.0,0.018425025045871735,0.08492834866046906,0.0,0.05400293320417404,0.006151016801595688,0.0,0.0,0.0,0.0,0.0,0.01373524684458971,0.0,0.058709338307380676,0.0,0.0,0.0,0.15465478599071503,0.005468897055834532,0.0,0.0,0.0,0.04271165281534195,0.12207549065351486,0.008683775551617146,0.0001686024625087157,0.0449625588953495,0.06371749192476273,0.0,0.0,0.0075856102630496025,0.04503297805786133,0.0,0.0,0.43079808354377747,0.07935788482427597,0.030572915449738503,0.0,0.012039387598633766,0.0,0.12532886862754822,0.000626740453299135,0.0,0.0,0.0,0.006070144008845091,0.19018349051475525,0.18905891478061676,0.04453082010149956,0.0,0.0017690184758976102,0.07767078280448914,0.001486480818130076,0.0,0.0,0.08682398498058319,0.004595738835632801,0.03978199511766434,0.0,0.058113861829042435,0.0,0.17816807329654694,0.0,0.0,0.0,0.2664072811603546,0.06618370860815048,0.0,0.028329847380518913,0.6241685748100281,0.0,0.015467408113181591,0.0,0.018716417253017426,0.0,0.0,0.0,0.007979555055499077,0.26125583052635193,0.0,0.16016913950443268,0.0,0.0,0.0,0.006501736585050821,0.0,0.0078086042776703835,0.0104000149294734,0.0,0.31346336007118225,0.0890897661447525,0.0,0.0,0.0,0.10590167343616486,0.027623049914836884,0.41659167408943176,0.0,0.0,0.0,0.015437852591276169,0.0,0.13846927881240845,0.14546872675418854,0.08253748714923859,0.2089291512966156,0.016803078353405,0.0,0.007524312939494848,0.023519909009337425,0.025742173194885254,0.01421399787068367,0.0,0.0,0.19769586622714996,0.014878375455737114,0.049212902784347534,0.0,0.030579935759305954,0.1055222824215889,0.192045196890831,0.004655312281101942,0.046784233301877975,0.006341127213090658,0.04191482067108154,0.0012152993585914373,0.0,0.0,0.05994731932878494,0.0,0.0,0.13726572692394257,0.01773802563548088,0.030706796795129776,0.0,0.021967386826872826,0.0,0.0,0.02360125072300434,0.061716966331005096,0.05717740207910538,0.0,0.15887542068958282,0.0,0.0020734036806970835,0.0,0.007800471968948841,0.06912671774625778,0.23478418588638306,0.025422848761081696,0.10135392099618912,0.05108841881155968,0.0,0.0,0.0,0.0,0.0,0.0,0.007675305474549532,0.0,0.0,0.054526377469301224,0.1956641972064972,0.0,0.0,0.01618172600865364,0.015224962495267391,0.0,0.19585198163986206,0.0,0.0,0.035038501024246216,0.04161921516060829,0.0,0.03183853253722191,0.026881389319896698,0.2462124079465866,0.0,0.0014236831339076161,0.5805307626724243,0.0,0.03287089243531227,0.0022051208652555943,0.0,0.0,0.0,0.016964443027973175,0.009037291631102562,0.0,0.13536575436592102,0.0,0.0,0.0008021760149858892,0.0,0.008902214467525482,0.005354075226932764,0.0,0.008333077654242516,0.0,0.0017714953282848,0.0,0.0,0.3747919499874115,0.002375587122514844,0.0,0.0,0.008087392896413803,0.0,0.0,0.7030041217803955,0.05514645576477051,0.0018950927769765258,0.00706823356449604,0.07855016738176346,0.0,0.031031504273414612,0.0,0.22633327543735504,0.0,0.0571659617125988,0.01631913334131241,0.017381079494953156,0.0033565121702849865,0.01712283305823803,0.19169174134731293,0.0,0.00673724664375186,0.0,0.12322276830673218,0.035757411271333694,0.08994568139314651,0.00975452084094286,0.045532096177339554,0.04125559702515602,0.0,0.4535168707370758,0.0,0.0,0.07573294639587402,0.0095723457634449,0.04021044820547104,0.0,0.0008732908754609525,0.0,0.07999280095100403,0.13889889419078827,0.0,0.13241125643253326,0.025169167667627335,0.0749984011054039,0.0,0.020182371139526367,0.33100855350494385,0.001078120432794094,0.13356739282608032,0.10043391585350037,0.16898255050182343,0.08072464913129807,0.041016124188899994,0.11216934025287628,0.1474890261888504,0.03967475891113281,0.23820380866527557,0.0,0.0,0.45314711332321167,0.016253264620900154,0.0,0.03542214259505272,0.0,0.0,0.0851655974984169,0.004991187248378992,0.0,0.003420203924179077,0.007425840012729168,0.0,0.0,0.2570088505744934,0.08181384950876236,0.0,0.0,0.03811858594417572,0.0,0.00023549914476461709,0.1091984361410141,0.0,0.10690715909004211,0.0,0.15197345614433289,0.0,0.01572917215526104,0.0548381432890892,0.0,0.03267372027039528,0.0,0.029579415917396545,0.2033289521932602,0.0,0.07823119312524796,0.020922861993312836,0.06689709424972534,0.0,0.11867734044790268,0.050066739320755005,0.010484831407666206,0.0,0.241900235414505,0.0,0.0,0.0,0.5775144696235657,0.14355021715164185,0.0,0.018252063542604446,0.342673122882843,0.022247588261961937,0.009285306558012962,0.0,0.28071337938308716,0.0,0.04192133992910385,0.0,0.0,0.0,0.0,0.0897732824087143,0.01322498545050621,0.0028011752292513847,0.15552692115306854,0.016950808465480804,0.0,0.0,0.2452210634946823,0.0017644667532294989,0.012681963853538036,0.024969540536403656,0.022804642096161842,0.031427983194589615,0.06316430121660233,0.01540380995720625,0.1398252695798874,0.0,0.01628069579601288,0.2530694305896759,0.0,0.0,0.0,0.08336850255727768,0.07003767043352127,0.0,0.08068551868200302,0.0,0.0,0.3299058675765991,0.00896711740642786,0.0,0.020352987572550774,0.0,0.0,0.010264025069773197,0.4450633227825165,0.0,0.0,0.3156561255455017,0.05337245762348175,0.0,0.08833776414394379,4.584967973642051e-05,0.10346371680498123,0.021611804142594337,0.0,0.0,0.0,0.06261569261550903,0.017832286655902863,0.0,0.016316007822752,0.08532877266407013,0.0963311418890953,0.00905844196677208,0.21661846339702606,0.0070579457096755505,0.053845420479774475,0.01650741510093212,0.0,0.2512364685535431,0.004293476231396198,0.018895095214247704,0.13215652108192444,0.0,0.0,0.13361339271068573,0.039621125906705856,0.0,0.03431392088532448,0.3992677330970764,0.08448389917612076,0.04287807643413544,0.0,0.06429439783096313,0.22821298241615295,0.05034001171588898,0.0656336322426796,0.0,0.07305490225553513,0.0,0.03910653665661812,0.028531063348054886,0.09040720760822296,0.2913418412208557,0.00017102241690736264,0.4300437271595001,0.0,0.007147355005145073,0.011692650616168976,0.2617243528366089,0.1020035669207573,0.135947585105896,0.11721625179052353,0.0,0.015442035160958767,0.00502062076702714,0.01246925350278616,0.0,0.03822671249508858,0.023047445341944695,0.0,0.0,0.002878054277971387,0.0,0.10722188651561737,0.0,0.0,0.09477643668651581,0.0515286959707737,0.31827226281166077,0.0,0.0,0.0,0.0,0.0,0.0,0.45897990465164185,0.0,0.0,0.0,0.0,0.1815718710422516,0.0,0.0,0.0,0.039160002022981644,0.00393271679058671,0.010889410972595215,0.21281154453754425,0.381532222032547,0.0,0.006660771556198597,0.0,0.05452253669500351,0.0,0.0,0.0,0.0,0.03321261331439018,0.0,0.0,0.001994171179831028,0.003615636145696044,0.0029991804622113705,0.140857994556427,0.17714045941829681,0.0,0.0,0.0,0.00980934128165245,0.0,0.3607000708580017,0.014698476530611515,0.27103903889656067,0.0,0.05034993961453438,0.004574484657496214,0.0,0.0,0.034006014466285706,0.0,0.04436114430427551,0.001553806709125638,0.001315321889705956,0.03122624196112156,0.0,0.017649903893470764,0.0,0.08611150085926056,0.0,0.07222649455070496,0.01968398317694664,0.0,0.0,0.0,0.0,0.0,0.9439617991447449,0.1934344321489334,0.0,0.0,0.014507582411170006,0.0,0.0,0.042948514223098755,0.08460637927055359,0.0,0.0,0.6529308557510376,0.0,0.0,0.0,0.0094834566116333,0.0,0.0,0.0,0.0,0.0,0.0,0.0,0.5168399214744568,0.00964409951120615,0.0,0.05981835350394249,0.0,0.016262412071228027,0.0018141487380489707,0.0,0.0,0.0,0.009870314039289951,0.1911761611700058,0.023220844566822052,1.2880390882492065,0.0,0.0051111020147800446,0.004047885071486235,0.0,0.0,0.005643493961542845,2.2901713848114014,0.004781060386449099,0.0,0.0,0.02744389697909355,0.011343211866915226,0.0,0.0,0.012157639488577843,0.0,0.0,0.5422842502593994,0.0,0.01139272190630436,0.0321444496512413,0.0,0.0,0.0,0.06727291643619537,0.19000855088233948,0.023060841485857964,0.0,0.16146868467330933,0.0,0.0,0.0,0.0,0.0,0.1175011619925499,0.000729999563191086,0.011568078771233559,0.0,0.0,0.17708197236061096,0.030000559985637665,0.02597896009683609,0.028210105374455452,0.5928723812103271,0.0,0.0295245498418808,0.1821284294128418,0.0,0.02835008129477501,0.0,0.0,0.0,0.10444080084562302,0.0,0.0,0.009941782802343369,0.0,0.0,0.0,0.0,0.09880773723125458,0.020176701247692108,1.018692970275879,0.0,0.01572960801422596,0.0004238212131895125,0.005726647563278675,0.06417585164308548,0.0,0.04594046622514725,0.0,0.0,0.5632102489471436,0.0,0.020449399948120117,0.0,0.0,0.0,0.0,0.05958624184131622,0.008050281554460526,0.0,0.0,0.0,0.0,0.0,0.0,0.0,0.0,0.0,0.0,0.0,0.013739475980401039,0.23816287517547607,0.0,0.09124837815761566,0.0,0.0,0.0,0.004386839922517538,0.0,0.06373419612646103,0.0,0.0,0.05586986243724823,0.0017433309694752097,0.0,0.0,0.034827008843421936,0.07621897757053375,0.0,0.09368076920509338,0.01789344847202301,0.0,0.013362362049520016,0.0,0.01712118461728096,0.0,0.021869396790862083,0.0,0.0,0.0,0.033518653362989426,0.0,0.0,0.0,0.0347486287355423,0.0022445458453148603,0.0074961865320801735,0.31061315536499023,0.08206241577863693,0.0,0.0,0.0,0.0,0.030401062220335007,0.0,0.004919154569506645,0.1037655919790268,0.014029687270522118,0.0,0.009726214222609997,0.0,0.04958992823958397,0.0,0.0,0.0,0.0388227216899395,0.2012956738471985,0.0392790213227272,0.0,0.0026785731315612793,0.23099538683891296,0.004228638485074043,0.0058524953201413155,0.0,0.29879048466682434,0.09619536250829697,0.05881214514374733,0.0716198980808258,0.0,0.0,1.0483837127685547,0.4026268422603607,0.09424524009227753,0.0,0.0,0.0015888881171122193,0.0,0.0,0.02067088522017002,0.006461505778133869,0.5154669880867004,0.0,0.16198661923408508,0.0,0.002479735529050231,0.0,0.003888149280101061,0.046363700181245804,0.0,0.0011624860344454646,0.057187024503946304,0.20516090095043182,0.0,0.030052699148654938,0.3489280641078949,0.014846849255263805,0.5653815865516663,0.051098693162202835,0.0,0.3139580190181732,0.03884376212954521,0.05779213458299637,0.0,0.4259476065635681,0.029483145102858543,0.0,0.008637472987174988,0.0,0.0,0.0,0.08200585097074509,0.0,0.0,0.27144211530685425,0.02406197600066662,0.0,0.0,0.12207534164190292,0.023244434967637062,0.0,0.0,0.0,0.0,0.14501996338367462,0.006318132858723402,0.0,0.0,0.038687098771333694,0.0,0.0,0.0,0.0,0.004676953423768282,0.0,0.0,0.0,0.3341798484325409,0.022300610318779945,0.0,0.0057021151296794415,0.0,0.14209194481372833,0.0,0.0,0.004188607446849346,0.0,0.060845233500003815,0.008510462939739227,0.0,0.0,0.0,0.0,0.0,0.0,0.0,0.0,0.0,0.0,0.0,0.010727636516094208,0.0,0.007514667697250843,0.0,0.040762629359960556,0.00971269328147173,0.038539014756679535,0.011997721157968044,0.06401477009057999,0.0,0.022373385727405548,0.0,0.10702753067016602,0.0260141771286726,0.03924049064517021,0.09782028943300247,0.11105077713727951,0.002935407217592001,0.0,0.0,0.0014088976895436645,0.012376929633319378,0.2441539764404297,0.03274467960000038,0.02094799466431141,0.0,0.025203531607985497,0.03607235103845596,0.05292585864663124,0.0,0.008940299041569233,0.0,0.0,0.05700303986668587,0.12326700985431671,0.0,0.018510470166802406,0.0,0.035443831235170364,0.02510026842355728,0.05581386387348175,0.056353386491537094,0.0,0.0,0.14493975043296814,0.0947943702340126,0.014129364863038063,0.002880688989534974,0.0,0.006534607615321875,0.0,0.5860807299613953,0.00526849739253521,0.006337256636470556,0.0,0.1419990360736847,0.08646565675735474,0.040433742105960846,0.0,0.07058809697628021,0.0,0.0,0.21533140540122986,0.15856817364692688,0.0,0.08561775088310242,0.004745474085211754,0.7254598736763,0.0,0.0,0.0,0.006372374482452869,0.004619779996573925,0.001801881822757423,0.0,0.0,0.056838683784008026,0.001968476688489318,0.25262004137039185,0.0,0.07992910593748093,0.0,0.00021604300127364695,0.011719255708158016,0.13508014380931854,0.26717761158943176,0.0,0.03872053325176239,0.10130229592323303,0.0010303902672603726,0.05648157745599747,0.01480630598962307,0.0,0.0,0.07963541150093079,0.03556384891271591,0.0,0.0,0.024942217394709587,0.21993423998355865,0.016496025025844574,0.0,0.0018882560543715954,0.0646815076470375,0.07278753072023392,0.04070725291967392,0.0,0.0,0.024096554145216942,0.0,0.0024532396346330643,0.011072921566665173,0.10739265382289886,0.0,0.05948202311992645,0.02066969871520996,0.06384514272212982,0.684042751789093,0.06020060554146767,0.06184393912553787,0.02016041800379753,0.061807408928871155,0.038160406053066254,0.0,0.0,0.0,0.06866589188575745,0.02350561134517193,0.037508998066186905,0.0,0.02785896137356758,0.005826003383845091,0.3449757397174835,0.135767862200737,0.0,0.03274507448077202,0.012336461804807186,0.17242588102817535,0.2696871757507324,0.041970785707235336,0.015433955006301403,0.6318063139915466,0.01798107475042343,0.7646964192390442,0.0541791096329689,0.0,0.0,0.0,0.08299586921930313,0.0,0.05467963218688965,0.0,0.0,0.010037603788077831,0.0,0.01880950853228569,1.1843715906143188,0.1786935180425644,0.01899176649749279,0.0,0.06525685638189316,0.003049492835998535,0.04906388372182846,0.03311868757009506,0.0032165765296667814,0.0,0.4387264549732208,0.025092780590057373,0.029349539428949356,0.010564074851572514,0.0,0.0,0.06185391917824745,0.02021106705069542,0.08774858713150024,0.04295210912823677,0.0,0.2075890153646469,0.0,0.028364768251776695,0.0,0.013285900466144085,0.004336674232035875,0.0,0.6864780187606812,0.4193284511566162,0.0016804933547973633,0.06964996457099915,0.16861814260482788,0.028895653784275055,0.11952310800552368,0.016979724168777466,0.02025831863284111,0.007144380360841751,0.0,0.0,0.0,0.026553424075245857,0.0,0.06951542943716049,0.002089470624923706,0.042171660810709,0.07197758555412292,0.02091101184487343,0.0,0.06707686185836792,0.03384244069457054,0.03756942227482796,0.16592168807983398,0.002358863363042474,0.0,0.1391051560640335,0.0,0.02324732393026352,0.07907584309577942,0.0,0.025462931022047997,0.0016697621904313564,0.0,0.0,0.41352760791778564,0.0,0.06591303646564484,0.016914011910557747,0.0,0.0,0.0,0.005526084918528795,0.0,0.0,0.010045800358057022,0.024822277948260307,0.018887436017394066,0.0,0.023593368008732796,0.0,0.7423882484436035,0.1926184594631195,0.0027809429448097944,0.21906164288520813,0.062107328325510025,0.0,0.0027077244594693184,0.0,0.03249204158782959,0.0,0.010300461202859879,0.06660149991512299,0.0,0.008142800070345402,0.0,0.0,0.0,0.0030552875250577927,0.0,0.12176881730556488,0.038941219449043274,0.02749871462583542,0.02454664744436741,0.14763696491718292,0.07623706758022308,0.029954805970191956,0.12570196390151978,0.038240160793066025,0.0,0.13571438193321228,0.0,0.0068519506603479385,0.0,0.03212263435125351,0.009256838820874691,0.007176852319389582,0.06150931492447853,0.24392449855804443,0.0,0.0,0.0,0.04991310462355614,0.0,0.0,0.029285751283168793,0.009069681167602539,0.00036640881444327533,0.05186748504638672,0.011388063430786133,0.0042820824310183525,0.008755049668252468,0.0,0.0,0.002148003550246358,0.000247554766247049,0.03171033039689064,0.2418028712272644,0.005619170609861612,0.42967498302459717,0.013635635375976562,0.03875483572483063,0.1894121766090393,0.0,0.013488776981830597,0.0,0.0,0.0035649121273308992,0.0,0.10451221466064453,0.4477730691432953,0.006263831164687872,0.008085242472589016,0.0,0.0,0.009688091464340687,0.0,0.0,0.0,0.0,0.42288970947265625,0.0,0.0012219991767778993,0.0,0.0,0.2305421233177185,0.0071005988866090775,0.0,0.0,0.0,0.20498675107955933,0.0012161040212959051,0.05148103088140488,0.011876163072884083,0.0,0.01149058435112238,0.03439289703965187,0.0,0.0,0.09310488402843475,0.017494846135377884,0.02550641819834709,0.0030780744273215532,0.0,0.0,0.035090770572423935,0.0,0.03329460695385933,0.0,0.0,0.015793869271874428,0.056631818413734436,0.08210119605064392,0.0,0.02970724180340767,0.07002966105937958,0.046767883002758026,0.0,0.04791863262653351,0.6506162881851196,0.004742635414004326,0.2680373191833496,0.047079525887966156,0.19567641615867615,0.026629388332366943,0.3345485329627991,0.0,0.0,0.0,0.020853329449892044,0.006837594322860241,0.013419284485280514,0.0,0.02303205244243145,0.0,0.034171756356954575,0.015537688508629799,0.047779012471437454,0.0,0.3629598617553711,0.020382368937134743,0.03396404907107353,0.0,0.0,0.07797283679246902,0.0,0.026678718626499176,0.012409074231982231,0.0,0.0,0.037245169281959534,0.0,0.0,0.05271255970001221,0.009122834540903568,0.00928383320569992,0.003541927319020033,0.0,0.018727879971265793,0.021456025540828705,0.0,0.0013958775671198964,0.00022308528423309326,0.06986875087022781,0.08713871240615845,0.7566854357719421,0.0,0.0,0.0,0.0,0.0,0.0960693359375,0.0,0.0,0.0,0.0,0.0,0.0,0.12692975997924805,0.0,0.0033947157207876444,0.18678049743175507,0.014914218336343765,0.2357495129108429,0.03061160072684288,0.1550413966178894,0.0,0.133839413523674,0.0,0.0,0.0,0.00659850612282753,0.013017539866268635,0.0,0.30615881085395813,0.0,0.0,0.102075956761837,0.0,0.005291576497256756,0.0,0.0,0.0,0.0,0.015412633307278156,0.038786016404628754,0.013438742607831955,0.0,0.0,0.006341187749058008,0.02790107950568199,0.0,0.0010780858574435115,0.08627152442932129,0.032238829880952835,0.054259490221738815,0.0815696269273758,0.0,0.040656425058841705,0.0,0.0,0.0,0.12184170633554459,0.0,0.0,0.028381163254380226,0.0,0.008373427204787731,0.0,0.0,0.04447042569518089,0.0,0.0,0.0,0.0,0.0,0.0,0.014486942440271378,0.0059517752379179,0.007399553433060646,0.6638478636741638,0.0,0.010386710055172443,0.0,0.0009644076926633716,0.0023656534031033516,0.12413003295660019,0.0,0.08898510038852692,0.4286613166332245,0.0,0.0,0.006231812760233879,0.0,0.0,0.0,0.0,0.4506736397743225,0.0,0.0,0.008060500025749207,0.0,0.0,0.3773961663246155,0.06989224255084991,0.014861867763102055,0.0,0.005948028527200222,0.16996942460536957,0.37352225184440613,0.0008778613992035389,0.0,0.00733100576326251,0.0,0.0,0.0,0.0,0.0,0.00864865630865097,0.0,0.0,0.0,0.0,0.31775200366973877,0.0,0.02221834845840931,0.034929390996694565,0.012263084761798382,0.0,0.33550286293029785,0.17375048995018005,6.221417424967512e-05,0.14804020524024963,0.0028675722423940897,0.0,0.0,0.0027446781750768423,0.0699799507856369,0.0,0.0,0.034844789654016495,0.0,0.04182480648159981,0.021530762314796448,0.0268239863216877,0.0,0.017730973660945892,0.005989402532577515,0.19845221936702728,0.05261041224002838,0.005334443878382444,0.015116038732230663,0.0,0.08733192086219788,0.012043612077832222,0.11941201239824295,0.017503788694739342,0.0,0.0,0.0035432339645922184,0.06688980758190155,0.0,0.0,0.023329056799411774,0.0,0.029294149950146675,0.0,0.0,0.0,0.0,0.0011137116234749556,0.012059612199664116,0.003564088372513652,0.0,0.0,0.11454708874225616,0.053028106689453125,0.10096921026706696,0.0015223026275634766,0.018024614080786705,2.0313264030846767e-06,0.0,0.0,0.39017367362976074,0.0,0.0712520182132721,0.0502997487783432,0.012646126560866833,0.0,0.40508389472961426,0.0002126479084836319,0.02690587006509304,0.0
0.0,0.004622989799827337,0.3720381557941437,0.0,0.0,0.0,0.031588442623615265,0.017712872475385666,0.0,0.06159159541130066,0.0,0.06875521689653397,0.032772742211818695,0.2783478796482086,0.09996416419744492,0.18702715635299683,0.012233264744281769,0.024769188836216927,0.0,0.2820775508880615,0.04020651802420616,0.0,0.0068428609520196915,0.2158314287662506,0.02751350961625576,0.0872950330376625,0.0,0.0,0.0,0.0,0.5125773549079895,0.09934057295322418,0.005740547087043524,0.0,0.31183791160583496,0.18335537612438202,0.013934343121945858,0.04555077478289604,0.0,0.12247270345687866,0.3238223195075989,0.0,0.0031820773147046566,0.12038395553827286,0.4585398733615875,0.007737021427601576,0.04113852605223656,0.0,0.2028798609972,0.0,0.0,0.2085588127374649,0.0,0.1491747349500656,0.038618236780166626,0.0,0.0,0.0,0.10000009834766388,0.009740421548485756,0.0041420781053602695,0.4655618369579315,0.08811268210411072,0.0,0.0,0.3527247905731201,0.10639407485723495,0.024044282734394073,0.03709588944911957,0.0030224728398025036,0.21414771676063538,0.023590000346302986,0.013775510713458061,0.10110510140657425,0.0,0.1277594417333603,0.398590624332428,0.0023289532400667667,0.1903902292251587,0.3665821850299835,0.0,0.09019055962562561,0.0,0.05649251863360405,0.0002536988176871091,0.3166349530220032,0.03028455562889576,0.0,0.0,0.03708193451166153,0.023609083145856857,0.019308142364025116,0.21053288877010345,0.49119019508361816,0.003891364438459277,0.14814727008342743,0.04762989655137062,0.0,0.0,0.0,0.0155408950522542,0.04103735461831093,0.15832167863845825,0.012267513200640678,0.09156663715839386,0.005435469094663858,0.015033338218927383,0.0,0.005327022168785334,0.0035348893143236637,0.01715422421693802,0.028474492952227592,0.0,0.1762622892856598,0.0017975521041080356,0.42354676127433777,0.0,0.08599475026130676,0.0,0.15322504937648773,0.02323594130575657,0.0030972003005445004,0.35390228033065796,0.03868726268410683,0.009572751820087433,0.0010897215688601136,0.22628886997699738,0.01582961343228817,0.12905851006507874,0.0,0.14357098937034607,0.0,0.026993246749043465,0.002664153464138508,0.03901778161525726,0.07953182607889175,0.00638699671253562,0.0,0.011756371706724167,0.002230095211416483,0.10905855149030685,0.03550679609179497,0.0,0.06358543038368225,0.19867680966854095,0.0,0.012997494079172611,0.2590250074863434,0.03404175862669945,0.054527316242456436,0.06852935999631882,0.0,0.05842914432287216,0.06760361045598984,0.0,0.03686468303203583,0.014854001812636852,0.03187797963619232,0.13616596162319183,0.10781875252723694,0.005357901565730572,0.005945703946053982,0.01183862704783678,0.4002307951450348,0.09338802099227905,0.0,0.2856946587562561,0.0,0.1178005039691925,0.39254534244537354,0.1272418051958084,0.04480818659067154,0.06698288023471832,0.21708963811397552,0.04475576803088188,0.05898295342922211,0.5285852551460266,0.008855580352246761,0.0,0.2902412712574005,0.0,0.004937563091516495,0.030217446386814117,0.025838607922196388,0.01212057564407587,0.328695148229599,0.14036665856838226,0.04256696626543999,0.07910656183958054,0.24460315704345703,0.04203147813677788,0.05731332674622536,0.0,0.001324186334386468,0.012196745723485947,0.02414032630622387,0.026535945013165474,0.015799155458807945,0.3063852787017822,0.0,0.1573115438222885,0.032493606209754944,0.0,0.1655711680650711,0.0,0.011592640541493893,0.03974432498216629,0.025601563975214958,0.04090343043208122,0.08232937008142471,0.13164392113685608,0.0,0.17761875689029694,0.0,0.017051996663212776,0.010736393742263317,0.04840081185102463,0.04013773053884506,0.0,0.022221656516194344,0.06248656287789345,0.014963640831410885,0.18556717038154602,0.17300055921077728,0.0,0.22183676064014435,0.00714250560849905,0.013138354755938053,0.15815287828445435,0.13216891884803772,0.15814799070358276,0.0,0.2034115344285965,0.0788109302520752,0.13405613601207733,0.2783295512199402,0.019720368087291718,0.08255735039710999,0.044475916773080826,0.009778170846402645,0.0,0.0767192542552948,0.03095143288373947,0.0,0.08788739889860153,0.05052833631634712,0.03457506000995636,0.04497918114066124,0.0,0.010902212001383305,0.0039327144622802734,0.0,0.008669454604387283,0.007540869526565075,0.001984543865546584,0.08291888236999512,0.0,0.07794633507728577,0.03263874351978302,0.4589071571826935,0.0,0.02403528429567814,0.02795533649623394,0.0,0.12303627282381058,0.030953288078308105,0.07523060590028763,0.1007438451051712,0.007553386501967907,0.02327471785247326,0.10147348046302795,0.01450890302658081,0.0,0.09556551277637482,0.058509282767772675,0.0,0.048456188291311264,0.03465931862592697,0.15285715460777283,0.2606884837150574,0.014103877358138561,0.0,0.02577962726354599,0.16036365926265717,0.024393634870648384,0.6044385433197021,0.0,0.0,0.16484469175338745,0.042773257941007614,0.1798045039176941,0.08947927504777908,0.06578423082828522,0.0028955237939953804,0.03211637958884239,0.029933368787169456,0.20437279343605042,0.0,0.27844521403312683,0.0,0.01380714401602745,0.043808888643980026,0.1700974851846695,0.1479562520980835,0.1293150931596756,0.0,0.0,0.029535317793488503,0.0,0.0,0.0,0.13510188460350037,0.018943971022963524,0.2098003774881363,0.05841526389122009,0.2980184257030487,0.03462876006960869,0.008811836130917072,0.15055090188980103,0.044778402894735336,0.0,0.031367216259241104,0.0,0.0,0.70282381772995,0.0,0.0,0.024494299665093422,0.0,0.0,0.0032381368800997734,0.0419757217168808,0.0,0.0,0.0,0.0,0.0,0.0,0.013403764925897121,0.07111993432044983,0.07222045212984085,0.0005601459997706115,0.0,0.0,0.0,0.0,0.0,0.00023002148373052478,0.0016525351675227284,0.0,0.19338251650333405,0.0,0.06866870075464249,0.05430739372968674,0.3057868480682373,0.0,0.0,0.0,0.05935610458254814,0.006399797275662422,0.010822162963449955,0.0,0.0,0.0,0.0,0.008866027928888798,0.08186423033475876,0.020436517894268036,0.0006837147520855069,0.0,0.48565787076950073,0.0,0.0,0.061184220016002655,0.007302358280867338,0.0032066076528280973,0.02106942981481552,0.0008834385662339628,0.006504074204713106,0.15757741034030914,0.05592375248670578,0.002388446358963847,0.0,0.0,0.011192603968083858,0.0,0.0,0.066545270383358,0.0,0.0,0.2151043564081192,0.0,0.0,0.0,0.0,0.0,0.1192106306552887,0.0,0.11124303936958313,0.04093775898218155,0.0033456003293395042,0.03983798623085022,0.0,0.0,0.015221543610095978,0.0,0.01172014232724905,0.0,0.0,0.036007221788167953,0.0,0.0,0.0,0.0,0.013212072663009167,0.0,0.0,0.0,0.0,0.0,0.030519705265760422,0.0,0.06298477947711945,0.0,0.016133351251482964,0.17582592368125916,0.006250922102481127,0.0053330399096012115,0.001883817370980978,0.1488155573606491,0.0,0.00823524035513401,0.0,0.13657215237617493,0.0,0.0,0.0,0.03812475502490997,0.0,0.001768844434991479,0.0021293258760124445,0.0,0.0055875093676149845,0.00940338522195816,0.0,0.0,0.07156432420015335,0.0,0.0198659785091877,0.03323208913207054,0.0012899124994874,0.0,0.0,0.03714127466082573,0.0,0.002167057478800416,0.0,0.0,0.022083349525928497,0.0007299950812011957,0.002599007450044155,0.2540318965911865,0.0,0.0,0.08300381898880005,0.29369330406188965,0.04643741622567177,0.0,0.0,0.0006704896804876626,0.0,0.0,0.028954414650797844,0.0,0.0160880908370018,0.0,0.0,0.017546014860272408,0.10512993484735489,0.0,0.0,0.0,0.1637502908706665,0.0053465296514332294,0.03595384210348129,0.20288176834583282,0.005271859001368284,0.0,0.0,0.0,0.04007574915885925,0.0,0.0,0.0,0.0,0.0,0.0,0.018505161628127098,0.03506803885102272,0.0,0.0,0.0,0.01714199222624302,0.012623300775885582,0.027870742604136467,0.0027143352199345827,0.0,0.0005987985641695559,0.17865921556949615,0.01650570146739483,0.036372650414705276,0.013472196646034718,0.0,0.005099852103739977,0.0,0.003798255929723382,0.1640869528055191,0.04342695325613022,0.0,0.02447507530450821,0.0,0.0,0.3788919150829315,0.0,0.003323580604046583,0.0,0.0,0.0,0.0,0.03200151398777962,0.040412526577711105,0.0,0.006712229456752539,0.0008721095509827137,0.0,0.1160709485411644,0.0,0.0,0.0,0.01875462755560875,0.009770057164132595,0.04192093014717102,0.0,0.13622550666332245,0.0,0.0,0.047248758375644684,0.0,0.0,0.0,0.001074630068615079,0.03505204617977142,0.006426127161830664,0.21526719629764557,0.003933959174901247,0.013055250979959965,0.0,0.0,0.02285296469926834,0.0,0.011139526031911373,0.07823468744754791,0.05191390961408615,0.0,0.1788448691368103,0.07899254560470581,0.0,0.0,0.07736165076494217,0.25851190090179443,0.0,0.028903044760227203,0.09959472715854645,0.0,0.0,0.007025763858109713,0.003200171049684286,0.001102508045732975,0.0,0.008285815827548504,0.10575113445520401,0.0,0.06180894002318382,0.0,0.16771623492240906,0.0593404620885849,0.10266882926225662,0.017256513237953186,0.0,0.0,0.0,0.0,0.0067739845253527164,0.0,0.01784869283437729,0.17894473671913147,0.0123119056224823,0.023458991199731827,0.0,0.0,0.0,0.0,0.0,0.03716354817152023,0.0,0.0,0.0,0.35928550362586975,0.012922948226332664,0.0774875357747078,0.0,0.07066409289836884,0.0,0.0,0.0032920825760811567,0.008975427597761154,0.02156822755932808,0.07814343273639679,0.0,0.0,0.0,0.003132255282253027,0.0,0.0,0.015351071022450924,0.001789661357179284,0.0,0.0,0.0,0.08443482220172882,0.05747166648507118,0.011528372764587402,0.0,0.0,0.0,0.0,0.0,0.0,0.0,0.0,0.0,0.0,0.12166675925254822,0.018196823075413704,0.0,0.0,0.0,0.0,0.04516046866774559,0.0,0.0,0.012296137399971485,0.0,0.0,0.010894972831010818,0.0,0.0,0.10570191591978073,0.01160991471260786,0.09527748823165894,0.032477740198373795,0.0,0.26401644945144653,0.0012044922914355993,0.10607395321130753,0.008802413940429688,0.0,0.10250391811132431,0.0,0.03497202694416046,0.08066229522228241,0.0,0.02504735067486763,0.0016710471827536821,0.0,0.0,0.0,0.0,0.0,0.0,0.0,0.06683178246021271,0.0,0.0,0.0,0.13848862051963806,0.004684168845415115,0.0,0.0,0.0,0.005966912489384413,0.11255402863025665,0.028077106922864914,0.00926186889410019,0.05199689045548439,0.0528244823217392,0.0,0.0,0.0021451390348374844,0.048855509608983994,0.0019261068664491177,0.0,0.3628787100315094,0.04781973361968994,0.03433961048722267,0.0,0.04121708497405052,0.0,0.10403795540332794,0.0031987286638468504,0.0,0.0020540296100080013,0.0,0.010238906368613243,0.18990829586982727,0.07237830758094788,0.03238196671009064,0.0,0.025772085413336754,0.08530126512050629,0.0,0.0,0.0,0.059407349675893784,0.0028627575375139713,0.01812748610973358,0.0029802045319229364,0.08309395611286163,0.0,0.2540195882320404,0.0,0.0,0.0,0.24900825321674347,0.05477548763155937,0.0010133039904758334,0.02166157402098179,0.5082571506500244,0.0,0.0222639087587595,0.0,0.018470589071512222,0.0,0.0,0.0,0.03049626760184765,0.24339769780635834,0.0,0.13925153017044067,0.0,0.0,0.011169547215104103,0.006418121047317982,0.0,0.01999773271381855,0.005990936886519194,0.0,0.2683882713317871,0.11446458101272583,0.0,0.0,0.0,0.10671648383140564,0.01685788296163082,0.32046040892601013,0.0,0.0,0.0,0.09850038588047028,0.0,0.09202098846435547,0.0294655654579401,0.057983994483947754,0.14135880768299103,0.010714800097048283,0.022962935268878937,0.010883272625505924,0.028414105996489525,0.021249251440167427,0.013230085372924805,0.0,0.0,0.16435880959033966,0.009764880873262882,0.03806433081626892,0.0,0.0025874495040625334,0.09070104360580444,0.32148319482803345,0.0,0.03997825086116791,0.05725418031215668,0.05623035505414009,0.0036057305987924337,0.0,0.0,0.039845727384090424,0.0,0.0013971882872283459,0.10469100624322891,0.04127541556954384,0.03780242055654526,0.0,0.034950658679008484,0.0,0.0,0.03340918570756912,0.16065698862075806,0.05212823301553726,0.0026667907368391752,0.14540596306324005,0.003304789774119854,0.0,0.0,0.0,0.10553880035877228,0.2806282341480255,0.037127234041690826,0.10676052421331406,0.06062310189008713,0.0,0.0,0.0,0.0,0.0,0.0,0.012284516356885433,0.0,0.0,0.008096414618194103,0.16355876624584198,0.0,0.01782357133924961,0.05548178032040596,0.013401143252849579,0.0,0.21356342732906342,0.0,0.0,0.03678775206208229,0.021565532311797142,0.0,0.05799901485443115,0.0,0.2385711669921875,0.0,0.017949039116501808,0.5066190361976624,0.0,0.024724435061216354,0.006542995106428862,0.0,0.0,0.0,0.012803178280591965,0.04243789613246918,0.0,0.13422739505767822,0.0,0.0,0.0,0.0,0.008170712739229202,0.0036898208782076836,0.0,0.03345148265361786,0.0,0.004774701781570911,0.0,0.0,0.3699541389942169,0.0,0.0,0.0,0.0,0.0,0.0,0.6259155869483948,0.04196491092443466,0.032922934740781784,0.02136092633008957,0.07926209270954132,0.0,0.03326016291975975,0.0,0.20619478821754456,0.029650840908288956,0.06414754688739777,0.020024023950099945,0.015504103153944016,0.008672850206494331,0.010443371720612049,0.14679467678070068,0.0,0.005274305120110512,0.0,0.10002375394105911,0.04432661831378937,0.0916425883769989,0.01427183672785759,0.07620128989219666,0.03140668570995331,0.0,0.5162355303764343,0.0,0.0,0.04289610683917999,0.025459127500653267,0.07785723358392715,0.0,0.0043512918055057526,0.0,0.07272004336118698,0.14803507924079895,0.0,0.1815313696861267,0.007582481950521469,0.07758154720067978,0.0,0.021794287487864494,0.2979927361011505,0.027577649801969528,0.17850400507450104,0.08519715070724487,0.1759984791278839,0.02296670526266098,0.028449425473809242,0.10501804947853088,0.11269082129001617,0.020517155528068542,0.1805037260055542,0.0,0.0,0.3057878613471985,0.002857520477846265,0.0,0.02165989577770233,0.0,0.0,0.11484027653932571,0.008483562618494034,0.009404933080077171,0.003208103124052286,0.0,0.002178874798119068,0.0,0.2301740199327469,0.06471943110227585,0.0,0.0,0.014373619109392166,0.0,0.028115425258874893,0.08854812383651733,0.015168173238635063,0.06613953411579132,0.0,0.1584860384464264,0.0,0.014525444246828556,0.0643102154135704,0.0,0.04823703318834305,0.0,0.020802520215511322,0.2152688205242157,0.0,0.06226813420653343,0.020358139649033546,0.18730244040489197,0.0,0.0838063433766365,0.06002935394644737,0.0036042374558746815,0.0,0.1553909182548523,0.0,0.0,0.004349593073129654,0.646282970905304,0.2198391854763031,0.0,0.020171236246824265,0.3705861270427704,0.0,0.006103824358433485,0.0,0.22055406868457794,0.0,0.03637571632862091,0.0,0.0,0.0,0.0007455569575540721,0.08614067733287811,0.0,0.0,0.15970323979854584,0.03472843021154404,0.0,0.0,0.2703351080417633,0.0,0.0,0.03171433508396149,0.029728060588240623,0.037029512226581573,0.010398569516837597,0.017600752413272858,0.07933038473129272,0.0,0.04198792576789856,0.31069323420524597,0.0,0.0,0.018117019906640053,0.07310575991868973,0.06887710094451904,0.0,0.10474754124879837,0.0,0.0,0.304958313703537,0.007435301318764687,0.0,0.019897665828466415,0.0,0.0,0.006292486097663641,0.39182254672050476,0.0,0.0,0.24720124900341034,0.053434714674949646,0.033890753984451294,0.11220870167016983,0.0,0.059667911380529404,0.048245176672935486,0.0035482945386320353,0.0,0.0,0.06716461479663849,0.009582305327057838,0.0,0.014733402989804745,0.07239849865436554,0.05673041194677353,0.013097777031362057,0.19053533673286438,0.0017851865850389004,0.022891374304890633,0.008899540640413761,0.0,0.15073196589946747,0.005245246924459934,0.0,0.09293258935213089,0.004222676623612642,0.0,0.17561659216880798,0.06729548424482346,7.67290621297434e-05,0.013628445565700531,0.4372280538082123,0.08728578686714172,0.07316194474697113,0.0,0.07963921874761581,0.16516928374767303,0.03103729337453842,0.14419257640838623,0.0,0.07422902435064316,0.01712198555469513,0.07095985114574432,0.042842939496040344,0.06661856174468994,0.4362650215625763,0.000882346648722887,0.34934002161026,0.0,0.018578333780169487,0.023824818432331085,0.27584683895111084,0.09199824184179306,0.10646035522222519,0.12483692169189453,0.0,0.022975938394665718,0.0024275947362184525,0.0216914564371109,0.0,0.03030531108379364,0.02096332609653473,0.0,0.0,0.007710405625402927,0.0,0.1017228215932846,0.0,0.0,0.11071545630693436,0.041046470403671265,0.25747624039649963,0.0,0.0,0.0,0.0,0.0,0.0,0.4253048300743103,0.0,0.0,0.0,0.0,0.16988739371299744,0.00421507703140378,0.0,0.0,0.12501496076583862,0.00412019481882453,0.014919216744601727,0.32056766748428345,0.2112269550561905,0.0,0.009941812604665756,0.000290555355604738,0.0295525211840868,0.0,0.0,0.0,0.0,0.06141182780265808,0.0,0.0,0.0003383517323527485,0.018945811316370964,0.0072622234001755714,0.13835018873214722,0.20704816281795502,0.0,0.0005649471422657371,0.0,0.0,0.0,0.36920204758644104,0.029248354956507683,0.3112826645374298,0.0,0.041567664593458176,0.008258934132754803,0.002628898713737726,0.0,0.027974650263786316,0.0,0.037922512739896774,0.0,0.0023737740702927113,0.004922956228256226,0.0,0.0030900549609214067,0.0,0.06301452964544296,0.0,0.054950255900621414,0.017412366345524788,0.0,0.0,0.0,0.0,0.0,0.8602960109710693,0.26429203152656555,0.0,0.0,0.018171321600675583,0.004288115072995424,0.027389489114284515,0.042373038828372955,0.07492117583751678,0.0,0.0,0.6058910489082336,0.0,0.0,0.0,0.01904570870101452,0.0,0.0,0.0,0.0062697757966816425,0.0,0.0,0.0,0.5310449004173279,0.02926257625222206,0.0,0.07717632502317429,0.0,0.0,0.0,0.0,0.0,0.0,0.004883361980319023,0.34957557916641235,0.01690162904560566,1.1113938093185425,0.0,0.0007657695095986128,0.0059767067432403564,0.0,0.0,0.0182624701410532,2.293462038040161,0.0448743999004364,0.0,0.0,0.028773272410035133,0.0,0.0,0.0,0.0537259578704834,0.0,0.0,0.5449121594429016,0.0,0.017557282000780106,0.039111703634262085,0.0,0.0,0.0,0.07016871869564056,0.29949137568473816,0.03746796026825905,0.0,0.15393462777137756,0.0,0.0,0.0,0.0,0.0,0.08801964670419693,0.0016773390816524625,0.014387870207428932,0.0,0.0,0.19097314774990082,0.01993967592716217,0.02871531993150711,0.04065345227718353,0.6537747383117676,0.0,0.044266365468502045,0.18956585228443146,0.0,0.016635943204164505,0.0,0.0008865344570949674,0.0,0.016744041815400124,0.0,0.0,0.0,0.0,0.0,0.010207017883658409,0.0,0.09023091942071915,0.04264739155769348,1.0211597681045532,0.0,0.04926818981766701,0.0034755098167806864,0.015717763453722,0.01611468382179737,0.0,0.04437173530459404,0.0,0.0,0.712766170501709,0.0,0.011610028333961964,0.0,0.0,0.0,0.0,0.03325561061501503,0.0,0.0,0.005940364673733711,0.0,0.0,0.0,0.0,0.0,0.0,0.0,0.0,0.0,0.0074614654295146465,0.20729148387908936,0.0,0.12707461416721344,0.0,0.0,0.0,0.010060064494609833,0.0,0.04681377112865448,0.000794477469753474,0.002484138123691082,0.04831046611070633,0.015061723999679089,0.06925363838672638,0.0,0.015646755695343018,0.09286046773195267,0.0,0.050084248185157776,0.010619417764246464,0.0,0.020730284973978996,0.0,0.014614026993513107,0.0,0.03003375045955181,0.0,0.0,0.0,0.0355408638715744,0.0,0.0,0.0,0.08612669259309769,0.0,0.0,0.34175780415534973,0.08533989638090134,0.0,0.0058708335272967815,0.0,0.00017667055362835526,0.011509210802614689,0.0,0.021842682734131813,0.10280542075634003,0.030330803245306015,0.0,0.026608141139149666,0.0,0.03448425605893135,0.0,0.0,0.0,0.023955216631293297,0.17778655886650085,0.03138137236237526,0.0,0.010141992941498756,0.13472947478294373,0.007419632747769356,0.0,0.0,0.2557620704174042,0.08417047560214996,0.04914874956011772,0.01664373092353344,0.005504774861037731,0.0,1.098577857017517,0.4328159987926483,0.08597830682992935,0.0,0.0,0.0,0.0,0.0,0.020090283825993538,0.008792365901172161,0.6577680706977844,0.0052445270121097565,0.10100709646940231,0.0,0.0,0.0,0.011464621871709824,0.040950775146484375,0.0,0.0,0.06065753102302551,0.12968604266643524,0.0,0.007519630249589682,0.3695376217365265,0.009916008450090885,0.49606966972351074,0.060020435601472855,0.013478589244186878,0.27618199586868286,0.03091251291334629,0.03543832525610924,0.0,0.38117876648902893,0.03196534886956215,0.0,0.0,0.0,0.0,0.0,0.11813075840473175,0.0,0.0017440133960917592,0.37831446528434753,0.026222730055451393,0.0,0.0,0.04197221249341965,0.007157431449741125,0.0014271331019699574,0.0004614955105353147,0.0,0.0,0.17559844255447388,0.010027489624917507,0.0,0.0,0.0696159303188324,0.0,0.0,0.0026939010713249445,0.0,0.0,0.0,0.0,0.0,0.1959863156080246,0.01260401215404272,0.0,0.0070083262398839,0.0,0.13203328847885132,0.0,0.0,0.0022197174839675426,0.0,0.07749850302934647,0.02901550941169262,0.0,0.0,0.0,0.0,0.0,0.0,0.0,0.0026031630113720894,0.0,0.0,0.0,0.01770349219441414,0.0,0.0,0.0,0.05493547022342682,0.002487559337168932,0.010058199986815453,0.004207281861454248,0.04842351749539375,0.0,0.052718635648489,0.0,0.1591363102197647,0.008466078899800777,0.035348471254110336,0.07084659487009048,0.09740814566612244,0.0,0.0,0.0,0.00449176412075758,0.0007114672916941345,0.23027795553207397,0.018794462084770203,0.028476528823375702,0.0,0.028468670323491096,0.04092204198241234,0.04484088346362114,0.0,0.0299752838909626,0.0,0.0,0.04719818755984306,0.12367759644985199,0.00270458753220737,0.011763131245970726,0.0,0.024807613343000412,0.014258777722716331,0.06625809520483017,0.044322527945041656,0.0,0.0,0.13109838962554932,0.08999622613191605,0.012258846312761307,0.0,0.0,0.014911899343132973,0.0,0.5614397525787354,0.02132725715637207,0.0207024198025465,0.0,0.15707723796367645,0.0875738114118576,0.07613208889961243,0.00046699284575879574,0.07434511929750443,0.0,0.0,0.24224701523780823,0.24235881865024567,0.0,0.07495119422674179,0.00021568774536717683,0.6932915449142456,0.0,0.00060890062013641,0.024279791861772537,0.008455184288322926,0.015508247539401054,0.006923162844032049,0.0,0.0,0.11101388931274414,0.00610623462125659,0.20263850688934326,0.0,0.08868616074323654,0.0,0.005627133883535862,0.0,0.10673605650663376,0.2203691154718399,0.0,0.020723573863506317,0.22264868021011353,0.003343543503433466,0.025670155882835388,0.010083789937198162,0.0,0.0,0.09356043487787247,0.04248778894543648,0.0,0.0,0.021061474457383156,0.21175327897071838,0.017207525670528412,0.0,0.00017987489991355687,0.022160924971103668,0.22646480798721313,0.0007374167325906456,0.01293853297829628,0.0,0.02385624498128891,0.0024289130233228207,0.012333712540566921,0.020118050277233124,0.14262501895427704,0.0,0.06619331985712051,0.0022746562026441097,0.0767684355378151,0.6079065203666687,0.07847888767719269,0.05595593526959419,0.006275958847254515,0.08187206089496613,0.031774550676345825,0.0,0.0,0.0014210366643965244,0.05164200812578201,0.025599950924515724,0.053666964173316956,0.0,0.035780664533376694,0.0030985279008746147,0.45433321595191956,0.14527574181556702,0.0,0.05370025336742401,0.015871165320277214,0.206440269947052,0.3643995523452759,0.04302549362182617,0.024570655077695847,0.6163747310638428,0.014971502125263214,0.7463781833648682,0.09566668421030045,0.0060583543963730335,0.0,0.0,0.09313007444143295,0.0,0.07832533866167068,0.0,0.0,0.04216039553284645,0.0,0.02402375265955925,1.3635306358337402,0.16760258376598358,0.026200998574495316,0.0,0.0712810829281807,0.0,0.03899509087204933,0.014902322553098202,0.001031846972182393,0.0,0.42649877071380615,0.03272174298763275,0.02773333340883255,0.024493152275681496,0.0,0.0,0.03953590989112854,0.0,0.11391926556825638,0.048043910413980484,0.0,0.22979649901390076,0.0,0.07114109396934509,0.0,0.0,0.0,0.0,0.6698871850967407,0.3417225182056427,0.0,0.059620942920446396,0.21504345536231995,0.04220934957265854,0.13571366667747498,0.0,0.021882403641939163,0.0028435152489691973,0.0,0.002930633956566453,0.0,0.029050281271338463,0.0,0.06975743919610977,0.0,0.06769706308841705,0.12424982339143753,0.007757457438856363,0.0,0.06796421855688095,0.011480540968477726,0.026571430265903473,0.1976444125175476,0.016255460679531097,0.0,0.12776580452919006,0.0,0.017503859475255013,0.07794678956270218,0.0,0.05398375913500786,0.003911565523594618,0.0,0.005014074966311455,0.45557770133018494,0.0,0.047134555876255035,0.014902272261679173,0.0,0.0,0.0,0.011576201766729355,0.0,0.0,0.014057612046599388,0.013260693289339542,0.01497121062129736,0.0,0.030630093067884445,0.0,0.7856560349464417,0.10365185141563416,0.0042376588098704815,0.22230933606624603,0.07422935962677002,0.005251909606158733,0.0025438284501433372,0.0,0.03567999601364136,0.0,0.024399176239967346,0.06122677028179169,4.004597576567903e-05,0.0005137765547260642,0.0,0.0,0.0,0.0009152030688710511,0.0,0.1100011095404625,0.05583732947707176,0.015216179192066193,0.03404078632593155,0.12617963552474976,0.08186481148004532,0.0263205673545599,0.08163809031248093,0.03794671595096588,0.0,0.12332075834274292,0.0,0.0,0.0,0.036270905286073685,0.021257752552628517,0.0,0.05791012942790985,0.31978386640548706,0.0,0.0,0.0,0.037302806973457336,0.0,0.0018433863297104836,0.059548500925302505,0.003570551984012127,0.005719463806599379,0.09706243872642517,0.010057168081402779,0.0031169659923762083,0.01333325169980526,0.0,0.0,0.0059073446318507195,0.0,0.014287715777754784,0.20996405184268951,0.013713163323700428,0.4490991234779358,0.021233167499303818,0.0380329005420208,0.22761179506778717,0.0019301068969070911,0.024343257769942284,0.0,0.0,0.0,0.0,0.1250944882631302,0.45495009422302246,0.0031268252059817314,0.016202354803681374,0.0,0.003869076957926154,0.012284917756915092,0.0,0.0,0.0,0.0,0.4593861401081085,0.0,0.004033365752547979,0.0,0.0,0.2193373292684555,0.008819584734737873,0.0,0.0,0.0,0.17130440473556519,0.02038169652223587,0.051335033029317856,0.002368905581533909,0.0,0.0005640122108161449,0.007727601565420628,0.0,0.0,0.06492029875516891,0.02079450897872448,0.023843131959438324,0.014097069390118122,0.005750881042331457,0.004910576622933149,0.04654141515493393,0.0,0.029009761288762093,0.0,0.0,0.03040115162730217,0.057754550129175186,0.0822678729891777,0.0,0.038381580263376236,0.06742079555988312,0.09592271596193314,0.0,0.04478618502616882,0.5419492125511169,0.0,0.2471923977136612,0.04332531988620758,0.07942776381969452,0.017932094633579254,0.2620815932750702,0.0,0.00888755638152361,0.0,0.055187635123729706,0.013086037710309029,0.0018581432523205876,0.0,0.03595620021224022,0.0,0.04209056869149208,0.00926380418241024,0.08332957327365875,0.0,0.45233020186424255,0.01278611458837986,0.09564250707626343,0.0,0.006100933533161879,0.07304687052965164,0.0,0.07736215740442276,0.01918521150946617,0.0,0.0049898396246135235,0.016023481264710426,0.0,0.009215465746819973,0.05699416249990463,0.021955756470561028,0.009647774510085583,0.007714097388088703,0.02871355041861534,0.010710668750107288,0.017094813287258148,0.0,0.0,0.002484656637534499,0.09714044630527496,0.09886913001537323,0.7135177850723267,0.0,0.0,0.0,0.0,0.0,0.07105394452810287,0.0,0.0,0.0,0.0,0.0,0.007634718902409077,0.16630423069000244,0.0,0.017400164157152176,0.17428432404994965,0.006060593295842409,0.1763460338115692,0.03790948539972305,0.1214190199971199,0.0,0.17719465494155884,0.0,0.0,0.0059996796771883965,0.01067566592246294,0.003845498664304614,0.0,0.3265517055988312,0.0,0.0,0.08678431808948517,0.0,0.0,0.0,0.0,0.0,0.0,0.01416527759283781,0.049551498144865036,0.004288689699023962,0.0,0.0,0.005277405492961407,0.002720459597185254,0.0,0.0,0.15454941987991333,0.01476282998919487,0.0589916929602623,0.06445882469415665,0.0,0.03877789527177811,0.0,0.0,0.0,0.1622024029493332,0.0,0.001704578404314816,0.04056199640035629,0.0,0.011181360110640526,0.0,0.0,0.029009347781538963,0.0,0.0,0.0,0.0,0.0,0.0,0.010979456827044487,0.0,0.029501285403966904,0.4876154065132141,0.0,0.006459660362452269,0.0,0.0,0.00015864134184084833,0.23743148148059845,0.0,0.12626977264881134,0.2526516020298004,0.0,0.0,0.01759963482618332,0.0,0.00042497634422034025,0.0,0.0,0.46163666248321533,0.0,0.0,0.0,0.0,0.0,0.4529755711555481,0.1608445793390274,0.0098091010004282,0.0,0.004760704003274441,0.10708404332399368,0.3411827087402344,0.0,0.0,0.018550705164670944,0.0,0.0,0.00031457614386454225,0.0,0.0,0.011416349560022354,0.0,0.0,0.0,0.0,0.357814222574234,0.0,0.03292462229728699,0.020128421485424042,0.013883479870855808,0.0,0.32600662112236023,0.2272891253232956,0.0003296314971521497,0.12952673435211182,0.005982301197946072,0.0,0.0,0.0018922447925433517,0.06702399253845215,0.0,0.0,0.0415729284286499,0.0,0.041011229157447815,0.03451470285654068,0.005408839788287878,0.0,0.0019949269481003284,0.010053122416138649,0.2062177062034607,0.0023883478716015816,0.01663009077310562,0.0,0.0,0.0879482850432396,0.06746996194124222,0.07361742109060287,0.09651881456375122,0.0,0.0,0.003634166670963168,0.055374134331941605,0.0,0.0,0.022061388939619064,0.0,0.014531126245856285,0.0,0.0,0.0,0.0,0.005388183519244194,0.004443018231540918,0.0023202141746878624,0.0,0.0,0.07594586908817291,0.03246184438467026,0.0353902243077755,0.00608423724770546,0.029511598870158195,0.002403277438133955,0.0,0.0,0.29241999983787537,0.0,0.0714627280831337,0.06731289625167847,0.009890265762805939,0.012061255984008312,0.3357182443141937,0.021782588213682175,0.025308094918727875,0.010267321951687336
0.0,0.0019607555586844683,0.3248375654220581,0.0007428312092088163,0.0,0.0,0.025292735546827316,0.01963307149708271,0.0,0.08459705114364624,0.001878876704722643,0.07774365693330765,0.031732697039842606,0.2782466411590576,0.08907637745141983,0.1609009951353073,0.0015902125742286444,0.01495156530290842,0.0,0.2637629508972168,0.04147088900208473,0.0,0.014865920878946781,0.19215795397758484,0.05018256604671478,0.1145913377404213,0.0,0.0,0.0,0.003166946116834879,0.44323664903640747,0.11207876354455948,0.0005559742567129433,0.0,0.19441422820091248,0.1706886887550354,0.0007632708293385804,0.0363597497344017,0.0,0.10560596734285355,0.3228398561477661,0.0,0.009672627784311771,0.09758639335632324,0.4722651541233063,0.011269228532910347,0.035276297479867935,0.0,0.21799276769161224,0.0,0.0,0.21010248363018036,0.0,0.15224994719028473,0.04451276361942291,0.0,0.0,0.0,0.11269881576299667,0.0070569515228271484,0.0,0.3924750089645386,0.07795804738998413,0.0,0.003525339299812913,0.3503952920436859,0.09224105626344681,0.014195590279996395,0.011368751525878906,5.450248863780871e-05,0.21289829909801483,0.02370002679526806,0.0012007617624476552,0.11604183167219162,0.0,0.0863477885723114,0.4221966862678528,0.0,0.18492168188095093,0.3744814991950989,0.0,0.11409002542495728,0.0,0.04496091976761818,0.025724735110998154,0.33317962288856506,0.02773360162973404,0.0,0.0,0.03971557691693306,0.019191481173038483,0.02932159975171089,0.19191671907901764,0.5454469919204712,0.00810947921127081,0.1420736163854599,0.04778097942471504,0.0,0.0,0.0,0.015621740370988846,0.036698322743177414,0.1445026397705078,0.020183227956295013,0.07857030630111694,0.01576235145330429,0.01515862438827753,0.0,0.0012454604730010033,0.007094438187777996,0.010941272601485252,0.012292766943573952,0.0,0.16002421081066132,0.004309420473873615,0.39375826716423035,0.0,0.08741869032382965,0.001338231610134244,0.1440974473953247,0.0184102114289999,0.0001760768936946988,0.3106094002723694,0.041328247636556625,0.006150601897388697,0.0006321090622805059,0.24573542177677155,0.016073204576969147,0.06619720906019211,0.0,0.1074364185333252,0.0033665632363408804,0.048102959990501404,0.004717524163424969,0.052738532423973083,0.07986857742071152,0.011233790777623653,0.0,0.003774733515456319,0.003419626969844103,0.08861203491687775,0.03222358971834183,0.0,0.030571160838007927,0.21445399522781372,0.0,0.015247597359120846,0.28721049427986145,0.02120346389710903,0.04656466096639633,0.04964637756347656,0.0,0.014874255284667015,0.08527307212352753,0.0,0.02132488787174225,0.015176716260612011,0.024332623928785324,0.121335469186306,0.08283685892820358,0.004880212713032961,0.012366998009383678,0.021682191640138626,0.3701079189777374,0.07667951285839081,0.0,0.2722804546356201,0.0007439255714416504,0.12532036006450653,0.37833118438720703,0.11543566733598709,0.017657535150647163,0.10700879245996475,0.18098464608192444,0.04504191875457764,0.06975822895765305,0.5465865731239319,0.012704288586974144,0.0,0.3063412606716156,0.0,0.0,0.04198445752263069,0.021387526765465736,0.013273674994707108,0.28090935945510864,0.17450380325317383,0.05910024791955948,0.06639105826616287,0.2762559652328491,0.06125735118985176,0.09968796372413635,0.0,0.0,0.02932233363389969,0.018079178407788277,0.019364647567272186,0.0013747930061072111,0.31273049116134644,0.0,0.15088704228401184,0.03795572370290756,0.0,0.17719818651676178,0.0005429291632026434,0.012112336233258247,0.032755047082901,0.025685491040349007,0.08215423673391342,0.059855200350284576,0.14714202284812927,0.0,0.2153611034154892,0.0,0.023658141493797302,0.025244057178497314,0.038924217224121094,0.025638466700911522,0.0,0.012251763604581356,0.03978871926665306,0.0279215220361948,0.16676636040210724,0.15368647873401642,0.0032056726049631834,0.18809019029140472,0.008559384383261204,0.008936192840337753,0.09188669174909592,0.11432209610939026,0.1328101009130478,0.0,0.20657669007778168,0.073475182056427,0.1250879466533661,0.3059178590774536,0.025552883744239807,0.09591474384069443,0.03735595569014549,0.0,0.0,0.05238819494843483,0.05897421017289162,0.0,0.11738285422325134,0.05623309314250946,0.018315281718969345,0.02275937609374523,0.0,0.007543842773884535,0.02759361080825329,0.0006423651939257979,0.003955981694161892,0.0,0.0046140169724822044,0.07136666029691696,0.0,0.08113197237253189,0.017993899062275887,0.43569332361221313,0.0,0.011178187094628811,0.006099401507526636,0.0,0.11021747440099716,0.024380527436733246,0.06440422683954239,0.0820205956697464,0.014930743724107742,0.026032431051135063,0.10329833626747131,0.01956937275826931,0.0,0.11302423477172852,0.08720342814922333,0.0,0.04441993683576584,0.020911231637001038,0.119195356965065,0.1927913874387741,0.0008575367974117398,0.0,0.025717653334140778,0.1448303759098053,0.02785225212574005,0.6588972210884094,0.0,0.0,0.1732056736946106,0.0526113361120224,0.16864165663719177,0.07138561457395554,0.078528493642807,0.0,0.04106144607067108,0.024333707988262177,0.17026163637638092,0.0,0.3021608293056488,0.0,0.021231116726994514,0.0304787065833807,0.15917891263961792,0.1450687050819397,0.15265615284442902,0.0,0.0027685619425028563,0.017491329461336136,0.0,0.0,0.0,0.11475218087434769,0.03268963471055031,0.18508881330490112,0.04633605107665062,0.3328297734260559,0.02991417422890663,0.009210498072206974,0.1754288524389267,0.030476035550236702,0.0,0.034028246998786926,0.0,0.0,0.723860502243042,0.0,0.0,0.02624921314418316,0.0,0.0,0.0,0.05065785348415375,0.0,0.0,0.0,0.0,0.0,0.0,0.014292895793914795,0.07573654502630234,0.08467023819684982,0.0,0.0,0.0,0.0,0.0,0.0,0.0,0.003227564040571451,0.0,0.13278089463710785,0.0,0.10712339729070663,0.03547754883766174,0.272180438041687,0.0,0.0,0.0,0.06546175479888916,0.010337322019040585,0.009614809416234493,0.0,0.0,0.0,0.0,0.0,0.07903774082660675,0.03242990002036095,0.0,0.0,0.4835015833377838,0.0,0.0,0.06459403783082962,0.019677117466926575,0.0,0.0,0.0,0.0013511201832443476,0.16826120018959045,0.06095662713050842,0.0,0.0,0.009039324708282948,0.011091487482190132,0.0,0.0,0.0502038300037384,0.0,0.0,0.1856544464826584,0.0,0.0,0.0,0.0,0.0,0.0995500460267067,0.0,0.07281012833118439,0.02440021000802517,0.00479149678722024,0.012031171470880508,0.0,0.0,0.0037301338743418455,0.0,0.0025607896968722343,0.0,0.0,0.034086961299180984,0.0,0.0,0.0,0.0,0.0002986741019412875,0.0,0.0,0.0,0.0,0.0,0.012178455479443073,0.0,0.07091978192329407,0.0,0.016231775283813477,0.09890260547399521,0.003444164991378784,0.009224623441696167,0.008432452566921711,0.15919636189937592,0.0,0.0034437181893736124,0.0,0.08017758280038834,0.0,0.0,0.0,0.0,0.0007452791905961931,0.0,0.00508505804464221,0.0,0.005439786706119776,0.017819836735725403,0.0,0.0,0.06525392830371857,0.0,0.012607262469828129,0.05475439131259918,0.0,0.0,0.0,0.0383947417140007,0.0,0.005290529690682888,0.0,0.0,0.01317207608371973,0.0005471992772072554,0.007266191300004721,0.2070191204547882,0.0,0.0,0.07683621346950531,0.21695533394813538,0.0380178838968277,0.0,0.0,0.011789385229349136,0.0,0.0,0.027277393266558647,0.0,0.0220350194722414,0.0,0.0,0.0268599484115839,0.045807041227817535,0.0,0.0,0.0,0.10442718863487244,0.004839690867811441,0.03990471735596657,0.17577339708805084,0.003694391343742609,0.0,0.0,0.0,0.02462565153837204,0.0,0.0,0.0,0.0,0.0,0.0,0.010862154886126518,0.02998117357492447,0.0,0.0,0.0,0.014386172406375408,0.008237890899181366,0.011902842670679092,0.0,0.0,0.008516586385667324,0.07896928489208221,0.013047349639236927,0.04307737201452255,0.0022803579922765493,0.0,0.0,0.0,0.0013316682307049632,0.13551746308803558,0.042571697384119034,0.00023184150632005185,0.0006751108448952436,0.0,0.0,0.41443169116973877,0.0,0.0,0.0,0.0,0.0,0.0,0.027415800839662552,0.04328106343746185,0.0,0.012217969633638859,0.0,0.0,0.14487622678279877,0.0,0.0,0.0,0.04024394974112511,0.005459113046526909,0.02414136566221714,0.0,0.0829794630408287,0.0,0.0,0.017222583293914795,0.0,0.0,0.0,0.0,0.05020199716091156,0.002107757143676281,0.16368354856967926,0.0015930795343592763,0.00776858814060688,0.0,0.0,0.05086815729737282,0.0,0.0,0.14436891674995422,0.06145985424518585,0.0,0.231965109705925,0.055494870990514755,0.004993830807507038,0.0,0.062187742441892624,0.2999544143676758,0.0,0.03600693866610527,0.05339552462100983,0.0,0.0,3.147423194604926e-05,0.0051165795885026455,0.0,0.0,0.007799697108566761,0.06459452956914902,0.0,0.07045599818229675,0.0,0.1228005588054657,0.052700117230415344,0.07543573528528214,0.03741563484072685,0.0,0.0,0.0,0.0,0.009355621412396431,0.0,0.0,0.18767188489437103,0.013552431017160416,0.03316005319356918,0.0,0.0,0.0,0.0,0.0,0.0065229106694459915,0.0,0.0,0.0,0.39646655321121216,0.01498902216553688,0.012719826772809029,0.0,0.12546592950820923,0.0,0.0,0.02101840451359749,0.020491985604166985,0.05704567953944206,0.060091324150562286,0.0,0.0,0.0014840698568150401,0.0,0.0,0.0,0.03600139543414116,0.004331482574343681,0.0,0.009509577415883541,0.0,0.06744568794965744,0.03019411861896515,0.011830709874629974,0.0,0.0,0.0,0.0,0.001757084159180522,0.00016041517665144056,0.0,0.0,0.0,0.0,0.11981114745140076,0.02534385956823826,0.0,0.0,0.0,0.0,0.028009165078401566,0.0,0.0,0.0080121960490942,0.0,0.0,0.016641058027744293,0.0,0.0,0.06738582998514175,0.027091307565569878,0.1716182678937912,0.024138938635587692,0.0,0.24013634026050568,0.006087083835154772,0.0972806066274643,0.005070324055850506,0.0,0.08937443792819977,0.0,0.04756450653076172,0.08369337767362595,0.0,0.022197453305125237,0.005789598915725946,0.0,0.0,0.0,0.0,0.0,0.011622991412878036,0.0,0.03250626102089882,0.0,0.0,0.0,0.11404071003198624,0.006613506469875574,0.0,0.0,0.0,0.009453890845179558,0.12510523200035095,0.013343283906579018,0.006081089843064547,0.0599597729742527,0.037133969366550446,0.0,0.0,0.004040454048663378,0.056729756295681,0.0,0.0,0.39198222756385803,0.05460071191191673,0.03289370611310005,0.0,0.03510139882564545,0.0,0.1076640859246254,0.0034916282165795565,0.0,0.0,0.0,0.008409564383327961,0.176897794008255,0.1130380630493164,0.03001481108367443,0.0,0.013903200626373291,0.05680767074227333,0.0,0.0,0.0,0.06549045443534851,0.0,0.019945427775382996,0.0002664354396983981,0.08881273120641708,0.0,0.2614205777645111,0.0,0.0,0.0,0.2483915388584137,0.06967300176620483,0.0015263628447428346,0.015688249841332436,0.5231873989105225,0.0,0.012046797201037407,0.0,0.006272792816162109,0.0,0.0,0.0,0.01657206006348133,0.24201299250125885,0.0,0.1293334811925888,0.0032926190178841352,0.0,0.0014525613514706492,0.00949419941753149,0.0,0.013052579015493393,0.007973164319992065,0.00031270162435248494,0.23642152547836304,0.06575851142406464,0.0,0.0,0.008677195757627487,0.06957228481769562,0.0,0.328813374042511,0.0,0.0,0.0,0.04005059227347374,0.0,0.10272795706987381,0.07603202015161514,0.06228130683302879,0.13149091601371765,0.025148605927824974,0.019609689712524414,0.011425282806158066,0.022791702300310135,0.026818005368113518,0.02013411372900009,0.0,0.0,0.1666172444820404,0.00746217742562294,0.03956522420048714,0.0,0.017124995589256287,0.0841558650135994,0.2646065950393677,0.004712435882538557,0.029146328568458557,0.04724263772368431,0.043073058128356934,0.00890837237238884,0.0,0.0,0.047384753823280334,0.0,0.0,0.13537196815013885,0.02281128242611885,0.04468049481511116,0.0,0.02552288956940174,0.0,0.0,0.039801307022571564,0.09407686442136765,0.05518186464905739,0.0,0.15548506379127502,0.0,0.0030384352430701256,0.0,0.0,0.04912277311086655,0.32727840542793274,0.014601707458496094,0.0977000966668129,0.06561169028282166,0.0,0.0,0.0,0.0,0.0,0.0,0.018988624215126038,0.0,0.0,0.041633617132902145,0.1209552213549614,0.0,0.0,0.04594973474740982,0.0048537165857851505,0.0,0.15901996195316315,0.0,0.0,0.028386101126670837,0.02526424080133438,0.0,0.04720255360007286,0.009404494427144527,0.20938946306705475,0.0,0.0,0.5389316082000732,0.0,0.02404414676129818,0.005362558178603649,0.0,0.0,0.0,0.01569255068898201,0.03541700541973114,0.0,0.14966453611850739,0.0,0.0,0.0,0.0,0.015215503983199596,0.012366767041385174,0.0,0.04033910855650902,0.00278878933750093,0.002616831101477146,0.002427501603960991,0.0,0.38240814208984375,0.0,0.0,0.0,0.007590204477310181,0.0,0.0,0.5474624037742615,0.06014304608106613,0.02624758519232273,0.017564013600349426,0.09169922024011612,0.0,0.01815253682434559,0.0,0.1933257132768631,0.009053549729287624,0.059168681502342224,0.012895169667899609,0.01513378880918026,0.007354990113526583,0.02052144706249237,0.1585679054260254,0.0,0.009636917151510715,0.0,0.08802910149097443,0.028606591746211052,0.10775533318519592,0.007323871832340956,0.06431318074464798,0.0336591973900795,0.0,0.509735107421875,0.0,0.0,0.07420334964990616,0.030307387933135033,0.07814829051494598,0.0,0.001332401647232473,0.0,0.026732511818408966,0.13663850724697113,0.0,0.14563609659671783,0.028739674016833305,0.08565473556518555,0.0,0.0565682128071785,0.3534773886203766,0.02136920765042305,0.1614573895931244,0.1166120320558548,0.16213785111904144,0.03683773800730705,0.020246652886271477,0.1064494401216507,0.09655997157096863,0.027308382093906403,0.16060112416744232,0.0,0.0,0.34473204612731934,0.0,0.0,0.026520829647779465,0.0,0.0,0.10507635772228241,0.0026011692825704813,0.01638731174170971,0.0,0.0,0.00025597988860681653,0.0,0.23838813602924347,0.05989878997206688,0.0,0.0017527544405311346,0.01423684973269701,0.0,0.0,0.07749634981155396,0.0,0.07471110671758652,0.0,0.13645920157432556,0.0007104242104105651,0.030713271349668503,0.05259569734334946,0.0,0.04391640052199364,0.0,0.035224754363298416,0.13501769304275513,0.0,0.06869226694107056,0.012681473046541214,0.09325671195983887,0.0,0.08776259422302246,0.04941496253013611,0.007948053069412708,0.0,0.18371479213237762,0.0,0.0,0.0,0.5774846076965332,0.1582653820514679,0.0,0.015365476720035076,0.2897576093673706,0.0,0.0,0.0,0.2383185178041458,0.0,0.03157386928796768,0.0,0.0,0.0,0.0,0.08296970278024673,0.0,0.0,0.13541722297668457,0.03980593755841255,0.0,0.0,0.23802925646305084,0.0,0.0,0.02326209470629692,0.03268846124410629,0.035153090953826904,0.004903655964881182,0.018805373460054398,0.09870180487632751,0.0,0.008211360312998295,0.2600097358226776,0.0,0.0,0.0,0.080907441675663,0.06723102927207947,0.0,0.0827379822731018,0.0,0.0,0.3491320312023163,0.012963753193616867,0.0,0.01988932304084301,0.0,0.0,0.013810507021844387,0.40296652913093567,0.0,0.001018756302073598,0.26409533619880676,0.048780616372823715,0.01899443380534649,0.08663575351238251,0.0,0.050806306302547455,0.05620227009057999,0.0013682077405974269,0.0,0.0,0.08520634472370148,0.0036751043517142534,0.0,0.008476627990603447,0.08587615936994553,0.06171892210841179,0.01919834315776825,0.16522395610809326,0.0,0.029947791248559952,0.016597861424088478,0.0,0.17296846210956573,0.0008015871280804276,0.009371621534228325,0.11738094687461853,0.023816557601094246,0.0,0.14044779539108276,0.038373928517103195,0.0,0.04407363384962082,0.3758805990219116,0.07067707180976868,0.0668916255235672,0.0,0.05811391770839691,0.16744178533554077,0.07382746040821075,0.12073705345392227,0.0,0.05103912949562073,0.018294058740139008,0.06039886549115181,0.029092302545905113,0.053368233144283295,0.4070309102535248,0.0,0.345164030790329,0.0,0.005377588327974081,0.023595990613102913,0.2190537452697754,0.09716822952032089,0.11514991521835327,0.09164360910654068,0.0,0.007798969279974699,0.008947186172008514,0.019393643364310265,0.0,0.02503577247262001,0.03234793618321419,0.0,0.0,0.0038216551765799522,0.0,0.1367379128932953,0.0,0.0,0.09492722153663635,0.022462742403149605,0.20430293679237366,0.0,0.0,0.005418055225163698,0.0,0.0,0.0,0.4231836795806885,0.0,0.0003632078296504915,0.0,0.0,0.1583070158958435,0.005176786333322525,0.0,0.0,0.0680304542183876,0.020469415932893753,0.006017428822815418,0.1808040589094162,0.24393606185913086,0.0,0.00485805980861187,0.0018219829071313143,0.03205983340740204,0.0,0.0,0.0,0.0,0.05653740093111992,0.010221710428595543,0.0,0.0,0.00839577242732048,0.007204139605164528,0.21212394535541534,0.10747135430574417,0.0,7.83842770033516e-05,0.0,0.0009563458152115345,0.0,0.3869852125644684,0.019927894696593285,0.2786920666694641,0.0,0.05520607531070709,0.009889311157166958,0.0041436124593019485,0.0,0.04311905801296234,0.0,0.019626328721642494,0.0,0.024937227368354797,0.02053380012512207,0.0,0.03765557333827019,0.0,0.05411846563220024,0.0,0.041955843567848206,0.02548453025519848,0.0,0.0,0.0,0.0,0.0,0.8059523701667786,0.28837642073631287,0.0,0.0,0.02883382886648178,0.0,0.02569115161895752,0.02796459197998047,0.09107637405395508,0.0,0.0,0.6129578351974487,0.0,0.0,0.0,0.04054226726293564,0.0,0.0,0.0,0.0,0.00017190695507451892,0.0,0.0,0.4488239288330078,0.032104797661304474,0.0,0.052322931587696075,0.0,0.020404508337378502,0.0,0.0,0.00231764605268836,0.0,0.0127060916274786,0.28686845302581787,0.032368630170822144,1.1233479976654053,0.0,0.0010651468764990568,0.012103850021958351,0.0,0.0,0.0243738554418087,2.307527780532837,0.02535538747906685,0.0,0.0,0.028097666800022125,0.0,0.0,0.0,0.050722457468509674,0.006883216090500355,0.0,0.49229300022125244,0.0,0.014503142796456814,0.026430048048496246,0.0,0.0,0.0,0.07809790968894958,0.28210344910621643,0.05024249106645584,0.0,0.16576094925403595,0.0,0.0,0.0,0.0,0.0,0.05848606675863266,0.015528270974755287,0.034033726900815964,0.0,0.0,0.19216684997081757,0.017681090161204338,0.004247884266078472,0.031652066856622696,0.552936851978302,0.0,0.020330138504505157,0.18694466352462769,0.0,0.015460836701095104,0.0,0.005820021033287048,0.0,0.032184898853302,0.0,0.0,0.0,0.0,0.0,0.022964563220739365,0.0,0.07675400376319885,0.03732491657137871,0.8424913883209229,0.0,0.04261188581585884,0.007535272743552923,0.0,0.004528647754341364,0.0,0.0389002300798893,0.0,0.0,0.6504050493240356,0.0,0.015598044730722904,0.0,0.0,0.0,0.0,0.02103639580309391,0.014867555350065231,0.0,0.0,0.0,0.0,0.0,0.0,0.00381635595113039,0.0,0.0,0.0,0.0,0.0009525674395263195,0.19809217751026154,0.001221210928633809,0.09872351586818695,0.0,0.0,0.0,0.0,0.0,0.04351108893752098,0.0,0.0,0.03440222516655922,0.004352228716015816,0.017748810350894928,0.0,0.021956991404294968,0.13744455575942993,0.0,0.04151897132396698,0.011560904793441296,0.0,0.020582064986228943,0.0,0.013792868703603745,0.0,0.03186338022351265,0.0,0.0,0.0,0.04060466215014458,0.0,0.0,0.0006467950297519565,0.04060102626681328,0.0,0.0014772415161132812,0.2951590120792389,0.09397590905427933,0.0,0.009298856370151043,0.0,0.001301816082559526,0.0,0.0,0.008582687005400658,0.05573906749486923,0.034273482859134674,0.0,0.03418714925646782,0.0,0.061086505651474,0.0,0.0,0.0,0.08647554367780685,0.17837905883789062,0.028630709275603294,0.0,0.009165678173303604,0.050574544817209244,0.004539060406386852,0.008698747493326664,0.0,0.28345316648483276,0.07129082083702087,0.10357286781072617,0.020826177671551704,0.0,0.0,0.9621352553367615,0.4387819766998291,0.0896216481924057,0.0,0.0,0.0029697108548134565,0.0,0.004348608199506998,0.0274464413523674,0.008696526288986206,0.5309367775917053,0.014048827812075615,0.14789511263370514,0.0,0.0,0.0,0.009071380831301212,0.03699797764420509,0.0,0.004205488134175539,0.06142978370189667,0.1212901771068573,0.0,0.0,0.21911336481571198,0.008864308707416058,0.4823639690876007,0.06418724358081818,0.008314252831041813,0.1750107705593109,0.0432884506881237,0.02931833453476429,0.0,0.33967700600624084,0.014672582037746906,0.0,0.001597641734406352,0.0,0.0,0.0,0.11635483801364899,0.0,0.003773320931941271,0.309800386428833,0.020061682909727097,0.0,0.0,0.014570741914212704,0.009018844924867153,0.0,0.007797121535986662,0.0,0.0,0.12102551758289337,0.0006591022247448564,0.00032192826620303094,0.0,0.04132614657282829,0.0030014943331480026,0.0,0.0,0.0,0.0,0.0,0.0,0.006729366723448038,0.13307048380374908,0.0029142224229872227,0.0,0.0017742338823154569,0.0,0.1442268043756485,0.0,0.0,0.007442010100930929,0.0,0.0573606863617897,0.06203841790556908,0.0,0.0,0.0,0.0,0.0,0.0,0.0,0.004639110993593931,0.0,0.0,0.0,0.021888213232159615,0.0,0.0029451847076416016,0.0,0.04898890480399132,0.015950797125697136,0.029409870505332947,0.004327373579144478,0.04208238422870636,0.0,0.027087952941656113,0.0,0.07859543710947037,0.002437801333144307,0.04168150573968887,0.05091574043035507,0.10079820454120636,0.0,0.0,0.0,0.003859729738906026,0.0016001499025151134,0.22310814261436462,0.03217412158846855,0.019838836044073105,0.0,0.02532276324927807,0.051743268966674805,0.041340772062540054,0.0,0.007172335870563984,0.0,0.0,0.04093052074313164,0.10976459830999374,0.0049073053523898125,0.011658122763037682,0.0,0.025824477896094322,0.015204641968011856,0.07619334757328033,0.03716513514518738,0.0,0.0,0.13317975401878357,0.12532837688922882,0.025690574198961258,0.0,0.0,0.011285633780062199,0.0,0.6151831150054932,0.015178990550339222,0.012148630805313587,0.0,0.16185539960861206,0.06643224507570267,0.05062013491988182,0.0,0.09117670357227325,0.0,0.0,0.20156575739383698,0.15718281269073486,0.0,0.08872807770967484,0.0,0.7281450033187866,0.0,0.005526472348719835,0.015796931460499763,0.0013192177284508944,0.015335330739617348,0.01034931093454361,0.0,0.0005967640900053084,0.024057865142822266,0.004708175081759691,0.1692272424697876,0.0,0.08222460746765137,0.0,0.00778133375570178,0.0,0.12579582631587982,0.09851323813199997,0.0,0.02148536592721939,0.12779302895069122,0.002193090273067355,0.03461877256631851,0.014154181815683842,0.0,0.0,0.09682420641183853,0.02806161902844906,0.010776889510452747,0.0,0.023881861940026283,0.18448583781719208,0.04044327884912491,0.0,0.0,0.025738002732396126,0.15829481184482574,0.0,0.0009276950149796903,0.0,0.02274378389120102,0.0,0.011177553795278072,0.014815593138337135,0.13737761974334717,0.0052092792466282845,0.06589169800281525,0.0060407803393900394,0.07654514908790588,0.6054385900497437,0.07299856096506119,0.05174911394715309,0.0010984826367348433,0.08076752722263336,0.005568029824644327,0.0,0.0,0.001289472565986216,0.03369847312569618,0.03715059161186218,0.04444685950875282,0.016774965450167656,0.03073354810476303,0.007590131834149361,0.37379908561706543,0.16047021746635437,0.0,0.04047596454620361,0.00836216751486063,0.1803443729877472,0.3600332736968994,0.03818552568554878,0.017721405252814293,0.5582263469696045,0.026411812752485275,0.6914228796958923,0.09094421565532684,0.0045188902877271175,0.0,0.0,0.09769558906555176,0.0,0.04159241542220116,0.0,0.0028019833844155073,0.0341372936964035,0.0,0.027508778497576714,1.387239933013916,0.2225622683763504,0.028005873784422874,0.0,0.07213721424341202,0.0,0.055326465517282486,0.019792795181274414,0.0024299812503159046,0.0013155174674466252,0.3385864496231079,0.04888579249382019,0.039102062582969666,0.015796728432178497,0.0,0.0,0.06401734054088593,0.0,0.12070588767528534,0.055251892656087875,0.0,0.1849443018436432,0.0035508538130670786,0.04053835943341255,0.0,0.004996666684746742,0.0,0.0,0.5829708576202393,0.2538206875324249,0.0,0.06801968812942505,0.19811612367630005,0.02651785872876644,0.11981494724750519,0.010515222325921059,0.039448484778404236,0.01367389876395464,0.01064523495733738,0.00011327982065267861,0.0,0.016888227313756943,0.0,0.07710827142000198,0.0,0.08564385771751404,0.10622473061084747,0.018920714035630226,0.0,0.07941129058599472,0.03149670735001564,0.03191287815570831,0.25143250823020935,0.008015397004783154,0.0,0.12866075336933136,0.0,0.011686860583722591,0.06752898544073105,0.0,0.0470312125980854,0.006351956166327,0.0,0.0018089520744979382,0.432413250207901,0.0,0.040276240557432175,0.018621833994984627,0.0,0.0,0.0,0.02816387265920639,0.0,0.0,0.023338383063673973,0.014014508575201035,0.01523202657699585,0.0,0.026110012084245682,0.0,0.7467182874679565,0.1507546752691269,0.004465372767299414,0.23985540866851807,0.11371541023254395,0.0067483214661479,0.017054542899131775,0.0,0.037990037351846695,0.0,0.0210229754447937,0.07544411718845367,0.021078595891594887,0.010340159758925438,0.0,0.0,0.0,0.0,0.0,0.10994938760995865,0.05350999906659126,0.02841431088745594,0.023074600845575333,0.11274600774049759,0.0961185097694397,0.0021779178641736507,0.08579887449741364,0.0332220233976841,0.0,0.08838475495576859,0.004257509484887123,0.0,0.0,0.05658973380923271,0.021008562296628952,0.0,0.08520875871181488,0.2958372235298157,0.0,0.0,0.0,0.03538021817803383,0.0,0.0,0.05957300215959549,0.00757302762940526,0.0036119294818490744,0.10374680161476135,0.01129137258976698,0.008207837119698524,0.024988045915961266,0.0,0.0,0.003330795792862773,0.0,0.020817339420318604,0.16735348105430603,0.005826017819344997,0.41329917311668396,0.030621467158198357,0.0176005307585001,0.2628617286682129,0.0016482967184856534,0.0049258130602538586,0.0,0.0,0.0020885432604700327,0.0,0.1596764326095581,0.4816704988479614,0.0,0.017487909644842148,0.0,0.0,0.0077458880841732025,0.0,0.01612452231347561,0.0,0.0,0.4539390802383423,0.0,0.0,0.0,0.0,0.14586560428142548,0.006659181322902441,0.0,0.0,0.0,0.18235883116722107,0.0031307244207710028,0.05107668414711952,0.0007129526347853243,0.0,0.004829977639019489,0.019605301320552826,0.0013383508194237947,0.0,0.07121029496192932,0.025014372542500496,0.033931754529476166,0.012156627140939236,0.0,0.0,0.039972901344299316,0.0,0.022640347480773926,0.0,0.0,0.021036218851804733,0.07248532027006149,0.07146506011486053,0.005365454126149416,0.025735754519701004,0.07333124428987503,0.047012824565172195,0.0,0.03209684044122696,0.5544105768203735,0.0009900170844048262,0.2544481158256531,0.06563057005405426,0.11628430336713791,0.01563040353357792,0.30493250489234924,0.0004503101226873696,0.00508482800796628,0.0,0.03049490973353386,0.019261037930846214,0.02185698226094246,0.0,0.015467432327568531,0.0,0.03798244893550873,0.015781838446855545,0.08730360865592957,0.0010677948594093323,0.2954966425895691,0.02629910781979561,0.024358032271265984,0.0,0.0,0.054316774010658264,0.005002932623028755,0.052393265068531036,0.016609810292720795,0.0,0.013185475021600723,0.02527432143688202,0.0,0.0036551665980368853,0.06412520259618759,0.027823379263281822,0.008441781625151634,0.0021412349306046963,0.03409925103187561,0.012200293131172657,0.02046784944832325,0.0,0.0,0.0,0.051850851625204086,0.07203184813261032,0.7128533124923706,0.0,0.0,0.0,0.0,0.0,0.06712006777524948,0.0,0.0,0.0,0.0,0.0,0.011908049695193768,0.1411760002374649,0.0,0.010278869420289993,0.17832665145397186,0.025455068796873093,0.21864920854568481,0.030430231243371964,0.17798809707164764,0.0,0.16752690076828003,0.0,0.0,0.00045383215183392167,0.028181977570056915,3.564596045180224e-05,0.0,0.3357412815093994,0.0,0.0,0.10492324084043503,0.0,0.0,0.0,0.0,0.0,0.0,0.009824005886912346,0.05971528962254524,0.0038680117577314377,0.0,0.0,0.01436591986566782,0.04189524054527283,0.0,0.0,0.15463170409202576,0.014747580513358116,0.06971119344234467,0.058783773332834244,0.0,0.05038375034928322,0.0,0.0,0.0,0.1777910739183426,0.0,0.0,0.049504999071359634,0.0,0.01879250817000866,0.0,0.0,0.024921832606196404,0.0,0.0,0.0,0.0,0.0,0.0,0.011573629453778267,0.010997085832059383,0.02102566696703434,0.5334780812263489,0.0,0.011860196478664875,0.010139993391931057,0.0,0.0,0.2214152216911316,0.0,0.09587346762418747,0.26458507776260376,0.0,0.0,0.0019320868887007236,0.0,0.0030279350467026234,0.0,0.0,0.40100303292274475,0.0,0.0,0.0,0.0,0.0,0.32933562994003296,0.12406908720731735,0.008515854366123676,0.0,0.003169930074363947,0.12848514318466187,0.332060307264328,0.0,0.0,0.03289104625582695,0.0,0.0,0.0,0.0,0.0,0.01534121111035347,0.0,0.0,0.0,0.0,0.33629170060157776,0.0,0.04419681429862976,0.03780335560441017,0.007682492956519127,0.0,0.2931496202945709,0.1091184988617897,0.0026996051892638206,0.13480360805988312,0.0,0.0,0.0,0.0008443343685939908,0.0676121637225151,0.0,0.0,0.022101042792201042,0.0,0.0272563174366951,0.030676402151584625,0.0162975937128067,0.0,0.005105623975396156,0.003338064067065716,0.11555205285549164,0.014827978797256947,0.007834980264306068,0.0,0.0,0.06826868653297424,0.06122583895921707,0.0724492222070694,0.024218132719397545,0.0,0.0,0.005631155800074339,0.0451730340719223,0.00012219489144627005,0.0,0.017032556235790253,0.0,0.017734818160533905,0.0,0.0,0.0,0.0,0.002369132125750184,0.0049210465513169765,0.0017205530311912298,0.0,0.0,0.06006193533539772,0.07947085052728653,0.043818213045597076,0.0021070195361971855,0.02059875801205635,0.00010657846723916009,0.0,0.0,0.27731889486312866,0.0,0.0622456930577755,0.04294172301888466,0.013183382339775562,0.00944497063755989,0.3286151587963104,0.010198607109487057,0.0495464988052845,0.0
0.0,0.0,0.31920623779296875,0.0,0.0,0.0,0.01794036105275154,0.016829531639814377,0.0198071226477623,0.06120374798774719,0.0,0.09075918048620224,0.03252966329455376,0.31062620878219604,0.07506882399320602,0.16251082718372345,0.0020036697387695312,0.06338436156511307,0.0,0.2309524416923523,0.06362424045801163,0.0,0.029439561069011688,0.17627686262130737,0.051048245280981064,0.11505896598100662,0.0,0.0,0.0,0.0,0.3978606164455414,0.09693305939435959,0.003148574847728014,0.0,0.18042625486850739,0.21445833146572113,0.012998328544199467,0.04691115394234657,0.0,0.09425339847803116,0.21689505875110626,0.0,0.0002850353776011616,0.07635679095983505,0.5099084377288818,0.01138689648360014,0.032990530133247375,0.0,0.24983741343021393,0.0,0.002317053033038974,0.21467149257659912,0.0002440404932713136,0.13226360082626343,0.03154170140624046,0.0,0.0,0.0,0.10202929377555847,0.02042418159544468,0.0033340095542371273,0.3689384460449219,0.07118475437164307,0.0,0.010022430680692196,0.3242458403110504,0.10591080039739609,0.014427686110138893,0.006803098134696484,0.0,0.23076479136943817,0.0,0.02119467221200466,0.15540066361427307,0.0,0.06059938296675682,0.35892578959465027,0.0,0.1700359582901001,0.4030202627182007,0.0,0.05081251636147499,0.0,0.054870881140232086,0.010761366225779057,0.2725236117839813,0.02560853213071823,0.0,0.0,0.021611332893371582,0.02061465010046959,0.0021729515865445137,0.20398345589637756,0.5162073969841003,0.0,0.1473475992679596,0.03105233609676361,0.0,0.0,0.0,0.01745651476085186,0.040043044835329056,0.14913371205329895,0.015321945771574974,0.06958764791488647,0.0,0.020642723888158798,0.0,0.0013241624692454934,0.0011533212382346392,0.012909076176583767,0.040326282382011414,0.0,0.11946903169155121,0.012772943824529648,0.44435012340545654,0.0,0.08253902196884155,0.0,0.15170235931873322,0.012506138533353806,0.010956435464322567,0.2851095497608185,0.05016586184501648,0.010349265299737453,0.007977566681802273,0.17915555834770203,0.034189268946647644,0.11732403934001923,0.0014980435371398926,0.10349468141794205,0.0,0.030378863215446472,0.005264942534267902,0.05693744495511055,0.07759936153888702,0.01543858740478754,0.0,0.003856820985674858,0.0,0.10627057403326035,0.05478246137499809,0.0,0.025159861892461777,0.1864582896232605,0.0,0.022572102025151253,0.24477848410606384,0.0531124584376812,0.05331502854824066,0.025835512205958366,0.0,0.06539523601531982,0.06782293319702148,0.0,0.017518585547804832,0.00846257247030735,0.025365784764289856,0.12677492201328278,0.09889444708824158,0.008503517135977745,0.011252329684793949,0.03141806647181511,0.37684887647628784,0.07284502685070038,0.0,0.3019139766693115,0.0,0.1283058226108551,0.44263553619384766,0.11012418568134308,0.01640312932431698,0.04430754482746124,0.19855116307735443,0.048076968640089035,0.06690767407417297,0.5287649035453796,0.009143591858446598,0.0,0.31194546818733215,0.0,0.005557892378419638,0.03557676449418068,0.03021387569606304,0.031376879662275314,0.2877645492553711,0.13607971370220184,0.04705771803855896,0.05978178605437279,0.2217758297920227,0.03209943696856499,0.08811092376708984,0.0,0.003804340260103345,0.013227760791778564,0.009479639120399952,0.02260902337729931,0.011769714765250683,0.2911643981933594,0.0019229602767154574,0.12221281975507736,0.015323388390243053,0.0,0.1793210208415985,0.0,0.0053693391382694244,0.046023592352867126,0.012888715602457523,0.05612779036164284,0.10965403914451599,0.14116984605789185,8.428096771240234e-05,0.19098392128944397,0.0,0.006096072029322386,0.016897285357117653,0.025439834222197533,0.006257359404116869,0.0,0.0094654131680727,0.05492516979575157,0.025789692997932434,0.16639336943626404,0.18245752155780792,0.0,0.21105264127254486,0.008999872021377087,0.019206950441002846,0.09746330231428146,0.13639001548290253,0.16127026081085205,0.0,0.19267424941062927,0.06828919053077698,0.11437346786260605,0.28017663955688477,0.025362076237797737,0.07505777478218079,0.04298127070069313,0.012987153604626656,0.004376402124762535,0.07885023206472397,0.033012814819812775,0.0,0.06429068744182587,0.047897957265377045,0.02575581520795822,0.07558692246675491,0.0,0.03577607497572899,0.020387237891554832,0.0047878241166472435,0.0015443324809893966,0.006901040207594633,0.004542357753962278,0.054295167326927185,0.0,0.07508231699466705,0.055584635585546494,0.39005783200263977,0.0,0.010854772292077541,0.02036372199654579,0.0,0.11411625146865845,0.04018288105726242,0.09487737715244293,0.03130513057112694,0.0018255544127896428,0.020894842222332954,0.09604852646589279,0.012976107187569141,0.00984622910618782,0.10553956776857376,0.041202250868082047,0.0,0.03426200523972511,0.017409157007932663,0.1432776153087616,0.1893732249736786,0.013653487898409367,0.0,0.02844972349703312,0.15159563720226288,0.0068531096912920475,0.6286172866821289,0.0,0.0,0.18799391388893127,0.017085323110222816,0.1685115098953247,0.07057588547468185,0.06995105743408203,0.0,0.029408002272248268,0.04736015945672989,0.17922306060791016,0.0,0.2808278799057007,0.0,0.010164370760321617,0.04030726104974747,0.13709761202335358,0.10449615120887756,0.15184730291366577,0.00978093408048153,0.0029332374688237906,0.008346988819539547,0.0,0.0,0.0,0.12094538658857346,0.018952686339616776,0.19596895575523376,0.033380456268787384,0.3915228247642517,0.041906923055648804,0.005435660015791655,0.18405674397945404,0.025513319298624992,0.0,0.0306570902466774,0.0,0.0,0.6523112654685974,0.0,0.0,0.007803363725543022,0.0,0.0,0.010918531566858292,0.04033821076154709,0.0,0.0,0.0,0.0,0.0,0.0,0.006144349463284016,0.07413944602012634,0.052252378314733505,0.0011665320489555597,0.0,0.0,0.0,0.0,0.0,0.0,0.0045147002674639225,0.0,0.20195843279361725,0.0,0.12642821669578552,0.0965154618024826,0.30494004487991333,0.0,0.0,0.0,0.07569444924592972,0.0052701677195727825,0.0030280810315161943,0.0,0.0,0.0,0.000936544849537313,0.0024494421668350697,0.09449122101068497,0.046741925179958344,0.001597416354343295,0.0,0.49781402945518494,0.0,0.0,0.04599872604012489,0.004861467517912388,0.0,0.005925209727138281,0.0,0.0,0.11757895350456238,0.08150731772184372,0.0,0.0,0.004967392887920141,0.018180355429649353,0.0,0.0,0.030348055064678192,0.0,0.001293959910981357,0.18725240230560303,0.0,0.0,0.0,0.0,0.0,0.11449367552995682,0.0,0.05698319897055626,0.018526433035731316,0.0,0.01753237284719944,0.0,0.0008214972913265228,0.006045407149940729,0.0,0.05401419475674629,0.0,0.0,0.05482609570026398,0.0,0.0,0.0,0.0,0.01607304811477661,0.0,0.0,0.0,0.0,0.0,0.012150720693171024,0.0,0.03866199404001236,0.0,0.019077545031905174,0.10360921174287796,0.0031191569287329912,0.01028271671384573,0.02119556814432144,0.1183597669005394,0.0,0.008476253598928452,0.0,0.08535491675138474,0.0,0.0,0.00013029813999310136,0.0022443460766226053,0.0,0.0,0.00989281665533781,0.0,0.0045677912421524525,0.0026399921625852585,0.0,0.0,0.051225319504737854,0.0,0.025901751592755318,0.05987141653895378,0.013024535030126572,0.0,0.0,0.04154789820313454,0.0,0.004828499164432287,0.0,0.0,0.013703289441764355,0.0,0.0,0.21156874299049377,0.0,0.0,0.06537853181362152,0.20924092829227448,0.022774366661906242,0.0,0.0,0.0,0.0,0.0,0.03241318091750145,0.0,0.023718172684311867,0.0,0.0,0.020448477938771248,0.051207151263952255,0.0,0.0,0.0,0.1612866371870041,0.0036780417431145906,0.02775442786514759,0.2074623852968216,0.008313393220305443,0.0,0.0,0.0,0.016539055854082108,0.0,0.0,0.0,0.0,0.0,0.0,0.03578117489814758,0.05206771939992905,0.0,0.0,0.0,0.019969260320067406,0.03892657905817032,0.025548875331878662,0.0,0.0,0.0,0.17216861248016357,0.02069929800927639,0.025522496551275253,0.011058568954467773,0.0,0.0,0.0,0.0011480309767648578,0.12130266427993774,0.053604163229465485,0.0,0.0049578845500946045,0.0,0.0,0.45524150133132935,0.0,0.002929186914116144,0.0,0.0,0.0,2.9643773814314045e-05,0.04310409724712372,0.014945774339139462,0.0,0.018100174143910408,0.0,0.0,0.11945720762014389,0.0,0.0,0.0,0.025704987347126007,0.0016943046357482672,0.06900270283222198,0.0,0.0904390811920166,0.0,0.0,0.007824208587408066,0.0,0.00048017740482464433,0.0,0.0014596295077353716,0.08420931547880173,0.0,0.2406267374753952,0.012458791956305504,0.004548525903373957,0.0,0.0,0.0481293648481369,0.0,0.0,0.11577831208705902,0.04789053276181221,0.0,0.2145100086927414,0.062020182609558105,0.0,0.0,0.04387974739074707,0.29034435749053955,0.0,0.034479763358831406,0.05846049636602402,0.0,0.0,0.0,0.015616984106600285,0.0,0.0,0.005587165243923664,0.05566227063536644,0.0,0.05230015888810158,0.0,0.15401127934455872,0.01281258836388588,0.11217263340950012,0.020072605460882187,0.0,0.0,0.0,0.0,0.0028947805985808372,0.0,0.012874193489551544,0.1731768399477005,0.013382754288613796,0.014423646964132786,0.0,0.0,0.0,0.0,0.0,0.020193438977003098,0.0,0.0,0.0,0.46313202381134033,0.0058981310576200485,0.03605994954705238,0.0,0.0977596864104271,0.004663417115807533,0.0,0.007822927087545395,0.007104247342795134,0.04438430815935135,0.0541849248111248,0.0,0.0,0.0,0.0,0.0,0.0052462052553892136,0.022295935079455376,0.0016546371625736356,0.0,0.0,0.0,0.05489297956228256,0.05806366354227066,0.006669588852673769,0.0,0.0,0.0,0.005986158270388842,0.0,0.0009254622273147106,0.0,0.0,0.0,0.0,0.11574050784111023,0.010231072083115578,0.0,0.0,0.0,0.0,0.03503776714205742,0.0,0.0,0.012024939060211182,0.0,0.0,0.02927921712398529,0.0,0.0,0.0984775573015213,0.024555452167987823,0.13088513910770416,0.019402557983994484,0.0,0.2533451020717621,0.014666023664176464,0.11629582196474075,0.002471749670803547,0.0,0.0729798823595047,0.0,0.023879241198301315,0.04533366113901138,0.0,0.03289944678544998,0.0009994524298235774,0.0,0.0,0.0,0.0,0.0,0.0,0.0,0.06947171688079834,0.0,0.0,0.0,0.055059634149074554,0.003210054012015462,0.0,0.0,0.0,0.0,0.06730019301176071,0.01440881472080946,0.010630517266690731,0.06101994588971138,0.022019676864147186,0.0,0.0,0.009839724749326706,0.06709873676300049,0.0,0.0,0.32271715998649597,0.06278831511735916,0.01826605573296547,0.0,0.02092316560447216,0.0,0.1130661740899086,2.417325958958827e-05,0.0,0.0,0.003117999527603388,0.001348366728052497,0.18112711608409882,0.12799492478370667,0.038133811205625534,0.0,0.01717916689813137,0.0654648095369339,0.0,0.0,0.0,0.07045289874076843,0.002055136486887932,0.002960629528388381,0.0,0.04891963303089142,0.0,0.2307080328464508,0.0,0.0,0.004387463442981243,0.2758587598800659,0.06203797832131386,0.0,0.011628184467554092,0.5535680055618286,0.0,0.01078791357576847,0.0,0.010422401130199432,0.0,0.0,0.0,0.020901832729578018,0.26476481556892395,0.0,0.0839800238609314,0.0,0.0,0.014862212352454662,0.00832283217459917,0.0,0.010492836125195026,0.008872248232364655,0.0,0.23829887807369232,0.09661123156547546,0.0,0.0,0.004669319838285446,0.07829496264457703,0.0,0.37979656457901,0.0,0.0,0.0,0.09982678294181824,0.0,0.09051809459924698,0.03681827709078789,0.040393732488155365,0.11409270018339157,0.018280155956745148,0.011943013407289982,0.005065839737653732,0.020320825278759003,0.03086211159825325,0.01331671979278326,0.0,0.0,0.2263319194316864,0.0032944930717349052,0.01810912974178791,0.0,0.008978412486612797,0.08456908166408539,0.27452731132507324,0.000552377721760422,0.026091670617461205,0.07669946551322937,0.04309120029211044,0.007883991114795208,0.0,0.0,0.05663499981164932,0.0,0.0024253511801362038,0.12231030315160751,0.05305270850658417,0.030541472136974335,0.0,0.021612346172332764,0.0,0.0,0.03668816015124321,0.11661870032548904,0.06357434391975403,0.004181966185569763,0.17076991498470306,0.0,0.006954313721507788,0.0,0.012717344798147678,0.04419964924454689,0.26416873931884766,0.029767734929919243,0.09518249332904816,0.08759605139493942,0.0,0.0,0.0,0.0,0.0,0.001348565798252821,0.015449266880750656,0.0,0.0,0.018079062923789024,0.10369172692298889,0.0,0.014859738759696484,0.05212622508406639,0.004514768254011869,0.0,0.17773383855819702,0.0,0.0,0.02364162914454937,0.039727989584207535,0.0,0.05261161923408508,0.0,0.25314030051231384,0.0,0.012787106446921825,0.5175031423568726,0.0,0.016334539279341698,0.0027052683290094137,0.0,0.0,0.0,0.003189150709658861,0.018936671316623688,0.0,0.10982875525951385,0.0,0.0,0.0,0.0,0.006027184892445803,0.0058080293238162994,0.0,0.01755746826529503,0.0,0.004075384233146906,0.010648087598383427,0.0,0.3599950671195984,0.0,0.0,0.0,0.0,0.0,0.0,0.6403765678405762,0.0551457405090332,0.014646878466010094,0.024792205542325974,0.08392364531755447,0.0,0.002388188848271966,0.0,0.17490346729755402,0.030403954908251762,0.050423383712768555,0.008958211168646812,0.019001152366399765,0.007232483476400375,0.00281182280741632,0.15048423409461975,0.0,0.012998192571103573,0.0,0.09066814184188843,0.0415964238345623,0.0988326147198677,0.0100583890452981,0.10353261977434158,0.0428302176296711,0.0,0.49533969163894653,0.0,0.0,0.0659942701458931,0.031829338520765305,0.04602152854204178,0.0,0.014277935028076172,0.0,0.04067971184849739,0.15658165514469147,0.0,0.15007850527763367,0.01917322911322117,0.07901434600353241,0.0,0.031153114512562752,0.3722390830516815,0.013444469310343266,0.12602026760578156,0.10842930525541306,0.16017647087574005,0.05425121262669563,0.01686764508485794,0.10031299293041229,0.09799876809120178,0.04131597653031349,0.19696186482906342,0.0016229087486863136,0.0,0.3556798994541168,0.00793257262557745,0.0,0.038211435079574585,0.0,0.0,0.10271328687667847,0.0,0.0015175915323197842,0.012302973307669163,0.0,0.0,0.0,0.23387423157691956,0.06362942606210709,0.0,0.0,0.015611937269568443,0.0,0.025455551221966743,0.11266446858644485,0.0002008378505706787,0.06964343786239624,0.0,0.14225679636001587,0.0,0.006473269313573837,0.06939933449029922,0.0,0.04019465297460556,0.012950986623764038,0.042445845901966095,0.09919333457946777,0.0,0.05720831826329231,0.022313600406050682,0.15740467607975006,0.0,0.07785804569721222,0.047533176839351654,0.0,0.0,0.18833930790424347,0.0,0.0,0.013622207567095757,0.5701372623443604,0.2574183940887451,0.0,0.014308635145425797,0.3372243046760559,0.0,0.000593530829064548,0.0,0.22747763991355896,0.0,0.024064211174845695,0.0,0.0,0.0,0.0023996795061975718,0.1054629310965538,0.0,0.0,0.21471986174583435,0.029965156689286232,0.0,0.0,0.19282083213329315,0.0,0.0,0.02624484710395336,0.030951891094446182,0.05558003485202789,0.0,0.008057150058448315,0.07384118437767029,0.0,0.014765913598239422,0.2803577184677124,0.0,0.0,0.04300448298454285,0.057905782014131546,0.061703767627477646,0.0,0.12673915922641754,0.0,0.0,0.34372368454933167,0.014516434632241726,0.0,0.02619326114654541,0.0,0.0,0.022463716566562653,0.3788412809371948,0.0,0.0,0.266325980424881,0.06658919155597687,0.007497546728700399,0.07368310540914536,0.0,0.04573937505483627,0.008663908578455448,0.006436383817344904,0.0,0.0,0.04578913375735283,0.008421451784670353,0.0,0.009336058050394058,0.08062158524990082,0.0584535226225853,0.007953621447086334,0.16732193529605865,0.0015760803362354636,0.03792847692966461,0.012789811939001083,0.0,0.13845495879650116,0.0034831506200134754,0.00012269735452719033,0.09030260145664215,0.0,0.0,0.17244385182857513,0.03483628109097481,0.0,0.018507597967982292,0.3805059790611267,0.07678893953561783,0.07799375802278519,0.0,0.03490372747182846,0.1835286021232605,0.061263300478458405,0.1424703449010849,0.0,0.09260015189647675,0.02944713644683361,0.04552192613482475,0.02689291536808014,0.07044906914234161,0.39750802516937256,0.0,0.380499929189682,0.0,0.031621966511011124,0.008580628782510757,0.30618172883987427,0.07215377688407898,0.10314445197582245,0.07606524229049683,0.0,0.015710201114416122,0.004552148748189211,0.02845052257180214,0.0,0.043104954063892365,0.036673322319984436,0.0,0.0,0.005510975141078234,0.0,0.1405199021100998,0.0,0.0,0.08018884062767029,0.03883882611989975,0.18697842955589294,0.0,0.0,0.0,0.0,0.0,0.0,0.43426263332366943,0.0,0.0,0.0,0.0,0.25425246357917786,0.0,0.0,0.0,0.07213110476732254,0.001947050099261105,0.017939770594239235,0.23702016472816467,0.2438073754310608,0.0,0.018000341951847076,0.000572722579818219,0.037451501935720444,0.0,0.0,0.0,0.0,0.02323070913553238,0.00907246582210064,0.0,0.005386748351156712,0.004170740023255348,0.009726562537252903,0.19006775319576263,0.09479396045207977,0.0,0.0,0.0,0.0,0.0,0.331539511680603,0.034306932240724564,0.30772316455841064,0.0,0.061188679188489914,0.004115293733775616,0.008877835236489773,0.0,0.04614550992846489,0.0,0.006399923469871283,0.0,0.010485094040632248,0.0,0.0,0.024236425757408142,0.0,0.03513551130890846,0.0,0.04407695680856705,0.030340328812599182,0.0,0.0,0.0,0.0,0.0,0.7503675222396851,0.3057155907154083,0.0,0.0,0.031409770250320435,0.004442913923412561,0.02119515649974346,0.025835542008280754,0.07831720262765884,0.0,0.0,0.6534571051597595,0.0,0.0,0.0,0.009982924908399582,0.0,0.0,0.0,0.0,0.0,0.0,0.0,0.4077969789505005,0.030802905559539795,0.0,0.08631390333175659,0.0,0.004087612498551607,0.0022594784386456013,0.0,0.017807340249419212,0.0,0.00776574295014143,0.34653618931770325,0.029189953580498695,1.1027084589004517,0.0,0.0,0.001602774835191667,0.0,0.0,0.022030342370271683,2.3121771812438965,0.027416104450821877,0.0,0.0,0.033900994807481766,0.0,0.0,0.0,0.08298930525779724,0.005023760721087456,0.0,0.5053039193153381,0.0,0.020883234217762947,0.025388410314917564,0.0,0.0,0.0,0.056396227329969406,0.2588360607624054,0.046741992235183716,0.0,0.18924324214458466,0.0,0.0,0.0,0.0,0.0,0.06364434212446213,0.025643715634942055,0.026593131944537163,0.0016385565977543592,0.0,0.18658091127872467,0.012670275755226612,0.004754675552248955,0.04633632302284241,0.531704843044281,0.0,0.012263846583664417,0.15947991609573364,0.0,0.039035867899656296,0.0,0.0035262268502265215,0.0,0.03312743827700615,0.0012603700160980225,0.0004615175712388009,0.0014137589605525136,0.0,0.0,0.023783888667821884,0.0,0.09792783856391907,0.035345736891031265,0.91973477602005,0.0,0.057002924382686615,0.00010869264951907098,0.003322429722175002,0.07706955820322037,0.0,0.046274639666080475,0.0,0.0,0.6445255875587463,0.0,0.02249079942703247,0.0,0.0,0.0,0.0,0.013999918475747108,0.010510632768273354,0.0,0.004466112237423658,0.0,0.0,0.0,0.0011547821341082454,0.003962146583944559,0.0,0.0,0.0,0.0,0.0,0.22087451815605164,0.0,0.05125822126865387,0.0,0.0,0.0,0.008543122559785843,0.0,0.06137693300843239,0.0,0.004643609747290611,0.039408955723047256,0.002971038920804858,0.05064615234732628,0.0,0.030401000753045082,0.21360814571380615,0.0,0.08153911679983139,0.014313863590359688,0.0,0.04799843207001686,0.0,0.01876268908381462,0.0,0.03800572454929352,0.0,0.0,0.0,0.04861833155155182,0.0,0.0,0.009867463260889053,0.052696555852890015,0.001114262966439128,0.0,0.31811028718948364,0.09338691085577011,0.0,0.019331950694322586,0.0,0.006818193010985851,0.005641177762299776,0.0,0.0,0.04924868047237396,0.03962099924683571,0.0,0.032821767032146454,0.0,0.05472830682992935,0.006284600589424372,0.0,0.0,0.1301194727420807,0.17910318076610565,0.029660990461707115,0.0,0.0014616274274885654,0.08870456367731094,0.002529704477638006,0.008376148529350758,0.0,0.26540619134902954,0.08752881735563278,0.10883194208145142,0.004436058923602104,0.0046772100031375885,0.0,0.9501174092292786,0.5100203156471252,0.09041307121515274,0.0,0.0,0.0,0.0,0.0011027586879208684,0.02176949940621853,0.0,0.48917847871780396,0.01641080155968666,0.17376825213432312,0.0,0.0,0.0,0.006098496727645397,0.03471150994300842,0.0,0.0,0.09186649322509766,0.14802949130535126,0.0,0.0,0.1874437928199768,0.015239479951560497,0.36870890855789185,0.057326726615428925,0.012351572513580322,0.18395422399044037,0.039221297949552536,0.035896770656108856,0.0,0.43313729763031006,0.01493713166564703,0.0,0.0,0.0,0.0,0.0,0.11721101403236389,0.0,0.0,0.27484166622161865,0.014104456640779972,0.0,0.0,0.018914837390184402,0.012850899249315262,0.0,0.012035979889333248,0.0,0.0,0.12812405824661255,0.0,0.0,0.0,0.016370724886655807,0.0128722433000803,0.0,0.0009226989932358265,0.0,0.0,0.0,0.0,0.0017869543517008424,0.15894870460033417,0.0,0.0,0.011348090134561062,0.0,0.17779532074928284,0.0,0.0,0.0057870084419846535,0.0,0.03978213295340538,0.03694678843021393,0.0,0.0,0.0,0.0,0.0,0.0,0.0,0.005164026748389006,0.0,0.0,0.0,0.022365009412169456,0.0,0.0,0.0,0.04667028412222862,0.01807568036019802,0.02806873247027397,0.007101342547684908,0.0368063859641552,0.0,0.026420991867780685,0.0,0.1273638755083084,0.0031432926189154387,0.036466289311647415,0.09682468324899673,0.10648524016141891,0.0,0.0,0.0,5.5798293033149093e-05,0.0071945530362427235,0.1993008404970169,0.027873696759343147,0.0159803107380867,0.0,0.030004804953932762,0.0516999289393425,0.0388842336833477,0.0,0.045207854360342026,0.001668518059886992,0.0,0.04467881843447685,0.12598897516727448,0.03391927480697632,0.008751881308853626,0.0,0.04045955091714859,0.0058625624515116215,0.07971858978271484,0.046172939240932465,0.0,0.0,0.13111065328121185,0.12248494476079941,0.03350070118904114,0.0,0.0,0.01998046226799488,0.0,0.5770317316055298,0.014795060269534588,0.007282079663127661,0.0,0.1710103452205658,0.09458550810813904,0.10708736628293991,0.0,0.09764299541711807,0.0004223346768412739,0.0,0.19207768142223358,0.11498239636421204,0.0,0.08143201470375061,0.0032257460989058018,0.7556427121162415,0.0,0.0003937716828659177,0.017139829695224762,0.0,0.0,0.015584992244839668,0.0,0.0022593725007027388,0.021637864410877228,0.006348439026623964,0.16056311130523682,0.0,0.08917754888534546,0.0,0.0,0.0,0.12727299332618713,0.1338985711336136,0.0,0.026874544098973274,0.1618230938911438,0.0018926477059721947,0.0490611232817173,0.00556495925411582,0.0,0.0,0.08502797782421112,0.05616310238838196,0.01164882630109787,0.0,0.02179667539894581,0.2037801742553711,0.007848083972930908,0.0,0.005670824088156223,0.03453347831964493,0.16724519431591034,0.0,0.0,0.0,0.006249978672713041,0.0,0.012252850458025932,0.012723834253847599,0.08257539570331573,0.008095293305814266,0.07522252202033997,0.0,0.08325999230146408,0.5739259123802185,0.06921110302209854,0.08267347514629364,0.0,0.061380915343761444,0.00951338093727827,0.0,0.0,0.005604805890470743,0.02639242261648178,0.021581275388598442,0.05338955298066139,0.0019077754113823175,0.03422572836279869,0.004108830820769072,0.40643951296806335,0.1451129913330078,0.0,0.0680181235074997,0.0013227426679804921,0.19325965642929077,0.355173796415329,0.03146987408399582,0.027257433161139488,0.5538780689239502,0.0301029235124588,0.6730489134788513,0.12107286602258682,0.0026190830394625664,0.0,0.0,0.08251043409109116,0.0,0.06768324971199036,0.0,0.00013205051072873175,0.016910690814256668,0.0,0.02437606081366539,1.3062573671340942,0.21118372678756714,0.025181345641613007,0.0,0.08394542336463928,0.0,0.043186455965042114,0.010116150602698326,0.008551943115890026,0.0,0.3552131652832031,0.08208814263343811,0.04444354027509689,0.033215511590242386,0.0,0.0,0.04720073565840721,0.0,0.09397725015878677,0.04703088849782944,0.0,0.22529758512973785,0.012981211766600609,0.022745944559574127,0.0,0.0,0.0,0.0,0.600476086139679,0.296567440032959,0.006564906798303127,0.06148913875222206,0.16923372447490692,0.040146488696336746,0.11163816601037979,0.011054052971303463,0.04348408803343773,0.009937617927789688,0.0,0.01052268035709858,0.0,0.007311801891773939,0.0,0.11808711290359497,0.0,0.11993879079818726,0.15312539041042328,0.022295527160167694,0.0,0.05377339944243431,0.02819058857858181,0.042031217366456985,0.2315574288368225,0.008576733991503716,0.0,0.15655270218849182,0.0,0.0,0.08209415525197983,0.009155891835689545,0.05448140203952789,0.0,0.0,0.0031629062723368406,0.4768870174884796,0.0,0.03888547047972679,0.02021629363298416,0.0,0.0,0.0,0.029921328648924828,0.0,0.0,0.027385083958506584,0.047549061477184296,0.02844669669866562,0.0045229410752654076,0.0221409909427166,0.0,0.6918378472328186,0.11217117309570312,0.0001304197357967496,0.2595979571342468,0.0941915437579155,0.010745507664978504,0.014360997825860977,0.0,0.021368250250816345,0.0,0.014700386673212051,0.04780491814017296,0.021763373166322708,0.012614504434168339,0.0,0.0,0.0,0.004818152170628309,0.0,0.09621913731098175,0.057420119643211365,0.015948815271258354,0.03302678465843201,0.16373300552368164,0.08392668515443802,0.003775770775973797,0.07000367343425751,0.03971332311630249,0.0006361592095345259,0.07966618239879608,0.0008505231235176325,0.0,0.0,0.05019662529230118,0.005742471199482679,0.0,0.062495533376932144,0.25328052043914795,0.0,0.0,0.0,0.03131846338510513,0.0,0.0,0.08673781156539917,0.0049103619530797005,0.0,0.10090341418981552,0.007065374869853258,0.008478940464556217,0.024324605241417885,0.0,0.0,0.015966204926371574,0.0,0.01120260450989008,0.17539054155349731,0.0,0.44826221466064453,0.03335326537489891,0.03936772421002388,0.23186710476875305,0.0,0.006738190073519945,0.0,0.0,0.006166920531541109,0.0033524692989885807,0.1614377647638321,0.4679732620716095,0.0,0.013821369037032127,0.0,0.0,0.009025427512824535,0.0,0.005062271375209093,0.0,0.0,0.4895532727241516,0.0,0.0,0.0,0.0,0.15703409910202026,0.009610813111066818,0.0,0.0,0.0,0.1983216106891632,0.01940147951245308,0.026198798790574074,0.0,0.0,0.012746017426252365,0.011988568119704723,0.0,0.0,0.057782310992479324,0.034845396876335144,0.03860088810324669,0.024848632514476776,0.0,0.0,0.0395270437002182,0.0,0.028973210602998734,0.0,0.0,0.02309718169271946,0.05861259624361992,0.09477882087230682,0.0,0.027026081457734108,0.07162399590015411,0.0697191059589386,0.0,0.056616395711898804,0.5249291062355042,0.0023040026426315308,0.264375776052475,0.02558623068034649,0.09495656192302704,0.025458933785557747,0.25700607895851135,0.0,0.012146096676588058,0.0,0.0858563780784607,0.01989492028951645,0.01284771878272295,0.0,0.026740193367004395,0.0,0.04488231614232063,0.026800081133842468,0.047110509127378464,0.005000781267881393,0.4296039938926697,0.035436563193798065,0.03245912492275238,0.007993861101567745,0.0027566934004426003,0.04223297908902168,0.0,0.051902782171964645,0.011952581815421581,0.0,0.007869626395404339,0.03358020633459091,0.0,0.03594844415783882,0.06820053607225418,0.014464217238128185,0.005828380584716797,0.01021517626941204,0.04078468307852745,0.0030075907707214355,0.03322174400091171,0.0,0.0,0.000148128267028369,0.0668415054678917,0.07608135789632797,0.747393012046814,0.0,0.0,0.00019692242494784296,0.0,0.0,0.027857206761837006,0.0,0.0,0.0,0.0,0.0,0.01410757377743721,0.14875926077365875,0.0,0.01503300666809082,0.24246977269649506,0.04079624265432358,0.21415935456752777,0.041321173310279846,0.10805568844079971,0.0,0.14099347591400146,0.0,0.0,0.011684686876833439,0.01940475031733513,0.0,0.0,0.31970593333244324,0.0,0.0,0.11833975464105606,0.0,0.0,0.0,0.0,0.0014491748297587037,0.0,0.007876466028392315,0.056252993643283844,0.013483974151313305,0.0,0.0,0.015188696794211864,0.031061654910445213,0.0,0.002752039348706603,0.14490798115730286,0.016869040206074715,0.025527112185955048,0.07337255775928497,0.0,0.047557298094034195,0.0,0.0,0.0,0.16494455933570862,0.0,6.990194378886372e-05,0.07423326373100281,0.0,0.009672548621892929,0.0,0.0,0.016025306656956673,0.0,0.0,0.0,0.0,0.0,0.0,0.004190576262772083,0.0019206249853596091,0.018024353310465813,0.5543506145477295,0.0,0.0018614816945046186,0.006508269347250462,0.0,0.0009351468179374933,0.2647950053215027,0.0,0.08583714812994003,0.2667194604873657,0.0,0.0,0.001698492793366313,0.0,0.0,0.0,0.0,0.5025872588157654,0.0,0.0,0.0,0.0,0.0,0.3042527437210083,0.10213436186313629,0.009779077023267746,0.0,0.020902378484606743,0.09936290979385376,0.3174072206020355,0.0,0.0,0.015514799393713474,0.0,0.0,0.0008327644900418818,0.0,0.0,0.017316872254014015,0.0,0.0,0.0,0.0,0.22484062612056732,0.0,0.027064865455031395,0.015877149999141693,0.010397548787295818,0.0,0.24336431920528412,0.12877897918224335,0.0,0.10122273117303848,0.0,0.00641355337575078,0.0,0.009060130454599857,0.07384387403726578,0.0,0.0,0.0213256124407053,0.0,0.005553166847676039,0.041349492967128754,0.03886891528964043,0.0,0.0,5.234718264546245e-05,0.13438615202903748,0.006417411379516125,0.0028557192999869585,0.0067382073029875755,0.0,0.06634783744812012,0.04261007905006409,0.05412973091006279,0.10559580475091934,0.0,0.0,0.0072728898376226425,0.03887053579092026,0.0,0.0,0.016148090362548828,0.0,0.013773717917501926,0.0,0.0,0.0,0.0,0.003090397221967578,0.0021433127112686634,0.011413374915719032,0.0,0.0,0.08137138187885284,0.07451203465461731,0.03952353820204735,0.006770594045519829,0.04155968502163887,0.009061806835234165,0.0,0.0,0.3227308988571167,0.0,0.07576924562454224,0.05168873816728592,0.005619200412184,0.0013199150562286377,0.3835810124874115,0.012893863022327423,0.04176584258675575,0.0
0.0,0.009401639923453331,0.30773669481277466,0.001604385324753821,0.0,0.0,0.01062542200088501,0.013030784204602242,0.009739632718265057,0.08657430857419968,0.0,0.07836015522480011,0.026894472539424896,0.26721706986427307,0.11067942529916763,0.16505208611488342,0.003374333493411541,0.027308573946356773,0.0,0.22258995473384857,0.05626845732331276,0.0,0.021691543981432915,0.1993439495563507,0.052948251366615295,0.11527842283248901,0.0,0.0,0.0,0.0,0.4362276792526245,0.11585662513971329,0.0012214911403134465,0.0,0.1895124763250351,0.18959787487983704,0.004883799701929092,0.02532900497317314,0.0,0.09769971668720245,0.3187268078327179,0.0,0.007818084210157394,0.12777410447597504,0.4781600832939148,0.022856464609503746,0.05452912300825119,0.0,0.2831968367099762,0.0,0.0,0.1567460298538208,0.0024217248428612947,0.1568850576877594,0.0335887186229229,0.0,0.0,0.0,0.11127958446741104,0.002817497355863452,0.004082209896296263,0.3998528718948364,0.05508383363485336,0.0,0.01273187156766653,0.3402741551399231,0.14160063862800598,0.017522545531392097,0.023316150531172752,0.0,0.29131579399108887,0.0,0.01416870579123497,0.13261356949806213,0.0,0.0568341501057148,0.42918357253074646,0.000755458022467792,0.16834919154644012,0.39343002438545227,0.0,0.09772911667823792,0.0,0.07645503431558609,0.03104989230632782,0.3411382734775543,0.031221335753798485,0.0,0.0,0.027788305655121803,0.01771114580333233,0.0,0.20793628692626953,0.5323115587234497,0.00418604863807559,0.14355842769145966,0.046896904706954956,0.0,0.0,0.0,0.025172196328639984,0.035049136728048325,0.15958847105503082,0.01957065984606743,0.10217759758234024,0.006743710022419691,0.021919576451182365,0.0,0.0,0.0,0.02663741074502468,0.031470105051994324,0.0,0.11836555600166321,0.007757844869047403,0.36611396074295044,0.0,0.07333919405937195,0.0018456196412444115,0.1443280279636383,0.024042198434472084,0.002753741806373,0.26349562406539917,0.05033747851848602,0.0031246780417859554,0.0,0.2229449301958084,0.016173772513866425,0.1260824054479599,0.00532061792910099,0.11120498925447464,0.0,0.045353688299655914,0.009723863564431667,0.06317488849163055,0.0689772292971611,0.010629193857312202,0.0,0.0004931616713292897,0.0012052154634147882,0.11834926903247833,0.039666902273893356,0.0,0.014200492762029171,0.17977121472358704,0.0,0.01816735230386257,0.24905437231063843,0.01991085708141327,0.06186297535896301,0.03961674124002457,0.0,0.03863120079040527,0.0692514032125473,0.0,0.022239504382014275,0.0070771146565675735,0.029468921944499016,0.08248764276504517,0.09967871755361557,0.01082054153084755,0.009228568524122238,0.023458905518054962,0.4084033966064453,0.07250551879405975,0.0,0.27787190675735474,0.0009030175278894603,0.1259480118751526,0.37452471256256104,0.1257508248090744,0.04092004895210266,0.07100065052509308,0.1991778016090393,0.06007550284266472,0.04657302051782608,0.5460848212242126,0.0035700404550880194,0.0,0.32661038637161255,0.0,0.005749234929680824,0.05227918550372124,0.04116067290306091,0.024075113236904144,0.28801894187927246,0.1899738758802414,0.04106980934739113,0.061176300048828125,0.276490181684494,0.046358656138181686,0.09220059216022491,0.0,4.321098458603956e-05,0.016210291534662247,0.01634283736348152,0.029202060773968697,0.020317068323493004,0.2738020420074463,0.007960195653140545,0.14414334297180176,0.03877352178096771,0.0,0.16122211515903473,0.0,0.014116782695055008,0.05079364404082298,0.010755510069429874,0.03547282516956329,0.11907972395420074,0.13146913051605225,0.004774179309606552,0.2202165275812149,0.0,0.01691729575395584,0.01968209818005562,0.0416758731007576,0.017254821956157684,0.0,0.019456882029771805,0.060824450105428696,0.007543595042079687,0.18441638350486755,0.14161722362041473,0.0,0.17886140942573547,0.007634053006768227,0.010516016744077206,0.06365367025136948,0.12558473646640778,0.1589210033416748,0.0,0.2027132213115692,0.06444555521011353,0.11180921643972397,0.2727254629135132,0.03699197620153427,0.0750020295381546,0.0365588515996933,0.0016897416207939386,0.0,0.06139005720615387,0.04219484329223633,0.0,0.08261322975158691,0.04236479848623276,0.03354683890938759,0.06377489119768143,0.0,0.01289900578558445,0.016020579263567924,0.0021576250437647104,0.007404697127640247,0.0024715280160307884,0.0029067660216242075,0.07839614897966385,0.0,0.06790737807750702,0.06776838004589081,0.45786869525909424,0.0,0.023185549303889275,0.03999780863523483,0.0,0.14177142083644867,0.03785528242588043,0.09051632136106491,0.05955366790294647,0.005331611726433039,0.014650731347501278,0.10064319521188736,0.02192698046565056,0.005363526288419962,0.13519340753555298,0.07496371120214462,0.0,0.04645876586437225,0.0181064922362566,0.11280854046344757,0.18920965492725372,0.009731020778417587,0.0,0.0228421613574028,0.1670643836259842,0.014433796517550945,0.6318923830986023,0.0,0.0,0.19323650002479553,0.041834764182567596,0.15986530482769012,0.08009308576583862,0.08430328965187073,0.0,0.06218552589416504,0.025361359119415283,0.16512884199619293,0.0,0.29162415862083435,0.0,0.016641180962324142,0.030874788761138916,0.1478751301765442,0.13726571202278137,0.15662579238414764,0.0006088066147640347,0.006278190761804581,0.016380593180656433,0.0,0.0,0.00013716101238969713,0.12621808052062988,0.042108435183763504,0.1784791797399521,0.07579974830150604,0.35676735639572144,0.030604908242821693,0.0029143786523491144,0.14867886900901794,0.030674539506435394,0.0,0.03384403884410858,0.0,0.0,0.7173624634742737,0.0,0.0,0.010525370016694069,0.0,0.0,0.00324467895552516,0.04603913426399231,0.0,0.0,0.0,0.0,0.0,0.0,0.009290331974625587,0.07844885438680649,0.06225857883691788,0.001698388485237956,0.0,0.0,0.0,0.0,0.0,0.0,0.009674787521362305,0.0,0.23011153936386108,0.03833649680018425,0.12674455344676971,0.07397367805242538,0.2929156422615051,0.0,0.0,0.0,0.10895562916994095,0.007680194452404976,0.015621275641024113,0.004637848120182753,0.0,0.0,0.0009253150201402605,0.0,0.08977226167917252,0.045987024903297424,0.00473870150744915,0.0,0.5561313033103943,0.0,0.0,0.04927010461688042,0.004766599740833044,0.005905534606426954,0.0034727775491774082,0.006907149683684111,0.0006453234236687422,0.13612772524356842,0.0898616686463356,0.0,0.0,0.0,0.01015361025929451,0.0,0.0,0.06939753144979477,0.0,0.004399776458740234,0.2307000309228897,0.0,0.0,0.0,0.0,0.0,0.12861014902591705,0.0,0.09117210656404495,0.03352810814976692,0.012726233340799809,0.01585366763174534,0.0,0.0,0.0048841130919754505,0.0,0.009258070029318333,0.0,0.0,0.03664890676736832,0.0,0.0,0.0,0.0,0.023172760382294655,0.0,0.0,0.0,0.0,0.0,0.026672396808862686,0.0,0.07704783231019974,0.0,0.009467666037380695,0.08750026673078537,0.015504460781812668,0.010484515689313412,0.013150679878890514,0.11615020036697388,0.0,0.0,0.0,0.10691002011299133,0.0,0.0,0.0,0.003932784777134657,0.00419528828933835,0.0,0.0013139962684363127,0.0,0.004624834284186363,0.039669621735811234,0.0,0.0,0.07464160025119781,0.0,0.009259931743144989,0.06845678389072418,0.012521357275545597,0.0,0.0,0.0311740692704916,0.0,0.0,0.0,0.0,0.01483230572193861,0.0,0.0,0.19138610363006592,0.0,0.0,0.06449872255325317,0.2648277282714844,0.0,0.0,0.0,0.0039257751777768135,0.0,0.004711343441158533,0.026376664638519287,0.0,0.012991687282919884,0.0,0.0,0.03160760924220085,0.00803667213767767,0.0,0.0,0.0,0.1354396641254425,0.0031349086202681065,0.06500173360109329,0.18337181210517883,0.015694208443164825,0.0,0.0,0.0,0.012535187415778637,0.0,0.0,0.0,0.0,0.0,0.0,0.031007511541247368,0.06034329906105995,0.0,0.0,0.0,0.024185393005609512,0.03963537886738777,0.009242167696356773,0.0,0.0,0.0,0.19069138169288635,0.022290371358394623,0.04541327431797981,0.0,0.0,0.0,0.0,0.0017382187070325017,0.15849599242210388,0.03231935203075409,0.0,0.001956186257302761,0.0,0.0031843564938753843,0.4259415566921234,0.0,0.0018913841340690851,0.0,0.0,0.0,0.0074227917939424515,0.02053138241171837,0.008309708908200264,0.0,0.01942790485918522,0.0,0.0,0.1394025683403015,0.0,0.0,0.0,0.019128095358610153,0.004784661345183849,0.06559184938669205,0.0,0.10273939371109009,0.0,0.0,0.022134294733405113,0.0,0.0,0.0,0.002563219051808119,0.04705019295215607,0.015028071589767933,0.1958019882440567,0.008109929971396923,0.009402158670127392,0.0,0.0,0.0387631431221962,0.0,0.0029552269261330366,0.1002708449959755,0.028355197980999947,0.0,0.22484329342842102,0.036289770156145096,0.0005863773985765874,0.0,0.034022316336631775,0.28532806038856506,0.0,0.03410782292485237,0.04589645564556122,0.0,0.0,0.004881581291556358,0.022598659619688988,0.0,0.0,0.014499290846288204,0.081002376973629,0.0,0.042393721640110016,0.0,0.17602558434009552,0.056466177105903625,0.08107444643974304,0.03170325234532356,0.0,0.0,0.0,0.0,0.006663525011390448,0.0,0.0,0.16775698959827423,0.010116218589246273,0.019319050014019012,0.0,0.0,0.0,0.0,0.0,0.0,0.0008887475705705583,0.0,0.0,0.4814668297767639,0.005709667224436998,0.021316351369023323,0.0,0.14271144568920135,0.007405204698443413,0.0,0.008771254681050777,0.006752108223736286,0.03093378245830536,0.05945178493857384,0.0,0.0,0.0,0.0006685472908429801,0.0,0.0,0.01718434877693653,0.007377521600574255,0.0,0.0,0.0,0.049972258508205414,0.04459090530872345,0.019340263679623604,0.0,0.0,0.0,0.0,0.0,0.004216992761939764,0.0,0.0,0.0,0.0,0.12612050771713257,0.012273799628019333,0.0,0.0,0.0,0.0,0.00268811103887856,0.0,0.0,0.01280122995376587,0.0,0.0,0.015534001402556896,0.0,0.0,0.10368859022855759,0.01624717377126217,0.11209356039762497,0.009882016107439995,0.0,0.22868593037128448,0.013420150615274906,0.07913230359554291,0.0008927893359214067,0.0,0.07621429115533829,0.0,0.047224074602127075,0.09583906084299088,0.0,0.039074115455150604,0.0034672541078180075,0.0,0.0,0.0,0.0,0.0,0.016139943152666092,0.0,0.04729192331433296,0.0,0.0,0.0,0.07294904440641403,0.011854575015604496,0.0,0.0,0.0,0.0006886690971441567,0.14817528426647186,0.009995605796575546,0.025439638644456863,0.07245507836341858,0.01475570909678936,0.0,0.0,0.005137912463396788,0.07090289890766144,0.018372951075434685,0.0,0.3266157805919647,0.047741759568452835,0.011856744065880775,0.0,0.017528539523482323,0.0,0.12712116539478302,0.007369055878371,0.0,0.0,0.0,0.008639056235551834,0.16352297365665436,0.12391860783100128,0.035164643079042435,0.0,0.008346927352249622,0.06821009516716003,0.0001359552115900442,0.0,0.002852128818631172,0.05313022434711456,0.0,0.00984754879027605,0.0,0.045826055109500885,0.0,0.19180268049240112,0.0,0.0,0.0,0.25193333625793457,0.06181926280260086,0.004100199788808823,0.000705850136000663,0.5896810293197632,0.0,0.007292631082236767,0.0,0.02371983230113983,0.0,0.0,0.0,0.0,0.25204697251319885,0.0,0.1174028143286705,0.0005551014328375459,0.0,0.008365776389837265,0.005944190081208944,0.0,0.009908740408718586,0.00744100334122777,0.0,0.23800702393054962,0.10615658015012741,0.0,0.0,0.0020956022199243307,0.003681501839309931,0.0,0.35877859592437744,0.0,0.0,0.0,0.0446382611989975,0.0,0.0850326344370842,0.05785168707370758,0.07424263656139374,0.10058088600635529,0.010499339550733566,0.006697008386254311,0.010401828214526176,0.02206907421350479,0.03054405376315117,0.011282708495855331,0.0,0.0,0.2284064143896103,0.009996941313147545,0.03552458435297012,0.0,0.006104400381445885,0.08208663761615753,0.2847401797771454,0.0,0.028943607583642006,0.04929214343428612,0.05590883269906044,0.0014013004256412387,0.0,0.0,0.07426685839891434,0.0,0.007298562675714493,0.16902083158493042,0.028949351981282234,0.01578412391245365,0.0,0.020638639107346535,0.0,0.0,0.042774032801389694,0.06396687775850296,0.08842191100120544,0.0,0.19367285072803497,0.0,0.01032983511686325,0.0,0.003610725048929453,0.030462617054581642,0.3074398338794708,0.0161681417375803,0.12319456785917282,0.06064668297767639,0.0,0.0,0.020809082314372063,0.0,0.0,0.0,0.013450484722852707,0.0,0.0,0.014676494523882866,0.12422533333301544,0.0,6.466627382906154e-05,0.048050202429294586,0.007896892726421356,0.0,0.20823070406913757,0.0,0.0,0.04761932045221329,0.04663548618555069,0.0,0.03783325105905533,0.0,0.23897935450077057,0.0,0.024516887962818146,0.5480965971946716,0.0,0.026646170765161514,0.0031795394606888294,0.0,0.0,0.0,0.0231824591755867,0.024966612458229065,0.0,0.1335354745388031,0.0,0.0,0.0009385752491652966,0.0,0.012104558758437634,0.009542212821543217,0.0,0.014061502180993557,0.004594265017658472,0.0065034423023462296,0.004815000109374523,0.0,0.3364081084728241,0.0,0.0,0.0,0.011979284696280956,0.0,0.0,0.6543886065483093,0.06165435165166855,0.0,0.02045752853155136,0.11891356110572815,0.0,0.005605434067547321,0.0,0.18035873770713806,0.007977602072060108,0.0934702455997467,0.008867540396749973,0.019671527668833733,0.005078643094748259,0.006073738448321819,0.1472732573747635,0.0,0.0005414807819761336,0.0,0.09872064739465714,0.04586216062307358,0.08826712518930435,0.005027535371482372,0.09436481446027756,0.04401077330112457,0.0,0.43533065915107727,0.0,0.0,0.057547200471162796,0.02420618385076523,0.03762247785925865,0.0,0.0026805114466696978,0.0,0.02092421054840088,0.17795330286026,0.0,0.10498318076133728,0.01961945742368698,0.07682385295629501,0.0,0.04274463281035423,0.4307512640953064,0.0,0.13301126658916473,0.09636694937944412,0.1769837886095047,0.05453969165682793,0.02285204827785492,0.11273083090782166,0.10572586953639984,0.01582902856171131,0.1797778308391571,0.0,0.0,0.34263724088668823,0.0,0.0,0.025281185284256935,0.0,0.0,0.09974585473537445,0.0,0.00014617323176935315,0.0,0.0,0.0022039609029889107,0.0,0.2667056918144226,0.03830225393176079,0.0,0.0012375307269394398,0.0192645862698555,0.0,0.012442715466022491,0.10190418362617493,0.007389996200799942,0.08286774903535843,0.0,0.12731784582138062,0.0021656453609466553,0.032696712762117386,0.05642366409301758,0.0,0.03567248210310936,0.0,0.026989059522747993,0.11048878729343414,0.0,0.05483894422650337,0.03606417775154114,0.09266745299100876,0.0,0.11354073882102966,0.0585852712392807,0.0,0.0,0.16236571967601776,0.0,0.0,0.01492183469235897,0.6003000736236572,0.12285896390676498,0.0,0.0203087218105793,0.3441851735115051,0.0,9.652465814724565e-05,0.0,0.19406844675540924,0.0,0.03501889482140541,0.0,0.0008621156448498368,0.0,0.0,0.09798193722963333,0.0,0.0,0.19606882333755493,0.029882190749049187,0.0,0.0,0.21897269785404205,0.0,0.003860436612740159,0.02853906713426113,0.02483903430402279,0.056609220802783966,0.006194145884364843,0.0042680418118834496,0.07501184195280075,0.0,0.0,0.26170065999031067,0.0,0.0,0.004586292430758476,0.058783553540706635,0.08109425753355026,0.0,0.11579809337854385,0.0,0.0,0.3294128179550171,0.006513627711683512,0.0,0.030556349083781242,0.0,0.0,0.037368323653936386,0.42869484424591064,0.0,0.0,0.22925794124603271,0.05656195804476738,0.0021798377856612206,0.07420602440834045,0.0,0.05412839725613594,0.03489368036389351,0.004323664586991072,0.0,0.0,0.045103635638952255,0.02098711207509041,0.0,0.0,0.07180408388376236,0.08222532272338867,0.010165650397539139,0.17711256444454193,0.0,0.019428623840212822,0.015547697432339191,0.0,0.1866297870874405,0.000322477804729715,0.006311303470283747,0.09530793875455856,0.0,0.0,0.14343136548995972,0.03300853818655014,0.0,0.024138782173395157,0.37816426157951355,0.0718296691775322,0.05634431540966034,0.0,0.05448472127318382,0.2373291552066803,0.04818432778120041,0.056657008826732635,0.0,0.06360852718353271,0.016812747344374657,0.06426358222961426,0.028121989220380783,0.06369199603796005,0.37552154064178467,0.0,0.37855228781700134,0.0,0.017250804230570793,0.012165163643658161,0.3211398720741272,0.12232770025730133,0.13293856382369995,0.12545576691627502,0.0,0.017576733604073524,0.0,0.018663102760910988,0.0,0.03220744431018829,0.036518413573503494,0.0,0.0,0.0037622980307787657,0.0,0.10674923658370972,0.0,0.0,0.08363404124975204,0.03118557669222355,0.19861038029193878,0.0,0.0,0.007500899024307728,0.0,0.0,0.0,0.4466363191604614,0.0,0.0,0.0,0.0,0.2659059762954712,0.001439616666175425,0.0,0.0,0.09259534627199173,0.0,0.012024049647152424,0.23349453508853912,0.2777743935585022,0.0,0.013075273483991623,0.0016580510418862104,0.04192229360342026,0.0,0.0,0.0,0.0,0.02971000224351883,0.010616445913910866,0.0,0.0,0.007477158214896917,0.009993452578783035,0.18273553252220154,0.05260774493217468,0.0,0.0014798576012253761,0.0,0.0,0.0,0.39368534088134766,0.03991617634892464,0.28598567843437195,0.0,0.05882643163204193,0.010504904203116894,0.008506610058248043,0.0,0.043649982661008835,0.0,0.025941655039787292,0.0,0.023052997887134552,0.01403737161308527,0.0,0.028459277004003525,0.0,0.06488939374685287,0.0,0.04476074129343033,0.03257258981466293,0.0,0.0,0.0,0.0,0.0,0.7380608320236206,0.27316024899482727,0.0,0.0,0.021946977823972702,0.0010651132324710488,0.0224351454526186,0.029006557539105415,0.09555172175168991,0.0,0.0,0.6976219415664673,0.0,0.0,0.0,0.014300704002380371,0.0,0.0,0.0,0.0,0.0,0.0,0.0,0.4051326811313629,0.03609419986605644,0.0,0.06946570426225662,0.0,0.006645398214459419,0.0,0.0,0.016063841059803963,0.0,0.010095041245222092,0.2514602839946747,0.022124487906694412,1.1105619668960571,0.0,0.0023236083798110485,0.0021327687427401543,0.0,0.0,0.01857086271047592,2.296332597732544,0.0352904312312603,0.0,0.0008699941681697965,0.03938307613134384,0.0,0.0,0.0,0.059572458267211914,0.0141369653865695,0.0,0.4807742238044739,0.0,0.010021639056503773,0.03945561870932579,0.0,0.0,0.0,0.0652545839548111,0.19992174208164215,0.05019589886069298,0.0,0.14682090282440186,0.0,0.0,0.0,0.0,0.0,0.07816438376903534,0.01718302071094513,0.03227868303656578,0.0,0.0,0.2107437252998352,0.014146003872156143,0.0,0.08290514349937439,0.5721554756164551,0.0,0.016848094761371613,0.1480313539505005,0.0009397947578690946,0.020258650183677673,0.0,0.004076072946190834,0.0,0.052438076585531235,0.0,0.0,0.0016509598353877664,0.0,0.0,0.016817696392536163,0.0,0.1030229926109314,0.03612815961241722,0.8626235127449036,0.0,0.04059367999434471,0.005242645740509033,0.007203786168247461,0.03328507021069527,0.0,0.057934198528528214,0.0,0.0,0.5479572415351868,0.0,0.023245995864272118,0.0,0.0,0.0,0.0,0.024052495136857033,0.013937689363956451,0.0,0.0,0.0,0.0,0.0,0.0,0.006759126204997301,0.0,0.0,0.012012324295938015,0.0,0.005465597379952669,0.20125027000904083,0.0,0.08155230432748795,0.0,0.0,0.0,0.0,0.0,0.0590718612074852,0.0,0.0017952084308490157,0.04990766569972038,0.004719307646155357,0.02921433374285698,0.0,0.03485400602221489,0.18373863399028778,0.0,0.07707629352807999,0.013099470175802708,0.0,0.03953747823834419,0.0,0.025277700275182724,0.0,0.032435353845357895,0.0,0.0,0.0,0.03506822511553764,0.0,0.0,0.0014880740782245994,0.05912868678569794,0.0,0.0003018379211425781,0.31172677874565125,0.09121381491422653,0.0,0.007540321443229914,0.0,0.007561792619526386,0.003579608164727688,0.0,0.0,0.05197552219033241,0.03760358318686485,0.0,0.02687237411737442,0.0,0.049475669860839844,0.0,0.0,0.0,0.11677445471286774,0.179583340883255,0.021082893013954163,0.0,0.008809090591967106,0.11403293907642365,0.0074870288372039795,0.014461679384112358,0.0,0.274967759847641,0.08794160187244415,0.06097447872161865,0.0034295415971428156,0.0,0.0,0.9274183511734009,0.4766139090061188,0.09522074460983276,0.0,0.0,0.0,0.0,0.012778597883880138,0.012884979136288166,0.009660683572292328,0.5908440351486206,0.016393860802054405,0.1369408369064331,0.0,0.0,0.0,0.012026334181427956,0.032492607831954956,0.0,0.00337304943241179,0.0630408301949501,0.1699739396572113,0.0,0.0,0.2488604336977005,0.013326950371265411,0.4361000955104828,0.05995912849903107,0.010687988251447678,0.22181819379329681,0.03340168669819832,0.032440587878227234,0.0,0.41054844856262207,0.015533720143139362,0.0,0.0030090988148003817,0.0,0.0,0.0,0.10919435322284698,0.0,0.0019177006324753165,0.2581043839454651,0.01217915490269661,0.0,0.0,0.03667368367314339,0.02085977979004383,0.002793588675558567,0.005295495968312025,0.0,0.0025780925061553717,0.15303896367549896,0.013929836452007294,0.0,0.0,0.059348125010728836,0.018065955489873886,0.0,0.0021752119064331055,0.0,0.0,0.0,0.0012260496150702238,0.0018618488684296608,0.1467084139585495,0.0004944884567521513,0.0,0.016553672030568123,0.0,0.1502516269683838,0.0,0.0,0.009414365515112877,0.0,0.046101298183202744,0.02989358827471733,0.0,0.0,0.0,0.0,0.0,0.0,0.0,0.00421712314710021,0.0,0.0,0.0,0.019784731790423393,0.0,0.0,0.0,0.03674330562353134,0.02217783033847809,0.03873351216316223,0.00464037898927927,0.049752864986658096,0.0,0.018472669646143913,0.0,0.17117546498775482,0.004385374952107668,0.033850960433483124,0.09916452318429947,0.10814199596643448,0.0,0.0,0.0020028590224683285,0.0062942649237811565,0.0028708733152598143,0.2348805069923401,0.034779228270053864,0.009833385236561298,0.0,0.023989584296941757,0.046101756393909454,0.04591047763824463,0.005926613695919514,0.025835681706666946,0.0,0.0,0.03473091498017311,0.09822756052017212,0.01919427700340748,0.00377724040299654,0.0,0.04168316721916199,0.016073014587163925,0.08075755834579468,0.034987468272447586,0.0,0.0,0.13209009170532227,0.1056351587176323,0.021419139578938484,0.0,0.0,0.009786147624254227,0.0,0.5990609526634216,0.02039865031838417,0.03557290509343147,0.0,0.16125814616680145,0.08425350487232208,0.100728839635849,0.0,0.0924297496676445,0.0025310779456049204,0.0,0.18313367664813995,0.1411394625902176,0.0,0.10257989913225174,0.0,0.737444281578064,0.0,0.0,0.007554279640316963,0.0,0.0,0.016967400908470154,0.0,0.0,0.04676872119307518,0.006085261236876249,0.18924111127853394,0.0,0.08056709170341492,0.0,0.00028481005574576557,0.0,0.11222683638334274,0.12653107941150665,0.0,0.03316551819443703,0.1535036414861679,0.0,0.04152856767177582,0.006275942549109459,0.0,0.0,0.09033912420272827,0.048152972012758255,0.007522532716393471,0.0,0.02009175531566143,0.19043293595314026,0.015490969642996788,0.0,0.0037432515528053045,0.05132024735212326,0.13131187856197357,0.0,0.007271701470017433,0.0,0.025830909609794617,0.0,0.0,0.016407761722803116,0.11356335878372192,0.012468118220567703,0.06038495525717735,0.0,0.08603378385305405,0.6448168158531189,0.0697871595621109,0.08434122055768967,0.0038116693031042814,0.08372955024242401,0.008272767066955566,0.0,0.0,0.0030669975094497204,0.027080094441771507,0.031006410717964172,0.03690846264362335,0.016279907897114754,0.04276515915989876,0.004792278632521629,0.4026693105697632,0.14945164322853088,0.0,0.06372605264186859,0.0,0.20955459773540497,0.3621203303337097,0.040201760828495026,0.04109331965446472,0.584426999092102,0.03550184890627861,0.7025808691978455,0.10706282407045364,0.003018765477463603,0.0,0.0,0.08574265241622925,0.0,0.08043801039457321,0.0,0.0012516212882474065,0.03962067514657974,0.0,0.049995578825473785,1.3050378561019897,0.2551824450492859,0.026721006259322166,0.0,0.07147461175918579,0.0,0.05226544290781021,0.022472763434052467,0.005348880309611559,0.0,0.38188400864601135,0.05713348463177681,0.0341326929628849,0.027300862595438957,0.0,0.0,0.06245873123407364,0.0,0.12393797188997269,0.04845290631055832,0.0,0.22727249562740326,0.014082090929150581,0.04169408231973648,0.0,0.006249141879379749,0.0,0.0,0.6099899411201477,0.2973876893520355,0.00010921120701823384,0.07049968838691711,0.16612720489501953,0.03479614108800888,0.0887460932135582,0.0014773312723264098,0.03789406642317772,0.00901508703827858,0.0,0.010425444692373276,0.0,0.014899425208568573,0.0,0.07285929471254349,0.0,0.07877587527036667,0.12996557354927063,0.01179184764623642,0.0,0.07171516120433807,0.03986835852265358,0.02922028861939907,0.22252565622329712,0.007297632750123739,0.0,0.1257975548505783,0.0,0.009523452259600163,0.08453488349914551,0.00419070478528738,0.05687042325735092,0.0,0.0019444882636889815,0.0,0.43980371952056885,0.0,0.055965110659599304,0.013675901107490063,0.0,0.0,0.0,0.0318482331931591,0.0,0.0,0.020527033135294914,0.02599515952169895,0.05456267297267914,8.975744276540354e-05,0.026176996529102325,0.0,0.7784856557846069,0.1391776204109192,0.010187661275267601,0.22773995995521545,0.08988475799560547,0.006406940054148436,0.011997777968645096,0.0,0.014977348037064075,0.0,0.017977995797991753,0.06405563652515411,0.01337355375289917,0.009074114263057709,0.0,0.0,0.0,0.011698704212903976,0.0,0.09754833579063416,0.06204252317547798,0.034172423183918,0.02626757137477398,0.1495872437953949,0.09654711931943893,0.012439893558621407,0.06542062014341354,0.024979345500469208,0.0,0.08297017961740494,0.0002166914928238839,0.0,0.0,0.030460299924016,0.012293518520891666,0.0,0.0867854580283165,0.2577984929084778,0.0,0.0,0.0,0.037786874920129776,0.0,0.0,0.06367869675159454,0.008304030634462833,0.0,0.0776219442486763,0.01990843378007412,0.0016487353714182973,0.026941996067762375,0.0,0.001028192462399602,0.003721678163856268,0.0,0.01139459852129221,0.2175384759902954,0.0035147094167768955,0.44915542006492615,0.03142024576663971,0.03896670043468475,0.26399603486061096,0.0,0.013322935439646244,0.0,0.0,0.0,0.003409777767956257,0.15688903629779816,0.49225056171417236,0.0,0.016152620315551758,0.0,0.0,0.0098965959623456,0.0,0.016887521371245384,0.0,0.0,0.5154884457588196,0.0,0.0007706734468229115,0.0,0.0,0.17759153246879578,0.0030512595549225807,0.0,0.0,0.0,0.19495533406734467,0.011076152324676514,0.052378397434949875,0.0,0.0,0.011866685934364796,0.025201082229614258,0.0,0.001769601134583354,0.07026787102222443,0.01983039081096649,0.034057024866342545,0.01848260685801506,0.0,0.0,0.05172395333647728,0.0,0.014747253619134426,0.0,0.0,0.010795875452458858,0.0742940679192543,0.09208441525697708,0.0038324559573084116,0.030778545886278152,0.07997915893793106,0.07161039113998413,0.0,0.04982059821486473,0.5494980812072754,0.006431457586586475,0.26704585552215576,0.034160029143095016,0.13999560475349426,0.022617816925048828,0.24520674347877502,0.0009438624838367105,0.009357181377708912,0.0,0.05035531893372536,0.027444031089544296,0.010812442749738693,0.0,0.023313231766223907,0.0,0.03540021926164627,0.018518563359975815,0.08417375385761261,0.006994173396378756,0.4433571696281433,0.020987672731280327,0.03779812157154083,0.0032066386193037033,0.0,0.06394889950752258,0.004015119280666113,0.06673915684223175,0.030713682994246483,0.0,0.01361741404980421,0.03587906435132027,0.0,0.02310710959136486,0.0646921768784523,0.033331457525491714,0.007224440574645996,0.00962797086685896,0.04422453045845032,0.002447393024340272,0.023870697245001793,0.0,0.0,0.0,0.06869548559188843,0.02846476621925831,0.7733541131019592,0.0,0.0,0.0,0.0,0.0,0.0529908761382103,0.0,0.0,0.0,0.0,0.0,0.01231666561216116,0.12842650711536407,0.0,0.004964959807693958,0.2283836305141449,0.01552534382790327,0.21134498715400696,0.012536841444671154,0.12151040881872177,0.0,0.14264608919620514,0.0,0.0,0.006985282991081476,0.025512365624308586,0.004119760822504759,0.0,0.2838817536830902,0.0,0.0,0.09068690985441208,0.0,0.0,0.0,0.0,0.0,0.0,0.01679006777703762,0.0458340160548687,0.015006545931100845,0.0,0.0,0.019036907702684402,0.03922276198863983,0.0,0.0002368664718233049,0.07847043126821518,0.016194360330700874,0.05045311897993088,0.07849588245153427,0.0,0.0602312833070755,0.0,0.0,0.000753630418330431,0.15303874015808105,0.0,0.0,0.024995319545269012,0.0,0.009150464087724686,0.0,0.0,0.038295380771160126,0.0,0.0,0.0,0.0,0.0,0.0,0.009278173558413982,0.00450580008327961,0.020983755588531494,0.5749223232269287,0.0,0.012740685604512691,0.02178945392370224,0.0,0.0021279407665133476,0.20131133496761322,0.0,0.09754211455583572,0.3103644847869873,0.0,0.0,0.0012057590065523982,0.0,0.0019897210877388716,0.0,0.0,0.4270494878292084,0.0,0.0,0.00043489335803315043,0.0,0.0,0.33817940950393677,0.09044156223535538,0.0,0.0007461690693162382,0.006929736118763685,0.16826729476451874,0.33203741908073425,0.0,0.0,0.013272888958454132,0.0,0.0,0.0,0.0,0.0,0.009547270834445953,0.0,0.0,0.0,0.0,0.21372300386428833,0.0,0.04077720269560814,0.03858070448040962,0.014255707152187824,0.0,0.30688703060150146,0.13490162789821625,0.0,0.10656612366437912,3.8189886254258454e-05,0.0040981946513056755,0.0,0.002038899576291442,0.053533028811216354,0.0,0.0,0.05080045387148857,0.0,0.024375155568122864,0.02614344097673893,0.017994103953242302,0.0,0.015057750046253204,0.005885509308427572,0.13070636987686157,0.0069318050518631935,0.016287963837385178,0.0064572524279356,0.0,0.03755493089556694,0.03231407701969147,0.06015700474381447,0.03195682913064957,0.0,0.0,0.0030991029925644398,0.04778550565242767,0.0,0.0,0.019407257437705994,0.0,0.023991374298930168,0.0,0.0,0.0,0.0,0.00552515871822834,0.009125038050115108,0.004731383174657822,0.0,0.0,0.05905035510659218,0.05058348551392555,0.0476531945168972,0.0002991938672494143,0.03921850025653839,0.0,0.0,0.0,0.2871803641319275,0.0,0.05567402020096779,0.0463571660220623,0.007805070839822292,0.0,0.34079962968826294,0.007302029058337212,0.04547380283474922,0.002489962615072727
0.0,0.020540647208690643,0.3060848116874695,0.0,0.0,0.0,0.015561120584607124,0.00256487843580544,0.0,0.11111623793840408,0.0,0.058967217803001404,0.03262213245034218,0.32820364832878113,0.11778801679611206,0.18149837851524353,0.019673913717269897,0.036342721432447433,0.0,0.25540560483932495,0.01466347649693489,0.0,0.04523854702711105,0.18405823409557343,0.05796327069401741,0.11937141418457031,0.0,0.0,0.0,0.0,0.47691550850868225,0.11812179535627365,0.0028175772167742252,0.0,0.2703739106655121,0.20925475656986237,0.00879014004021883,0.04596314951777458,0.0,0.08008117973804474,0.402505487203598,0.0,0.005721422377973795,0.12429257482290268,0.45567741990089417,0.014813661575317383,0.04212378337979317,0.0,0.24322126805782318,0.0,0.0,0.25393202900886536,0.007583119906485081,0.13635773956775665,0.06166689097881317,0.0,0.0,0.0,0.07184700667858124,0.0036597633734345436,0.006807203404605389,0.37167903780937195,0.07097435742616653,0.0011708831880241632,0.005918364506214857,0.29399484395980835,0.09226562827825546,0.0162341445684433,0.0631416067481041,0.0,0.19723503291606903,0.043265052139759064,0.0058403923176229,0.13967563211917877,0.0,0.13248424232006073,0.4228377044200897,0.006566605530679226,0.14132077991962433,0.4510703980922699,0.0,0.0587279237806797,0.0,0.06706660240888596,0.0006279349327087402,0.2724331021308899,0.025091970339417458,0.0,0.0,0.0018773159245029092,0.00923669058829546,0.008971434086561203,0.2789808213710785,0.5529744029045105,0.0,0.19895167648792267,0.06036198511719704,0.0024244021624326706,0.0,0.0,0.026437927037477493,0.047684744000434875,0.10704942047595978,0.023623617365956306,0.06731855869293213,0.003872788045555353,0.02609160728752613,0.0,0.0,0.009568598121404648,0.028812484815716743,0.01574145443737507,0.0,0.18360072374343872,0.004563210066407919,0.38659191131591797,0.0,0.09112460911273956,0.0,0.15805791318416595,0.019187580794095993,0.006409027613699436,0.3219633102416992,0.034637123346328735,0.003221980296075344,0.0,0.2617623507976532,0.03232084587216377,0.14648772776126862,0.0,0.1358916014432907,0.0,0.04131675884127617,0.0023083044216036797,0.06125714257359505,0.09932689368724823,0.005002629943192005,0.0015174609143286943,0.006707329768687487,0.0,0.11667673289775848,0.035603996366262436,0.0,0.016710253432393074,0.23776523768901825,0.0,0.01880047097802162,0.2688804566860199,0.01768513396382332,0.08122243732213974,0.04401637986302376,0.0,0.03789530321955681,0.06390172243118286,0.0,0.09452345222234726,0.010040249675512314,0.04867169260978699,0.16774629056453705,0.09668812155723572,0.005184858571738005,0.008958516642451286,0.015269780531525612,0.3824330270290375,0.10215550661087036,0.0,0.24772249162197113,0.002954993164166808,0.13054877519607544,0.36518529057502747,0.11359088122844696,0.048161014914512634,0.042616941034793854,0.22967541217803955,0.032672591507434845,0.04147990792989731,0.5742272138595581,0.019722813740372658,0.0,0.3246176540851593,0.0,0.006201887037605047,0.032241009175777435,0.021570425480604172,0.0,0.37244102358818054,0.17872029542922974,0.04785798862576485,0.05380165949463844,0.3096943199634552,0.03579443320631981,0.056196898221969604,0.016494540497660637,0.00847658608108759,0.011583018116652966,0.02359980344772339,0.03977128863334656,0.011040901765227318,0.23071444034576416,0.006961026228964329,0.1347678154706955,0.02251061052083969,0.0,0.14102792739868164,0.0,0.039873652160167694,0.04196099191904068,0.004847676958888769,0.04252055659890175,0.15843328833580017,0.1529359072446823,0.0037315869703888893,0.21232429146766663,0.0,0.01733776554465294,0.02169668674468994,0.028535589575767517,0.025643564760684967,0.0,0.014094896614551544,0.07714429497718811,0.003459899453446269,0.1595340371131897,0.19135203957557678,0.004899320658296347,0.16238285601139069,0.0105429170653224,0.03513020649552345,0.08524355292320251,0.09929006546735764,0.19528037309646606,0.005597660318017006,0.1773226410150528,0.0577358715236187,0.1321897655725479,0.26855331659317017,0.0138141680508852,0.07879821956157684,0.04470355808734894,0.0014183246530592442,0.0,0.05319732800126076,0.07997123897075653,0.0,0.06206963211297989,0.046227868646383286,0.03850392997264862,0.05817098543047905,0.0,0.010875694453716278,0.002276306040585041,0.018050914630293846,0.005938081536442041,0.02137155272066593,0.0007538032368756831,0.08207427710294724,0.0,0.07441166043281555,0.057540830224752426,0.4928978681564331,0.0,0.01161075197160244,0.03426918387413025,0.0,0.10265419632196426,0.01627778448164463,0.08246861398220062,0.07462330907583237,0.015336570329964161,0.036750927567481995,0.09006363153457642,0.004540741443634033,0.0,0.12576156854629517,0.031711872667074203,0.0,0.05993737280368805,0.01562820002436638,0.17358288168907166,0.19454501569271088,0.016451189294457436,0.0,0.023073287680745125,0.14379046857357025,0.04919359087944031,0.6757822632789612,0.0,0.0,0.16413015127182007,0.06287437677383423,0.12214020639657974,0.18275684118270874,0.05591477081179619,0.0,0.050639837980270386,0.009923925623297691,0.17034147679805756,0.0,0.2712661325931549,0.007377505302429199,0.02858862094581127,0.027617380023002625,0.1589983105659485,0.11717010289430618,0.11928243935108185,0.004104938358068466,0.02324822172522545,0.02052908018231392,0.0,0.0010472536087036133,0.0,0.11815977841615677,0.013108909130096436,0.16443940997123718,0.03879930078983307,0.3013707101345062,0.02846805565059185,0.007301671430468559,0.18291467428207397,0.054888397455215454,0.00042459621909074485,0.02830571122467518,0.0,0.0,0.8301942944526672,0.0,0.0,0.011033640243113041,0.0,0.0,0.0,0.0442209430038929,0.0,0.0,0.06465496867895126,0.0,0.0,0.0,0.006640969309955835,0.06420982629060745,0.054351434111595154,0.0005214810371398926,0.0,0.0,0.0,0.0,0.0,0.0,0.0,0.0,0.250886470079422,0.0,0.1137622818350792,0.023646289482712746,0.302779883146286,0.0,0.0,0.0,0.08144500106573105,0.010008442215621471,0.006599755492061377,0.0,0.0,0.0,0.0,0.0034038485027849674,0.08270043134689331,0.05933943763375282,0.0,0.0,0.6216113567352295,0.0,0.0,0.041321028023958206,0.005853018257766962,0.0,0.005175868049263954,0.0,0.0,0.24821799993515015,0.02440553717315197,0.0,0.0,0.0,0.017538629472255707,0.0,0.0,0.03819482401013374,0.0,0.0,0.2965390980243683,0.0,0.0,0.0,0.0,0.0,0.18711818754673004,0.0,0.15441791713237762,0.0051776641048491,0.0,0.08000954985618591,0.0,0.004217309877276421,0.0,0.0,0.04986872524023056,0.0,0.0,0.016708141192793846,0.0,0.0,0.0,0.0,0.0329725556075573,0.0,0.0,0.0,0.0,0.0,0.04638759791851044,0.0,0.07036024332046509,0.0,0.03853199630975723,0.13631205260753632,0.0313277468085289,0.011430357582867146,0.02238229662179947,0.12987060844898224,0.0,1.795314165065065e-05,0.008715243078768253,0.137514129281044,0.0,0.0,0.0,0.02843276783823967,0.00014213085523806512,0.002108451444655657,0.0,0.0,0.0007381975883617997,0.01540891919285059,0.0,0.0,0.15267781913280487,0.0,0.031793013215065,0.04271719977259636,0.0095871826633811,0.0,0.0,0.03473273292183876,0.0,0.005118796601891518,0.00396122457459569,0.0,0.025391031056642532,0.009318847209215164,0.0032255901023745537,0.253728985786438,0.0,0.0,0.06616035103797913,0.20378577709197998,0.055960386991500854,0.0,0.0,0.0,0.0,0.0,0.014366822317242622,0.0,0.029311396181583405,0.0,0.0,0.02869541198015213,0.04766588285565376,0.0,0.0,0.0,0.21963024139404297,0.009141962975263596,0.06235057860612869,0.2550910711288452,0.008159131743013859,0.0,0.0,0.0,0.02020144648849964,0.0,0.0,0.0,0.0,0.0,0.0,0.019047463312745094,0.018852027133107185,0.0,0.0,0.0,0.007649165578186512,0.04271600395441055,0.0,0.0,0.0,0.0022899426985532045,0.2252020388841629,0.026308918371796608,0.06173054128885269,0.009776349179446697,0.0,0.0008653986733406782,0.0,0.0,0.2409299612045288,0.01947253942489624,0.0,0.029156193137168884,0.0,0.0,0.43746766448020935,0.0,0.0,0.0,0.0,0.0,0.0,0.02739689312875271,0.009545952081680298,0.0,0.0,0.0,0.0,0.10179581493139267,0.0,0.0,0.0,0.009318899363279343,0.009638290852308273,0.11363504081964493,0.0,0.08192931860685349,0.0,0.0,0.04072882607579231,0.0,0.0,0.0,0.0,0.04159916937351227,0.022868087515234947,0.23087310791015625,0.013364844024181366,0.0,0.0,0.0,0.020998559892177582,0.0,0.012320637702941895,0.08757275342941284,0.04354836419224739,0.0,0.2053675502538681,0.04707350209355354,0.0,0.0,0.06298061460256577,0.25412702560424805,0.0,0.028444338589906693,0.10515239089727402,0.0,0.0,0.025114867836236954,0.0,0.0,0.0,0.0076807644218206406,0.059134773910045624,0.0,0.05660547316074371,0.0,0.17589432001113892,0.07218042761087418,0.12343776971101761,0.02642846666276455,0.0,0.0,0.0,0.0025858194567263126,0.001690670265816152,0.0,0.0,0.21099130809307098,0.017027301713824272,0.05296836793422699,0.0,0.0,0.0,0.0,0.0,0.051356371492147446,0.0024611265398561954,0.0,0.0,0.5383708477020264,0.015588757582008839,0.06814739108085632,0.0,0.14680039882659912,0.0,0.0,0.009997215121984482,0.01676451414823532,0.013386556878685951,0.07108984887599945,0.0,0.0,0.0,0.0,0.0,0.0,0.005575201939791441,0.0,0.0,0.01324507687240839,0.0,0.03757796809077263,0.01694701425731182,0.010890054516494274,0.0,0.0,0.0,0.0,0.0,0.0,0.0,0.0,0.0,0.0,0.12105011194944382,0.015120076015591621,0.0,0.0,0.0,0.0,0.0001782816689228639,0.0,0.0,0.015595811419188976,0.0,0.0,0.010479500517249107,0.0,0.0,0.08778589218854904,0.0,0.14349591732025146,0.03805530443787575,0.0,0.23276810348033905,0.011750716716051102,0.17650535702705383,0.0018142318585887551,0.005720643792301416,0.17087936401367188,0.0,0.0583953857421875,0.056415677070617676,0.0,0.080435611307621,0.003729273099452257,0.0,0.0,0.0,0.0,0.0,0.014439375139772892,0.0,0.040657754987478256,0.0,0.0,0.0,0.13894973695278168,0.004021508619189262,0.0,0.0,0.0,0.04656434431672096,0.10606928914785385,0.02958594262599945,8.703351340955123e-05,0.06282151490449905,0.008628588169813156,0.0,0.0,0.005014398135244846,0.08966925740242004,0.0,0.0,0.41441574692726135,0.02609487622976303,0.03027971088886261,0.0,0.008891564793884754,0.0,0.13802087306976318,0.0,0.0,0.0,0.002191781299188733,0.010588007979094982,0.17752788960933685,0.15094557404518127,0.035560451447963715,0.0,0.008293169550597668,0.08564575016498566,0.0,0.0,0.0,0.0627005472779274,0.0,0.002291555516421795,0.0,0.04147511348128319,0.0,0.22362633049488068,0.0,0.0,0.0,0.26765915751457214,0.04177125543355942,0.0,0.009188069961965084,0.6287894248962402,0.0,0.02658534049987793,0.0,0.004929807037115097,0.0,0.0,0.0,0.008558221161365509,0.24301286041736603,0.0,0.10288271307945251,0.0,0.0,0.021492499858140945,0.0008794188615866005,0.0,0.014941138215363026,0.0021087622735649347,0.0,0.2878316640853882,0.08779445290565491,0.0,0.0,0.0,0.09352989494800568,0.016090277582406998,0.4356020390987396,0.0,0.0,0.008789649233222008,0.06691337376832962,0.002633102471008897,0.13616208732128143,0.1761472076177597,0.08081508427858353,0.2047668844461441,0.024244997650384903,0.0,0.0060531157068908215,0.0216671135276556,0.018288064748048782,0.012270677834749222,0.0,0.0,0.20006729662418365,0.013513199053704739,0.0366637259721756,0.0,0.02153613604605198,0.061756592243909836,0.2248564511537552,0.012528832070529461,0.03115326166152954,0.04794804006814957,0.046149540692567825,0.0057752919383347034,0.0,0.0,0.08125219494104385,0.0,0.004732118919491768,0.12580296397209167,0.06720417737960815,0.022839460521936417,0.0,0.024547407403588295,0.0,0.0,0.027015142142772675,0.028609883040189743,0.08199843764305115,0.0,0.21924085915088654,0.0,0.0,0.0,0.0123862000182271,0.05588480830192566,0.20264123380184174,0.024152684956789017,0.10679174214601517,0.037902653217315674,0.0,0.0026904107071459293,0.0,0.0,0.0,0.0,0.0064059533178806305,0.0,0.0,0.06709437072277069,0.20638173818588257,0.0,0.01604066789150238,0.0054406579583883286,0.02231871522963047,0.0,0.18901458382606506,0.0,0.0,0.026974711567163467,0.05799566209316254,0.0,0.028725996613502502,0.0,0.19163160026073456,0.0,0.0,0.5810227394104004,0.0,0.04067584499716759,0.0044905864633619785,0.0,0.0,0.0,0.02345964126288891,0.003998426254838705,0.0,0.12367792427539825,0.0,0.0,0.0,0.0,0.0068795825354754925,0.0036764168180525303,0.0,0.011804136447608471,0.0,0.005213276017457247,0.0,0.0,0.33655816316604614,0.0,0.0,0.0,0.0,0.0,0.003025766694918275,0.697642982006073,0.038006242364645004,0.002485250122845173,0.014181835576891899,0.08769102394580841,0.0,0.004667827859520912,0.0,0.20178890228271484,0.012182964943349361,0.03691598027944565,0.019804751500487328,0.01652301847934723,0.004760418552905321,0.01599081978201866,0.1854179948568344,0.0,0.022766361013054848,0.0,0.1190706416964531,0.043555498123168945,0.08595939725637436,0.013361537829041481,0.06460723280906677,0.033113230019807816,0.0,0.4656890034675598,0.0,0.0,0.09792916476726532,0.008540499955415726,0.11278685927391052,0.0,0.0027853811625391245,0.0,0.08633183687925339,0.1212761178612709,0.0,0.14289866387844086,0.023607706651091576,0.06717634946107864,0.0,0.04783978313207626,0.3653588593006134,0.0,0.21735428273677826,0.10283339768648148,0.17900659143924713,0.06864554435014725,0.039564426988363266,0.1150289922952652,0.11640463024377823,0.009411572478711605,0.22991777956485748,0.0,0.0,0.4148392379283905,0.024950234219431877,0.0,0.028940942138433456,0.0,0.0,0.1113198772072792,0.0021519390866160393,0.006035819184035063,0.0019805848132818937,0.00865815207362175,0.004771897103637457,0.0,0.2552187442779541,0.09624365717172623,0.0,0.0,0.017172742635011673,0.0,0.0,0.09971096366643906,0.00022630930470768362,0.10733193159103394,0.0,0.17265726625919342,0.0,0.0,0.05504003167152405,0.0,0.034346021711826324,0.0,0.030416470021009445,0.13950270414352417,0.0,0.086552694439888,0.03301957994699478,0.047505687922239304,0.0,0.06965422630310059,0.06152539327740669,0.004019692074507475,0.0,0.22444137930870056,0.0,0.0,0.00692814402282238,0.48511573672294617,0.1536584496498108,0.0,0.008469781838357449,0.36507779359817505,0.006230385508388281,0.009871122427284718,0.00025693594943732023,0.22299380600452423,0.0,0.04368605464696884,0.004730791784822941,0.0,0.0,0.0,0.08452275395393372,0.0,0.008462825790047646,0.1727251410484314,0.019140832126140594,0.0,0.0011656630085781217,0.21748322248458862,0.007962462492287159,0.008238058537244797,0.0037669367156922817,0.025142788887023926,0.028682129457592964,0.03454196825623512,0.013239502906799316,0.12763600051403046,0.00311055569909513,0.02494175359606743,0.2836330533027649,0.0,0.0,0.01314001064747572,0.07071122527122498,0.08926749974489212,0.0,0.08538547158241272,0.0,0.0,0.3085792362689972,0.011598773300647736,0.0,0.021080560982227325,0.0,0.0,0.034988511353731155,0.41597500443458557,0.0,0.0,0.2855175733566284,0.044386863708496094,1.5263556633726694e-05,0.06619865447282791,0.0008723938371986151,0.09434036165475845,0.008456258103251457,0.0,0.0,0.0,0.030054185539484024,0.0,0.0,0.019113240763545036,0.09112153947353363,0.10909076780080795,0.008148442953824997,0.2254042625427246,0.0,0.03303036093711853,0.01396256685256958,7.791608368279412e-05,0.22379952669143677,0.002146325074136257,0.006794150918722153,0.11840818077325821,0.00027159095043316483,0.0,0.12300780415534973,0.06201835721731186,0.0016931584104895592,0.017168570309877396,0.4654056131839752,0.08553668111562729,0.06207077205181122,0.0,0.07204889506101608,0.17497539520263672,0.046952828764915466,0.10475955903530121,0.0,0.07433726638555527,0.0,0.029773030430078506,0.024833932518959045,0.07369387894868851,0.30706334114074707,0.019923165440559387,0.46954822540283203,0.0,0.020439976826310158,0.011771570891141891,0.33341315388679504,0.09571554511785507,0.14590123295783997,0.10283346474170685,0.0,0.007894820533692837,0.00994898285716772,0.012604371644556522,0.0,0.024433856830000877,0.03537794575095177,0.0,0.0,0.0,0.0,0.1370934098958969,0.0,0.0,0.08956405520439148,0.03039322793483734,0.3615645468235016,0.0,0.0,0.0,0.0,0.0,0.0,0.43017950654029846,0.0,0.0,0.0,0.0,0.22419622540473938,0.001024677767418325,0.0,0.0,0.03861980885267258,0.002333905780687928,0.05049966275691986,0.24323688447475433,0.416049599647522,0.0,0.002220907248556614,0.0,0.032788604497909546,0.0,0.0,0.0,0.0,0.04893140494823456,0.0,0.0,0.0,0.011337471194565296,0.004057388287037611,0.05628771334886551,0.17259632050991058,0.0,0.002386122941970825,0.0,0.017164763063192368,0.0,0.37372952699661255,0.018841173499822617,0.2980763912200928,0.0,0.06527665257453918,0.005967003293335438,0.00011816740152426064,0.0,0.036030277609825134,0.0,0.048034459352493286,0.020861046388745308,0.017630068585276604,0.00887355487793684,0.0,0.013721278868615627,0.0,0.0429910384118557,0.0,0.05306835472583771,0.02022804692387581,0.0,0.0,0.0,0.0,0.0,1.0147700309753418,0.16336548328399658,0.0,0.0,0.03097514808177948,0.003538575256243348,0.0001769590307958424,0.06471243500709534,0.0804414302110672,0.0,0.0,0.5945715308189392,0.0,0.0,0.0,0.0004232049104757607,0.0,0.0,0.0,0.0,0.0,0.0,0.0,0.6129158139228821,0.03145183250308037,0.0,0.08095023781061172,0.0,0.009979098103940487,0.0,0.0,0.0024034760426729918,0.0016728448681533337,0.005879409145563841,0.36093878746032715,0.02414286695420742,1.2765213251113892,0.0,0.0024022532161325216,0.003625401295721531,0.0,0.0,0.01689271256327629,2.297173023223877,0.005459926091134548,0.0,0.0,0.03195402771234512,0.01833377778530121,0.0,0.0,0.042793355882167816,0.0,0.0,0.6243506669998169,0.0,0.04157812520861626,0.0290820449590683,0.0,0.0,0.0,0.09356862306594849,0.19690901041030884,0.033115651458501816,0.0,0.1972459852695465,0.0,0.0,0.0,0.0,0.0,0.16272717714309692,0.02883639559149742,0.02143089473247528,0.0,0.0,0.15911363065242767,0.02003292553126812,0.030692003667354584,0.05203941836953163,0.5870914459228516,0.0,0.03602086752653122,0.18989959359169006,0.0,0.018024533987045288,0.0,0.0034734858199954033,0.0,0.06966516375541687,0.0,0.0,0.0,0.0,0.0,0.008822071366012096,0.0,0.10184944421052933,0.021111775189638138,1.0904169082641602,0.0,0.04702431708574295,0.0,0.021002337336540222,0.07981079816818237,0.0,0.04217451438307762,0.0,0.0,0.6222465634346008,0.0,0.028439056128263474,0.0,0.0,0.0,0.0,0.036898016929626465,0.006798284128308296,0.0,0.0,0.0,0.0,0.0,0.0,0.0,0.0,0.0,0.0,0.0,0.006400448270142078,0.2518632113933563,0.0,0.08317965269088745,0.0,0.004952150397002697,0.0,0.012849178165197372,0.0,0.05906839296221733,0.0,0.00933064240962267,0.045332860201597214,0.0022907995153218508,0.0,0.0,0.0379357673227787,0.028608398512005806,0.0,0.06729082763195038,0.015418739058077335,0.0,0.013333805836737156,0.0,0.02195393480360508,0.0,0.009275325573980808,0.0,0.0,0.0,0.036993157118558884,0.0,0.0,0.0,0.054376620799303055,0.0,0.0009635770111344755,0.26525965332984924,0.09119829535484314,0.0,0.0,0.0,0.003526129759848118,0.06722621619701385,0.0,0.008042160421609879,0.08192092925310135,0.00950173381716013,0.0,0.013288416899740696,0.0,0.03539935499429703,0.00023356854217126966,0.0,0.0,0.013760268688201904,0.2196001261472702,0.03166055679321289,0.0,0.0018692207522690296,0.3298904299736023,0.0053527080453932285,0.0,0.0,0.28028228878974915,0.09815014898777008,0.07126361131668091,0.06984326243400574,4.504323078435846e-05,0.0,1.2826985120773315,0.3381396532058716,0.09567089378833771,0.0,0.0,0.0,0.0,0.0,0.01317665260285139,0.0,0.7303352355957031,0.011924310587346554,0.12820562720298767,0.0,0.0,0.0,0.004645233042538166,0.04888136684894562,0.0,0.0,0.058713167905807495,0.14145921170711517,0.0,0.05274580046534538,0.48088982701301575,0.01681959070265293,0.5885984301567078,0.053936511278152466,0.003161896951496601,0.41865840554237366,0.09550479799509048,0.034912724047899246,0.0,0.40858709812164307,0.014690876007080078,0.0,0.0014474439667537808,0.005193408112972975,0.0,0.0,0.11705811321735382,0.0,0.0,0.31272318959236145,0.02644290402531624,0.0,0.0,0.16626636683940887,0.013456200249493122,0.0,0.0025757381226867437,0.01071951910853386,0.0,0.07892204076051712,0.010263754986226559,0.00034665942075662315,0.0,0.05586148425936699,0.008256835862994194,0.0,0.007288837339729071,0.0,0.0,0.0,0.0,0.010193138383328915,0.38432204723358154,0.008237927220761776,0.0,0.01673745922744274,0.0,0.1640826016664505,0.0,0.0,0.002154635265469551,0.0,0.09532850980758667,0.00798962265253067,0.0,0.0,0.0,0.0,0.0,0.0,0.0,0.0,0.0,0.0,0.0,0.009212367236614227,0.0,0.005609519314020872,0.0,0.052968159317970276,0.00958823598921299,0.0364069826900959,0.01099556963890791,0.057540398091077805,0.0,0.038889430463314056,0.0,0.17538827657699585,0.04814267158508301,0.027452854439616203,0.098212830722332,0.10679695755243301,0.0,0.0,0.0,0.002979891374707222,0.015020817518234253,0.22376400232315063,0.03084437921643257,0.009502680040895939,0.0,0.026360927149653435,0.045160502195358276,0.041499730199575424,0.0,0.007619838230311871,0.0,0.0,0.12904974818229675,0.089058056473732,0.0,0.0027250517159700394,0.0030412531923502684,0.04710061103105545,0.015538880601525307,0.06480859965085983,0.028545670211315155,0.0,0.0,0.14502404630184174,0.07630171626806259,0.01460044365376234,0.003852986032143235,0.0,0.009851553477346897,0.0,0.5738554000854492,0.00808268878608942,0.0,0.0,0.16301089525222778,0.09562897682189941,0.06933677941560745,0.003204628825187683,0.07929784804582596,0.0,0.0,0.2613755166530609,0.2245817929506302,0.0,0.06171859800815582,0.0,0.7727421522140503,0.0,0.0,0.001002967357635498,0.004748139530420303,0.0,0.008767850697040558,0.0,0.0,0.14572326838970184,0.0,0.22434712946414948,0.0,0.10194669663906097,0.0,0.0,0.011069808155298233,0.09909646958112717,0.29641854763031006,0.0,0.023014480248093605,0.14497454464435577,0.0,0.030534105375409126,0.007743058260530233,0.0,0.0,0.09222496300935745,0.06880877166986465,0.0022335362154990435,0.0,0.01963447593152523,0.2154061198234558,0.018652893602848053,0.0,0.008344167843461037,0.04502354562282562,0.07556595653295517,0.019282151013612747,0.0,0.0,0.02072017639875412,0.0,0.01717621274292469,0.01807214878499508,0.09699619561433792,0.0,0.06445064395666122,0.002010629279538989,0.06392178684473038,0.6683917045593262,0.04411716014146805,0.07876389473676682,0.0004444336809683591,0.049225665628910065,0.01722097396850586,0.0,0.0,0.0,0.05031748116016388,0.003059434937313199,0.019868554547429085,0.0,0.018731312826275826,0.003945470321923494,0.397464394569397,0.11373133957386017,0.0,0.035657886415719986,0.0,0.18891765177249908,0.2980828583240509,0.04781100153923035,0.01896604150533676,0.6620071530342102,0.021985488012433052,0.8207911849021912,0.046528272330760956,0.0,0.0,0.0,0.08818851411342621,0.0,0.09699137508869171,0.0,0.0,0.01968017779290676,0.0,0.01573360525071621,1.174117088317871,0.16170626878738403,0.028519051149487495,0.0,0.04470822960138321,0.0,0.05543426051735878,0.042072128504514694,0.0,0.0,0.4700513482093811,0.046767234802246094,0.01682576723396778,0.01206250675022602,0.0,0.0,0.07545652240514755,0.003598215524107218,0.14911285042762756,0.04975654557347298,0.0,0.2325892597436905,0.0,0.060357581824064255,0.0,0.0,0.003025809535756707,0.0,0.7923253774642944,0.439288854598999,0.0,0.05574581027030945,0.18002231419086456,0.017297687008976936,0.10471978783607483,0.00489046098664403,0.018590861931443214,0.008394518867135048,0.016108056530356407,0.0,0.0,0.03656093031167984,0.0,0.07304930686950684,0.0,0.04128645732998848,0.10170181095600128,0.02292412333190441,0.0,0.02544415555894375,0.017122777178883553,0.03991217166185379,0.17880070209503174,0.013111676089465618,0.0,0.11244924366474152,0.0,0.025935759767889977,0.09071336686611176,0.0,0.05077524110674858,0.00909421592950821,0.0,0.0003720748354680836,0.3910723626613617,0.0,0.04898207634687424,0.02541411481797695,0.0,0.0,0.0,0.002014667959883809,0.0,0.0,0.023688174784183502,0.017691941931843758,0.014753754250705242,0.0,0.020645320415496826,0.0,0.6918261647224426,0.12268611788749695,0.0,0.24990585446357727,0.05873046815395355,0.0,0.004941318184137344,0.0,0.03278103470802307,0.0,0.006914832629263401,0.05149991810321808,0.007139516994357109,0.0012324440758675337,0.0,0.017721856012940407,0.0,0.020945755764842033,0.0,0.09956367313861847,0.028063373640179634,0.027928613126277924,0.034133728593587875,0.13088172674179077,0.07284843176603317,0.027536043897271156,0.15277615189552307,0.036657046526670456,0.0,0.04649389907717705,0.0,0.006745853461325169,0.00719460379332304,0.012849101796746254,0.013033764436841011,0.0,0.05325409770011902,0.2557438611984253,0.0,0.0,0.0,0.04049280285835266,0.0,0.0006625556852668524,0.047511063516139984,0.009367258287966251,0.0020263337064534426,0.07097245007753372,0.010873266495764256,0.0030259008053690195,0.014492363668978214,0.0,0.0,0.0006597185274586082,0.0,0.035894326865673065,0.28831997513771057,0.012258853763341904,0.4703427255153656,0.02926569990813732,0.041227880865335464,0.16735443472862244,0.0,0.026487506926059723,0.0,0.0,0.0026049648877233267,0.0,0.12666092813014984,0.41352418065071106,0.0,0.007885499857366085,0.0,0.0048367357812821865,0.013111935928463936,0.0,0.0,0.0,0.0,0.44490379095077515,0.0,0.0,0.0,0.0,0.19615961611270905,0.008400369435548782,0.0,0.0,0.0,0.23732244968414307,0.007108898367732763,0.05202866718173027,0.00657255994156003,0.0,0.008384265005588531,0.0242154523730278,0.0,0.0,0.054037049412727356,0.020447492599487305,0.011595859192311764,0.0077227759175002575,0.0010946918046101928,0.0,0.06426504254341125,0.0,0.018830468878149986,0.0,0.0,0.025477934628725052,0.04155046492815018,0.08332844078540802,0.0,0.022808637470006943,0.060406435281038284,0.05279691517353058,0.0,0.05172853544354439,0.6380507946014404,0.002797130262479186,0.2754301130771637,0.04262325167655945,0.2076655924320221,0.034238528460264206,0.2863521873950958,0.0,0.0,0.0,0.02622770331799984,0.00155024288687855,0.008655333891510963,0.0,0.034843966364860535,0.0,0.035216063261032104,0.005567970219999552,0.020543547347187996,0.0,0.5128682851791382,0.019736045971512794,0.05692561715841293,0.0,0.0,0.08829064667224884,0.01803811453282833,0.044505540281534195,0.02160187065601349,0.0,0.021278707310557365,0.028290152549743652,0.0,0.003836992895230651,0.066927969455719,0.0002782130322884768,0.010745275765657425,0.005594937596470118,0.015749579295516014,0.01601828634738922,0.02836799807846546,0.0,0.0,0.0,0.038757771253585815,0.07031279802322388,0.8101058006286621,0.0,0.0,0.0,0.0,0.0,0.07983685284852982,0.0,0.0,0.0,0.0,0.0,0.006675301119685173,0.1658458709716797,0.0,0.0,0.14824098348617554,0.035768888890743256,0.22066424787044525,0.011969008482992649,0.09910783916711807,0.0,0.13084286451339722,0.0,0.0,0.0006770324544049799,0.0,0.021183675155043602,0.0,0.3472236394882202,0.0,0.0,0.08352608978748322,0.0,0.002002940746024251,0.0012968051014468074,0.0,0.0,0.0,0.0025829558726400137,0.048053402453660965,0.01703461818397045,0.0,0.0,0.005255852360278368,0.015398886054754257,0.0,0.0,0.09897122532129288,0.019732361659407616,0.12323266267776489,0.07464681565761566,0.0,0.028851263225078583,0.0,0.0,0.0,0.15333375334739685,0.0,0.0,0.027756668627262115,0.0,0.011502517387270927,0.0,0.0,0.06617429852485657,0.0,0.0,0.0,0.0,0.0,0.0,0.005011832807213068,5.5096148571465164e-05,0.010757732205092907,0.6240190267562866,0.0,0.009830892086029053,0.002437371062114835,0.0,0.0038347220979630947,0.11403174698352814,0.0,0.08255752921104431,0.4651072025299072,0.0,0.0,0.013043326325714588,0.0,0.0,0.0,0.0,0.46608689427375793,0.0,0.0,0.0,0.0,0.0,0.5108802318572998,0.104940265417099,0.005725601222366095,0.0,0.006192522123456001,0.13540123403072357,0.3535221517086029,0.0,0.0,0.005267864093184471,0.0,0.0,0.0,0.0,0.0,0.007013698108494282,0.0,0.0,0.0,0.0,0.22648805379867554,0.0,0.022296419367194176,0.0641423910856247,0.013349270448088646,0.0,0.33283641934394836,0.18612949550151825,0.000328907830407843,0.1431507170200348,0.0014271927066147327,0.0,0.0,0.0025640600360929966,0.051682546734809875,0.0,0.0,0.03231280669569969,0.0,0.058929409831762314,0.04012024775147438,0.01938772015273571,0.0,0.00024567366926930845,0.003146680537611246,0.17660608887672424,0.03476454317569733,0.0005032336921431124,0.05909883603453636,0.0,0.1388418972492218,0.03314623236656189,0.10795988887548447,0.03686089068651199,0.0,0.0,0.007595176808536053,0.04507536068558693,0.0,0.0,0.020734792575240135,0.0,0.02097572386264801,0.0,0.0,0.0,0.0,0.0018443572334945202,0.01185761671513319,0.0,0.0,0.0,0.17995482683181763,0.056734152138233185,0.08393001556396484,0.010370565578341484,0.022442258894443512,0.001630790182389319,0.0,0.0,0.3875751793384552,0.0,0.07472362369298935,0.021778013557195663,0.005071731749922037,0.0,0.46075430512428284,0.0008969974587671459,0.025576967746019363,0.0
0.0,0.0067320168018341064,0.331216037273407,0.0003715169441420585,0.0,0.0,0.01845632866024971,0.009487641043961048,0.0,0.06683401763439178,0.0,0.0589115172624588,0.027539363130927086,0.24200105667114258,0.10048246383666992,0.16552844643592834,0.006839742884039879,0.043773360550403595,0.0,0.28471139073371887,0.044081613421440125,0.0,0.044529467821121216,0.12356129288673401,0.06141187995672226,0.12153401225805283,0.0,0.0,0.0,0.0,0.44220247864723206,0.10017789155244827,0.0,0.0,0.26546216011047363,0.22248157858848572,0.009783926419913769,0.02807912975549698,0.0,0.09006485342979431,0.3505571782588959,0.0,0.0020361007191240788,0.11924058943986893,0.5050899982452393,0.010350747033953667,0.03979706019163132,0.0,0.21653932332992554,0.0,0.001999580767005682,0.12216071784496307,0.0,0.14742127060890198,0.01665879227221012,0.0,0.0,0.0,0.08845026046037674,0.014751913957297802,0.00602596765384078,0.41278135776519775,0.10705031454563141,0.0,0.0017976128729060292,0.32207825779914856,0.08673723042011261,0.01194741204380989,0.05504162609577179,0.0,0.15521708130836487,0.011901089921593666,0.0,0.1265079826116562,0.005987906362861395,0.1206873431801796,0.40196722745895386,0.0,0.1352749615907669,0.40162143111228943,0.0,0.10252822935581207,0.0,0.11787089705467224,0.008428526110947132,0.28313082456588745,0.03364656865596771,0.0,0.0,0.02155080810189247,0.007732813246548176,0.004506015684455633,0.1862322837114334,0.4821726679801941,0.0031129061244428158,0.24072033166885376,0.042204245924949646,0.0016375684645026922,0.0022336714901030064,0.0,0.03137895464897156,0.04337068647146225,0.11854349821805954,0.016031237319111824,0.09558460116386414,0.0016127681592479348,0.0304611474275589,0.0,0.0,0.0058895801194012165,0.013052760623395443,0.01696246676146984,0.0,0.1214185431599617,0.0039387536235153675,0.4648456573486328,0.0,0.09630676358938217,0.0,0.16082729399204254,0.014780226163566113,0.006742637138813734,0.30595770478248596,0.04167148098349571,0.0,0.0,0.18242204189300537,0.03399788588285446,0.14045768976211548,0.005309445783495903,0.13091184198856354,0.0006473541143350303,0.03509540483355522,0.01525059249252081,0.05137168988585472,0.0778200700879097,0.002652800176292658,0.0,0.0028353272937238216,0.0,0.11522854119539261,0.0360829159617424,0.0,0.02209732122719288,0.1905989646911621,0.0,0.016865339130163193,0.2970653772354126,0.0,0.05283510684967041,0.033945053815841675,0.0,0.08900358527898788,0.06852682679891586,0.0,0.019140824675559998,0.006580173969268799,0.025483407080173492,0.12753331661224365,0.11055795848369598,0.004925786983221769,0.0161097701638937,0.018946414813399315,0.42448726296424866,0.0961662083864212,0.0,0.2322208285331726,0.0,0.14528010785579681,0.34621813893318176,0.13911156356334686,0.045733023434877396,0.04061563313007355,0.2422734647989273,0.06356099247932434,0.046293240040540695,0.4788087010383606,0.011746789328753948,0.0,0.3320809304714203,0.0,0.0,0.03689366206526756,0.009570186026394367,0.018601732328534126,0.3022392690181732,0.19833263754844666,0.04193873330950737,0.06332984566688538,0.3224172592163086,0.0217328779399395,0.06765579432249069,0.0,0.011639842763543129,0.017242496833205223,0.025458358228206635,0.017040204256772995,0.03447013348340988,0.25788044929504395,0.0,0.15944892168045044,0.022530846297740936,0.0,0.16271181404590607,0.0,0.02869284711778164,0.041115447878837585,0.02414855547249317,0.07096317410469055,0.1084132194519043,0.1314389407634735,0.0,0.20421281456947327,0.0,0.023969482630491257,0.03363464027643204,0.040891896933317184,0.02744711935520172,0.0,0.008709426037967205,0.07292038202285767,0.0,0.21079522371292114,0.16567212343215942,0.0068108271807432175,0.18690866231918335,0.01609693095088005,0.01664060354232788,0.08091340959072113,0.14387169480323792,0.20800872147083282,0.0,0.2047356367111206,0.04981009662151337,0.14184947311878204,0.2902282476425171,0.0070471810176968575,0.08393920212984085,0.03178343549370766,0.0025055718142539263,0.0,0.06448827683925629,0.11323241889476776,0.0,0.08936633169651031,0.03155864402651787,0.045772090554237366,0.06384043395519257,0.0,0.005525310058146715,0.010814712382853031,0.0006888204952701926,0.0067008924670517445,0.01245880126953125,0.009262647479772568,0.08086757361888885,0.0,0.057365428656339645,0.06596574187278748,0.4532000720500946,0.0033511947840452194,0.019252000376582146,0.040324412286281586,0.0,0.14443539083003998,0.04241938516497612,0.09842439740896225,0.09496984630823135,0.005415756721049547,0.02559303119778633,0.0653887465596199,0.013916258700191975,0.00042133330134674907,0.11022970825433731,0.028461970388889313,0.0,0.06940879672765732,0.013951683416962624,0.12155549973249435,0.1441400647163391,0.0,0.0,0.014249968342483044,0.1448647528886795,0.017676591873168945,0.5967164039611816,0.0,0.0,0.18824714422225952,0.04140227288007736,0.1665031760931015,0.18081027269363403,0.05816597491502762,0.0,0.07962216436862946,0.015372710302472115,0.18777616322040558,0.0,0.280354768037796,0.0,0.02726558968424797,0.05351061001420021,0.15834760665893555,0.16830414533615112,0.14790093898773193,0.0,0.021905679255723953,0.028341883793473244,0.0,0.0,0.0,0.13419689238071442,0.0275215283036232,0.15221938490867615,0.03128121420741081,0.29857465624809265,0.03700092434883118,0.001454985118471086,0.20711557567119598,0.037838343530893326,0.0,0.07450350373983383,0.0,0.0,0.701374888420105,0.0,0.0,0.014530780725181103,0.0,0.0,0.0029098892118781805,0.059518638998270035,0.0,0.0,0.06734004616737366,0.0,0.0,0.0,0.014925547875463963,0.08986575156450272,0.08216789364814758,0.0025338660925626755,0.0,0.0,0.0,0.0,0.0,0.0004590749740600586,0.0,0.0,0.16872669756412506,0.007306416053324938,0.17687897384166718,0.026441235095262527,0.2199268341064453,0.0,0.0,0.0,0.07044437527656555,0.002608598442748189,0.009772926568984985,0.0,0.0,0.0,0.0,0.0,0.09184551984071732,0.036428872495889664,0.0009539729217067361,0.0,0.46934211254119873,0.0,0.0,0.03713404759764671,0.004052923526614904,0.0,0.0,0.0,0.0054317377507686615,0.15989826619625092,0.07706985622644424,0.0,0.0,0.0002675128052942455,0.008298886939883232,0.0,0.0,0.07750365883111954,0.0,0.0010431016562506557,0.279450923204422,0.0,0.0,0.0,0.0,0.0,0.14762653410434723,0.0,0.10942866653203964,0.02342994697391987,0.012425592169165611,0.02596319280564785,0.0,0.010004398413002491,0.00039043306605890393,0.0,0.06603165715932846,0.0,0.0,0.08742567896842957,0.0,0.0,0.0,0.0,0.027763735502958298,0.0,0.0,0.0,0.0,0.0,0.032576754689216614,0.0,0.045412831008434296,0.0,0.0,0.11654498428106308,0.012906615622341633,0.013176387175917625,0.0,0.18226580321788788,0.0,0.0,0.0,0.07819727063179016,0.0,0.0,0.0,0.0033015001099556684,0.0012198304757475853,5.950972263235599e-05,0.0,0.0,0.00407099025323987,0.022057246416807175,0.0,0.0,0.0921013355255127,0.0,0.03125542774796486,0.047956399619579315,0.014812018722295761,0.0,0.0,0.03592205047607422,0.0,0.011324035003781319,0.0,0.0,0.03164020925760269,0.0,0.002214108593761921,0.20061835646629333,0.0,0.0,0.07662220299243927,0.26589086651802063,0.0568523183465004,0.0,0.0,0.0,0.0,0.0,0.0245392806828022,0.0,0.02103903330862522,0.0,0.0,0.04330522567033768,0.06950852274894714,0.0,0.0,0.0,0.22109992802143097,0.0029395390301942825,0.06387686729431152,0.22320827841758728,0.02319817803800106,0.0,0.0,0.0,0.014880802482366562,0.0,0.0,0.0,0.0,0.0,0.0,0.010487163439393044,0.01535723451524973,0.0,0.0,0.0,0.013133871369063854,0.018109846860170364,0.0,0.0,0.0,0.0045515429228544235,0.17482160031795502,0.01565217599272728,0.060801900923252106,0.006329116877168417,0.0,0.0048590232618153095,0.0,0.0,0.16496944427490234,0.03449941426515579,0.0,0.0024902557488530874,0.0,0.0,0.44987988471984863,0.0,0.0030397630762308836,0.0,0.0,0.0,0.0,0.03931938111782074,0.02810322493314743,0.0,0.00029356242157518864,0.0,0.0,0.10823838412761688,0.0,0.0,0.0,0.014829532243311405,0.006299296393990517,0.026380188763141632,0.0,0.06287037581205368,0.0,0.0,0.005527392495423555,0.0,0.0,0.0,0.0014281267067417502,0.00889836810529232,0.01317718718200922,0.17153622210025787,0.006936695426702499,0.0031963419169187546,0.0,0.0,0.025686712935566902,0.0,0.0076371049508452415,0.10183685272932053,0.019367631524801254,0.0,0.19627085328102112,0.05683271959424019,0.008254979737102985,0.0,0.1065310537815094,0.3383534550666809,0.0,0.01850658468902111,0.08310859650373459,0.0,0.0,0.009915607050061226,0.0,0.0,0.0,0.0,0.09853844344615936,0.0,0.06765339523553848,0.0,0.1264113187789917,0.023224616423249245,0.05053967610001564,0.026195527985692024,0.0,0.0,0.0,0.005897842813283205,0.007189586292952299,0.0,0.0005934751243330538,0.18065710365772247,0.007200500462204218,0.027525825425982475,0.0,0.0,0.0,0.0,0.0,0.03526684641838074,0.0,0.0,0.0,0.4946814775466919,0.008950578048825264,0.010252820327877998,0.0,0.17233866453170776,0.0,0.0,0.006103609688580036,0.017299216240644455,0.01360992155969143,0.08949321508407593,0.0,0.0,0.0,0.0,0.0,0.0,0.0049694599583745,0.009123572148382664,0.0,0.012187940068542957,0.0,0.0579775907099247,0.03414348512887955,0.01078407559543848,0.0,0.0,0.0,0.0,0.0,0.0011432766914367676,0.0,0.0,0.0,0.0,0.14102233946323395,0.018395060673356056,0.0,0.0,0.0,0.0,0.028040360659360886,0.0,0.0,0.013420096598565578,0.0,0.0,0.00967970211058855,0.0,0.0,0.09115339070558548,0.00401974655687809,0.16001228988170624,0.008831164799630642,0.0,0.23423950374126434,0.0002562610025051981,0.16233153641223907,0.0015018368139863014,0.0,0.1335913985967636,0.005064121913164854,0.022448664531111717,0.07750124484300613,0.0,0.04002295807003975,0.0,0.0,0.0,0.0,0.0,0.0,0.06335057318210602,0.0,0.07588346302509308,0.0,0.0,0.0,0.07764449715614319,0.0009725072304718196,0.0,0.0,0.0,0.05460859462618828,0.09815207123756409,0.0,0.0,0.052611980587244034,0.05330296978354454,0.0,0.0,0.005240625236183405,0.0392155684530735,0.0020025086123496294,0.0,0.46448397636413574,0.05158049613237381,0.024249568581581116,0.0,0.019818700850009918,0.0,0.12354625761508942,0.0,0.0,0.006757506635040045,0.0015183824580162764,0.01541711762547493,0.18082381784915924,0.1503293663263321,0.03971042111515999,0.0,0.010587906464934349,0.10015222430229187,0.007192342076450586,0.0,0.00686770910397172,0.05107909068465233,0.0,0.021914662793278694,0.00011131346400361508,0.08607051521539688,0.0,0.24064314365386963,0.0,0.0,0.0023670548107475042,0.23906147480010986,0.08455388247966766,0.0,0.006816258653998375,0.5793224573135376,0.0,0.05437825992703438,0.0,0.01593727432191372,0.0,0.0,0.0,0.025054877623915672,0.2837997376918793,0.0,0.15757371485233307,0.0,0.0,0.006484366487711668,0.00535814743489027,0.0,0.0040001701563596725,0.007275954354554415,0.0,0.2425214648246765,0.10507787764072418,0.0,0.0,0.010319458320736885,0.07342781871557236,0.0018782825209200382,0.43117082118988037,0.0,0.0,0.0,0.10356378555297852,0.0,0.1216702088713646,0.1367703676223755,0.07850629836320877,0.17125360667705536,0.01637071557343006,0.0,0.007208004128187895,0.03395363688468933,0.04601333662867546,0.029723048210144043,0.0,0.0,0.2155771404504776,0.008690319024026394,0.04327718913555145,0.0,0.020450321957468987,0.057106904685497284,0.27874723076820374,0.0,0.04191574081778526,0.033684659749269485,0.03955116868019104,0.003403991460800171,0.0,0.0,0.061399202793836594,0.0,0.0017433911561965942,0.12729805707931519,0.05137518048286438,0.026919040828943253,0.0,0.015242216177284718,0.0,0.0,0.028532320633530617,0.0819719210267067,0.05972204729914665,0.0,0.18570946156978607,0.0,0.0,0.0,0.0025509872939437628,0.09749490767717361,0.2321423590183258,0.021781954914331436,0.10938534140586853,0.04559491202235222,0.0,0.0,0.0,0.0,0.0,0.0,0.002032464137300849,0.0,0.0,0.04408518970012665,0.16109652817249298,0.0,0.00281337252818048,0.02559213899075985,0.009020992554724216,0.0,0.24321986734867096,0.0,0.0,0.03508494794368744,0.04864099994301796,0.0,0.03994743898510933,0.005578200798481703,0.26642102003097534,0.0,0.0,0.49368855357170105,0.0,0.051291171461343765,0.0007615202921442688,0.0,0.0,0.0,0.016783419996500015,0.03200723975896835,0.0,0.10650614649057388,0.0,0.0,0.0018404567381367087,0.0,0.005579341668635607,0.011386768892407417,0.0,0.002802243223413825,0.0022159696090966463,0.005164581350982189,0.0,0.0,0.289450466632843,0.0,0.0,0.0,0.0,0.0,0.0,0.5990405678749084,0.08181808143854141,0.0046934569254517555,0.01665448024868965,0.06451074779033661,0.0,0.004841513466089964,0.0,0.22013244032859802,0.0261769387871027,0.058688435703516006,0.019932523369789124,0.014981646090745926,0.006917185615748167,0.00845013465732336,0.14147478342056274,0.0,0.0,0.0,0.15408167243003845,0.025966238230466843,0.10130998492240906,0.019979210570454597,0.0549815408885479,0.03133366256952286,0.0,0.4649287462234497,0.0,0.0,0.0404951386153698,0.015380775555968285,0.08041449636220932,0.0,0.0036958176642656326,0.0,0.09603296220302582,0.13695241510868073,0.0,0.08270085602998734,0.031046204268932343,0.10554606467485428,0.0,0.03703581914305687,0.36556410789489746,0.010296124964952469,0.17238564789295197,0.08911740034818649,0.18722547590732574,0.11057455092668533,0.03152681514620781,0.10445152223110199,0.17088140547275543,0.03391917049884796,0.19434672594070435,0.0,0.0,0.41914117336273193,0.025486692786216736,0.0,0.036526598036289215,0.0,0.0,0.07248026877641678,0.0073095750994980335,0.006376359611749649,0.0,0.0,0.0034897143486887217,0.000832047313451767,0.23780423402786255,0.08048404008150101,0.0,0.0,0.012568674050271511,0.0,0.007072014734148979,0.0924840047955513,0.005471417680382729,0.13429781794548035,0.0,0.1419885903596878,0.0,0.015444454737007618,0.052632369101047516,0.0,0.03250415623188019,0.0,0.047231826931238174,0.16563986241817474,0.0,0.08287528902292252,0.020737361162900925,0.125405415892601,0.0,0.09096609055995941,0.037122536450624466,0.007130871526896954,0.0,0.2580311894416809,0.0,0.0,0.006960825528949499,0.5514965653419495,0.18777363002300262,0.0,0.03950992599129677,0.3296615183353424,0.0,0.009822563268244267,0.0,0.2733011543750763,0.0,0.056139346212148666,0.0,0.0,0.0,0.0,0.11444496363401413,0.0,0.0,0.1486688107252121,0.03731323406100273,0.0,0.0,0.21397262811660767,0.002194752683863044,0.012553656473755836,0.013116886839270592,0.025425884872674942,0.07322739064693451,0.026954688131809235,0.011010493151843548,0.06749651581048965,0.0,0.0,0.3232274353504181,0.0,0.0,0.035038016736507416,0.07126673310995102,0.09530641883611679,0.0,0.0896226242184639,0.0,0.0,0.3350529074668884,0.0054467893205583096,0.0,0.028643278405070305,0.0,0.0,0.04303038492798805,0.4369303584098816,0.0,0.0,0.2951599657535553,0.052086953073740005,0.029511528089642525,0.05963456630706787,0.0,0.07444820553064346,0.02183893881738186,0.0,0.0,0.0,0.05166510492563248,0.0,0.0,0.007362965494394302,0.06435388326644897,0.07595955580472946,0.00629075663164258,0.17214012145996094,0.0,0.0498635433614254,0.033043958246707916,0.0,0.18549183011054993,0.009051579982042313,0.00873823743313551,0.12564760446548462,0.0,0.0,0.12481353431940079,0.022034408524632454,0.0104193901643157,0.01612311415374279,0.4567221701145172,0.08499832451343536,0.06667175889015198,0.0,0.044193610548973083,0.19882404804229736,0.061191439628601074,0.07113602012395859,0.0,0.053466249257326126,0.012996532954275608,0.03289598599076271,0.03304773569107056,0.0815289318561554,0.32718634605407715,0.0,0.4624997079372406,0.0,0.004449057392776012,0.031748782843351364,0.3061297535896301,0.16444700956344604,0.15684422850608826,0.11938659846782684,0.0,0.01592688076198101,0.017778797075152397,0.01648571714758873,0.0,0.028030171990394592,0.028209254145622253,0.0,0.0,0.0017408430576324463,0.0,0.17288996279239655,0.0,0.0,0.08909241855144501,0.04072140157222748,0.24030646681785583,0.0,0.0,0.005851492751389742,0.0,0.0,0.0,0.41414913535118103,0.0,0.0,0.0,0.0,0.1959717869758606,5.893111301702447e-05,0.0,0.0,0.07630331069231033,0.001530034583993256,0.015097951516509056,0.21658477187156677,0.3756134510040283,0.0,0.005369235295802355,5.128920020069927e-05,0.04970012605190277,0.0,0.0,0.0,0.0,0.018263155594468117,0.008665749803185463,0.0,0.010599098168313503,0.011672742664813995,0.006296963896602392,0.15483972430229187,0.16595759987831116,0.0,0.003533903742209077,0.0,0.0001828658569138497,0.0,0.34077388048171997,0.022605855017900467,0.2769905924797058,0.0,0.0617050901055336,0.005352124571800232,0.006830053403973579,0.0,0.04419229179620743,0.0,0.03510674089193344,0.006435236893594265,0.017338542267680168,0.027103906497359276,0.0,0.018179673701524734,0.0,0.0803777277469635,0.0,0.048726946115493774,0.03292420506477356,0.0,0.0,0.0,0.0,0.0,0.9341026544570923,0.15261335670948029,0.0,0.0,0.02283317595720291,0.0,0.0,0.03501936048269272,0.09577567875385284,0.0,0.0,0.6368191242218018,0.0,0.0,0.0,0.010282265022397041,0.0,0.0,0.0,0.0,0.0,0.0,0.0,0.527671217918396,0.030134523287415504,0.0,0.06533796340227127,0.0,0.01993153803050518,0.00040461085154674947,0.0,0.0,0.0,0.005531353875994682,0.26485005021095276,0.019871020689606667,1.251511812210083,0.0,0.0073145306669175625,0.009415498934686184,0.0,0.0,0.015293080359697342,2.287076950073242,0.01229375135153532,0.0,0.003447266761213541,0.03739346191287041,0.0,0.0,0.0,0.02803202159702778,0.004849178716540337,0.0,0.47973117232322693,0.0,0.010288575664162636,0.024164142087101936,0.0,0.0,0.0,0.05808360129594803,0.2760026156902313,0.03406115621328354,0.0,0.14032959938049316,0.0,0.0,0.0,0.0,0.0,0.12304005026817322,0.0069200932048261166,0.02026332914829254,0.0,0.0,0.15488530695438385,0.01737825945019722,0.009298939257860184,0.028065253049135208,0.4465281367301941,0.0,0.007488137576729059,0.16466404497623444,0.003645096905529499,0.019658129662275314,0.0,0.0038755673449486494,0.0,0.043004799634218216,0.0,0.011125470511615276,0.0,0.0,0.0,0.0006591701530851424,0.0,0.07043244689702988,0.04498488828539848,1.0655988454818726,0.0,0.03841087967157364,0.0006885278271511197,0.007959824986755848,0.06959164887666702,0.0,0.03463201969861984,0.0,0.0,0.4191358983516693,0.0,0.02046484872698784,0.0,0.0,0.0,0.0,0.029156725853681564,0.0042817117646336555,0.0,0.0013108006678521633,0.0,0.0,0.0,0.006312180310487747,0.0032974982168525457,0.0,0.0,0.0017608669586479664,0.0,0.01190718449652195,0.23430056869983673,0.0,0.05211876705288887,0.0,0.0,0.0,0.010796216316521168,0.0,0.05363340303301811,0.0,0.0009925675112754107,0.029081804677844048,0.012388271279633045,0.0,0.0,0.015366856940090656,0.06285003572702408,0.0,0.09796810895204544,0.01455592643469572,0.0,0.010838057845830917,0.0,0.01895383559167385,0.0,0.021045036613941193,0.0,0.0,0.0,0.01758965663611889,0.0,0.0,0.0,0.016914300620555878,0.011440255679190159,0.0006263363175094128,0.27050837874412537,0.08330993354320526,0.0,0.0,0.0,0.004157327581197023,0.05372453108429909,0.0,0.01683557964861393,0.11826515942811966,0.023535924032330513,0.0,0.027879679575562477,0.0,0.028212644159793854,0.0,0.0,0.0,0.0716889500617981,0.19172075390815735,0.031870003789663315,0.0,0.031871769577264786,0.3147735893726349,0.01084604300558567,0.0009782291017472744,0.0,0.28781092166900635,0.09875055402517319,0.029625030234456062,0.05158787593245506,0.0,0.0,1.0760219097137451,0.4502549469470978,0.08342412114143372,0.0,0.0,0.001374022918753326,0.0,0.0,0.007820800878107548,0.011037584394216537,0.5546576380729675,0.007879707030951977,0.12338189035654068,0.0,0.0,0.0,0.011371881701052189,0.05996141582727432,0.0,0.0,0.08847089856863022,0.1608360856771469,0.0,0.027846291661262512,0.28157421946525574,0.014636197127401829,0.4224296510219574,0.06676149368286133,0.0,0.30057597160339355,0.046795591711997986,0.03062697872519493,0.0,0.3615100383758545,0.019643789157271385,0.0,0.0,0.004305645823478699,0.0,0.0,0.1367669701576233,0.0,0.0,0.23243916034698486,0.018919553607702255,0.0,0.0,0.09959258884191513,0.014818179421126842,0.0,0.0,0.0,0.0,0.07326129078865051,0.015271016396582127,0.0,0.0,0.03377380222082138,0.0037184907123446465,0.0,0.006885852664709091,0.0,0.0,0.0,0.000255987630225718,0.0,0.28335267305374146,0.0,0.0,0.02149130590260029,0.0,0.13687223196029663,0.0,0.0,0.0018035817192867398,0.0,0.0625273734331131,0.0036174035631120205,0.0,0.0,0.0,0.00019834339036606252,0.0,0.0,0.0,0.0,0.0,0.0,0.0,0.01735425740480423,0.0,0.0,0.0,0.060630157589912415,0.014986450783908367,0.017596371471881866,0.015993930399417877,0.06280568987131119,0.0,0.020741889253258705,0.0,0.11587279289960861,0.002404227154329419,0.03219647705554962,0.05802491307258606,0.09986145049333572,0.0,0.0,0.0,0.004191466607153416,0.0015041208826005459,0.23090507090091705,0.03390057384967804,0.01362428069114685,0.0,0.030866317451000214,0.04578649625182152,0.052571315318346024,0.0,0.009065890684723854,0.0,0.0,0.055780474096536636,0.09078189730644226,0.0,0.003103159600868821,0.0,0.03130907192826271,0.018820947036147118,0.06326387822628021,0.027189768850803375,0.0,0.0,0.14209799468517303,0.0934867113828659,0.017488043755292892,0.0020181762520223856,0.0,0.0167962908744812,0.0,0.604041576385498,0.020903434604406357,0.019916636869311333,0.0,0.1415356695652008,0.09186457842588425,0.03940054401755333,0.0,0.0756320208311081,0.0,0.0,0.2682964503765106,0.2064858227968216,0.00020641565788537264,0.0842222198843956,0.0,0.7986834645271301,0.0,0.0,0.005221658851951361,0.012774944305419922,0.0,0.0,0.0,0.0,0.03509698063135147,0.009754733182489872,0.24086903035640717,0.0,0.10291101783514023,0.0,0.0,0.00701233372092247,0.11168625950813293,0.2308584451675415,0.0,0.0292509738355875,0.09032318741083145,0.0,0.04304561764001846,0.0,0.0,0.0,0.09740922600030899,0.03926289454102516,0.0,0.0,0.023622388020157814,0.22466351091861725,0.0031675719656050205,0.0,0.0,0.042129673063755035,0.08383885025978088,0.0010382533073425293,0.003542131744325161,0.0,0.01666676439344883,0.0,0.0008966433815658092,0.017151277512311935,0.1046062558889389,0.0,0.08454575389623642,0.0,0.07615819573402405,0.705382227897644,0.04120912402868271,0.062239497900009155,0.00510531198233366,0.038175176829099655,0.03039327636361122,0.0,0.0,0.00015461444854736328,0.03027726709842682,0.029743414372205734,0.037182677537202835,0.0,0.021084727719426155,0.003828338347375393,0.42001423239707947,0.12023355811834335,0.0,0.0633181482553482,0.0014606559416279197,0.1938897967338562,0.2937401831150055,0.045872677117586136,0.03238474950194359,0.5536622405052185,0.029391197487711906,0.7362703680992126,0.0567292794585228,0.00042322397348470986,0.0,0.0,0.08815744519233704,0.0,0.06136959046125412,0.0,0.0,0.018723076209425926,0.0,0.03825788199901581,1.2738869190216064,0.13510051369667053,0.023903360590338707,0.0,0.07092645019292831,0.0,0.04764138162136078,0.024308817461133003,0.003462388413026929,0.0,0.4043543338775635,0.053812675178050995,0.04775466397404671,0.020688004791736603,0.0,0.0,0.05263650789856911,0.0,0.0948251411318779,0.07010190188884735,0.0,0.2151145040988922,0.0,0.038395896553993225,0.0,0.0009828114416450262,0.0025202762335538864,0.0,0.6656017303466797,0.39632704854011536,0.0,0.06291282922029495,0.19434095919132233,0.03675244748592377,0.16268537938594818,0.002020263345912099,0.01876203715801239,0.012173917144536972,0.007925596088171005,0.0,0.0,0.013398976065218449,0.0,0.0471305176615715,0.0,0.07198815047740936,0.1232018694281578,0.025081509724259377,0.0,0.032702647149562836,0.03367101773619652,0.02343425713479519,0.1875782012939453,0.012526699341833591,0.0,0.14343143999576569,0.0,0.012580862268805504,0.08062507957220078,0.0,0.05586825683712959,0.00663522956892848,0.003480249550193548,0.0,0.4178827404975891,0.0,0.09510398656129837,0.01307770237326622,0.0,0.0,0.0,0.006471846252679825,0.0,0.0,0.014670901000499725,0.031984779983758926,0.023140599951148033,0.0,0.004650156479328871,0.0,0.6986636519432068,0.09209214150905609,0.010561521165072918,0.2218380868434906,0.0876689925789833,0.0,0.0030388236045837402,0.0,0.0185215026140213,0.0,0.00804805662482977,0.04186367988586426,0.0,0.002037044847384095,0.0,0.00423227297142148,0.0,0.008871842175722122,0.0,0.10428762435913086,0.04726914316415787,0.029534589499235153,0.021423162892460823,0.12207560241222382,0.0676686018705368,0.01146207470446825,0.14470860362052917,0.050060369074344635,0.00034332514042034745,0.05821436271071434,0.0,0.005022257566452026,0.0,0.026795389130711555,0.0015226984396576881,0.0,0.12283219397068024,0.1999511867761612,0.0,0.0,0.0,0.04361434280872345,0.0,0.0,0.0376407764852047,0.012149769812822342,0.0,0.05974052473902702,0.01812984049320221,0.005325923673808575,0.02485485002398491,0.0,0.0,0.006485178600996733,0.004150414373725653,0.030676132068037987,0.2239452302455902,0.007650522980839014,0.4004055857658386,0.02802266925573349,0.01765722967684269,0.17832617461681366,0.0,0.02071840688586235,0.0,0.0,0.0,0.003626700723543763,0.12550683319568634,0.43555107712745667,0.0,0.00357835297472775,0.0,0.0,0.016269294545054436,0.0,0.0003191280411556363,0.0,0.0,0.41682547330856323,0.0,0.04070618748664856,0.0,0.0,0.19264331459999084,0.01105489581823349,0.0,0.0,0.0,0.23674419522285461,0.020264964550733566,0.03772792965173721,0.0,0.0,0.015592609532177448,0.0205432940274477,0.0,0.0,0.06250622868537903,0.01248180866241455,0.021604470908641815,0.02210666425526142,0.0,0.0,0.047176018357276917,0.0,0.03264131024479866,0.0,0.0,0.013652434572577477,0.04580162465572357,0.07938087731599808,0.0,0.040855154395103455,0.09348725527524948,0.03518151119351387,0.0,0.06577511131763458,0.6926498413085938,0.00900913868099451,0.27250567078590393,0.059653330594301224,0.16610629856586456,0.026946894824504852,0.3333713412284851,0.0,0.006775114685297012,0.0,0.04870007187128067,0.014348132535815239,0.011493918485939503,0.0,0.03248438239097595,0.0,0.040315113961696625,0.011788900010287762,0.01316298171877861,0.000517378153745085,0.43904414772987366,0.03141537681221962,0.07829868048429489,0.0,0.0,0.044259995222091675,0.008948580361902714,0.05327223241329193,0.024121904745697975,0.0,0.005408089142292738,0.017674079164862633,0.0,0.007676944602280855,0.06464669108390808,0.0026279687881469727,0.005327234044671059,0.004115581512451172,0.052974194288253784,0.016708070412278175,0.04193982481956482,0.0,0.0,0.0006876337574794888,0.07543209940195084,0.06744503974914551,0.7203465104103088,0.0,0.0,0.0,0.0,0.0,0.04765665903687477,0.0,0.0,0.0,0.0,0.0,0.00839812308549881,0.16545794904232025,0.0,0.010546905919909477,0.22763994336128235,0.046550069004297256,0.20706872642040253,0.019832197576761246,0.07279303669929504,0.0,0.1492447406053543,0.0,0.0,0.01960833929479122,0.011741694062948227,0.00823062751442194,0.0,0.3631676137447357,0.0,0.0,0.09402132779359818,0.0,0.0010888635879382491,0.0,0.0,0.0,0.0,0.005114368628710508,0.0388205423951149,0.017714770510792732,0.0,0.0,0.01881694607436657,0.010997218079864979,0.0,0.0001606416772119701,0.1187279224395752,0.015093193389475346,0.08646126091480255,0.09058183431625366,0.0,0.033442333340644836,0.0,0.0020845031831413507,0.0,0.19572271406650543,0.0,0.0,0.05593516677618027,0.0,0.012486324645578861,0.0,0.0,0.03774617239832878,0.0,0.0,0.0,0.0,0.0,0.0,0.017294390127062798,0.006872702855616808,0.012264988385140896,0.506763219833374,0.0,0.009835312142968178,0.002835166407749057,0.0,0.0,0.19690383970737457,0.0,0.11200489848852158,0.36560115218162537,0.0,0.0,0.018313074484467506,0.0,0.0,0.0,0.0,0.38634616136550903,0.0,0.0,0.0,0.0,0.0,0.41488197445869446,0.12288358062505722,0.015490350313484669,0.0,0.0033426738809794188,0.09360796958208084,0.3354230225086212,0.0,0.0,0.005524762440472841,0.0,0.0,0.0,0.0,0.0,0.007139154709875584,0.0,0.0,0.0,0.0,0.2757731080055237,0.0,0.016556523740291595,0.05410483852028847,0.0035371100530028343,0.0,0.24649755656719208,0.13303694128990173,0.0015987786464393139,0.08789443224668503,0.0013388454681262374,0.0,0.0,0.0049236249178647995,0.06517310440540314,0.0,0.0,0.03237026184797287,0.0,0.007461933884769678,0.02429160848259926,0.010953199118375778,0.0,0.0013094448950141668,0.015346873551607132,0.18728238344192505,0.007201462984085083,0.015144518576562405,0.060092806816101074,0.0,0.055251430720090866,0.030809316784143448,0.07812464237213135,0.0240673515945673,0.0,0.0,0.006434359587728977,0.06800077110528946,0.0022325003519654274,0.0,0.029120471328496933,0.0,0.02118700183928013,0.0,0.0,0.0,0.0,0.004156193695962429,0.006656673736870289,0.00164096150547266,0.0,0.0,0.08363005518913269,0.07912535220384598,0.06803121417760849,0.009024646133184433,0.020732885226607323,0.0,0.0,0.0,0.27297744154930115,0.0,0.06188107654452324,0.056395024061203,0.0066788075491786,0.0,0.38513511419296265,0.0,0.017548298463225365,0.0
0.0,0.009706947021186352,0.3409634530544281,0.004549889359623194,0.0,0.0,0.028305333107709885,0.015021736733615398,0.0004963946412317455,0.07500359416007996,6.089210364734754e-05,0.0782359316945076,0.013691399246454239,0.2836747467517853,0.10390967130661011,0.17864228785037994,0.006589864380657673,0.0146985724568367,0.0,0.23961171507835388,0.057362090796232224,0.0,0.0329512394964695,0.18175220489501953,0.05075342580676079,0.11942397058010101,0.0,0.0,0.0,0.0,0.4644445478916168,0.11499094218015671,0.0005085492157377303,0.0,0.23786939680576324,0.19640862941741943,0.002409133827313781,0.05314929038286209,0.0,0.11941442638635635,0.32535988092422485,0.0,0.004359508864581585,0.11915195733308792,0.45581763982772827,0.015805454924702644,0.039841726422309875,0.0,0.27125081419944763,0.0,0.0,0.2180015593767166,0.0,0.14630334079265594,0.03763680160045624,0.0,0.0,0.0,0.10785065591335297,0.008851060643792152,0.003984913695603609,0.4413990080356598,0.07633692026138306,0.0,0.010874258354306221,0.31600046157836914,0.11735278367996216,0.015867728739976883,0.03475430607795715,0.005225351080298424,0.2280060350894928,0.022055091336369514,0.0148704769089818,0.1530601531267166,0.0,0.08181200176477432,0.4051584303379059,0.0029367946553975344,0.19057729840278625,0.42291563749313354,0.0,0.07428180426359177,0.0,0.04753635451197624,0.010540835559368134,0.2710327208042145,0.044210098683834076,0.0,0.0,0.028020864352583885,0.02110566385090351,0.006894607562571764,0.22248943150043488,0.5175198912620544,0.0,0.1857059895992279,0.037678010761737823,0.0,0.0,0.0,0.019941382110118866,0.041930168867111206,0.15739339590072632,0.011888768523931503,0.049346696585416794,0.00865690503269434,0.02089284360408783,0.0,0.008616757579147816,0.0,0.04542781785130501,0.02887219376862049,0.00025347949122078717,0.15513843297958374,0.003991672769188881,0.47060784697532654,0.0,0.10052219033241272,0.0,0.1587969809770584,0.017922453582286835,0.0,0.31593090295791626,0.038338709622621536,0.011476385407149792,0.0028896236326545477,0.18504196405410767,0.031134404242038727,0.13985270261764526,0.0014678430743515491,0.10757511109113693,0.0,0.037539876997470856,0.0009408020996488631,0.04042156785726547,0.07855899631977081,0.006097827106714249,0.0,0.003645343706011772,0.0,0.09541471302509308,0.038036614656448364,0.0,0.02082819864153862,0.20436102151870728,0.0,0.01632087677717209,0.2936941981315613,0.01585940644145012,0.06658773124217987,0.07675103843212128,0.0,0.08134779334068298,0.10094618797302246,0.0,0.027093810960650444,0.014521016739308834,0.02662297524511814,0.11914916336536407,0.10089796036481857,0.010799070820212364,0.018775857985019684,0.02004905231297016,0.40644168853759766,0.09838513284921646,0.0,0.2465861439704895,0.0,0.13380402326583862,0.3774370849132538,0.11522893607616425,0.030542783439159393,0.09483776241540909,0.2208915650844574,0.06675896048545837,0.04416839778423309,0.5525692105293274,0.01656353287398815,0.0,0.3468818962574005,0.0,0.0032876944169402122,0.02600737288594246,0.014938321895897388,0.02536948025226593,0.33353573083877563,0.16014553606510162,0.036778513342142105,0.07092443853616714,0.24481283128261566,0.038116902112960815,0.07584864646196365,0.0,0.010885324329137802,0.02080349624156952,0.010881807655096054,0.04690481722354889,0.02136317268013954,0.2447851002216339,0.0034340478014200926,0.1389075517654419,0.026908695697784424,0.0,0.18664303421974182,0.0,0.015002178959548473,0.05026215687394142,0.011207737028598785,0.044375915080308914,0.0779026448726654,0.14923083782196045,0.006675605662167072,0.22562816739082336,0.0,0.041481006890535355,0.01897783763706684,0.052747610956430435,0.02751411870121956,0.0,0.014471917413175106,0.0740426629781723,0.008666262961924076,0.17083095014095306,0.1476469188928604,0.007874837145209312,0.21911418437957764,0.01408895943313837,0.0036375094205141068,0.0656399130821228,0.1171022579073906,0.15638373792171478,0.0,0.18793895840644836,0.05976773425936699,0.12038816511631012,0.2578825354576111,0.02857503853738308,0.11162107437849045,0.024223750457167625,0.0,0.0,0.06420136988162994,0.04779069870710373,0.0,0.07613769173622131,0.03708531707525253,0.07061269879341125,0.07428295910358429,0.0,0.005952360574156046,0.008863803930580616,0.008392984978854656,0.0022672987543046474,0.0069790673442184925,0.005596184637397528,0.08186953514814377,0.0,0.07779490202665329,0.04866413027048111,0.44267189502716064,0.0,0.0,0.014049694873392582,0.0,0.1320762038230896,0.03382500633597374,0.08633632957935333,0.04806433618068695,0.006453299429267645,0.030109399929642677,0.09463825076818466,0.013483142480254173,0.0034131957218050957,0.12534235417842865,0.05747605860233307,0.0,0.04247100651264191,0.016861047595739365,0.15631498396396637,0.20477893948554993,0.013308701105415821,0.0,0.019877875223755836,0.18692758679389954,0.032644495368003845,0.683799147605896,0.0,0.002330968389287591,0.17452821135520935,0.037316612899303436,0.12275729328393936,0.12687402963638306,0.05205713212490082,0.0,0.029450740665197372,0.019307980313897133,0.1927812695503235,0.0,0.28292110562324524,0.0,0.025809498503804207,0.039796747267246246,0.19762447476387024,0.0866500735282898,0.1526929885149002,0.0023994874209165573,0.0,0.020100466907024384,0.0,0.0,0.0,0.13420705497264862,0.018574196845293045,0.19968047738075256,0.02382759004831314,0.3448212742805481,0.036836881190538406,0.0077902390621602535,0.17690043151378632,0.037077322602272034,0.0,0.04011651501059532,0.0,0.0,0.6687985062599182,0.0,0.0,0.0,0.0,0.0,0.0,0.04487425833940506,0.0,0.0,0.0449504517018795,0.0,0.0,0.0,0.010729496367275715,0.0858340859413147,0.04908270761370659,0.0019790148362517357,0.0,0.0,0.0,0.0,0.0,0.003034558380022645,0.0,0.0,0.22003018856048584,0.0,0.12076514214277267,0.04269864410161972,0.29579389095306396,0.0,0.0,0.0,0.08061008155345917,0.005846089217811823,0.0048764171078801155,0.0,0.0,0.0,0.0,0.0,0.09104587882757187,0.038326445966959,0.0009590345434844494,0.0,0.567282497882843,0.0,0.0,0.04222487285733223,0.007385178003460169,0.0,0.000748994352761656,0.0,0.005849943961948156,0.13317804038524628,0.04265855625271797,0.0,0.0,0.0038670063950121403,0.00529153598472476,0.0,0.0,0.05115582421422005,0.0,0.0,0.22019100189208984,0.0,0.0,0.0,0.0,0.0,0.16149389743804932,0.0,0.116269052028656,0.044622212648391724,0.0,0.021764464676380157,0.0,0.0044868155382573605,0.02503078617155552,0.0,0.026506710797548294,0.0,0.0,0.019854843616485596,0.0,0.0,0.0,0.0,0.0071362899616360664,0.0012223839294165373,0.0,0.0,0.0,0.0,0.03609685227274895,0.0,0.06336525082588196,0.0,0.01800910010933876,0.11930514127016068,0.0093606635928154,0.015355599112808704,0.012089238502085209,0.1286272257566452,0.0,0.009533116593956947,0.0,0.09643636643886566,0.0,0.0,0.0,0.04186873510479927,0.0,0.0,0.0,0.0,0.004030774813145399,0.027446746826171875,0.0,0.0,0.07611781358718872,0.0,0.016310805454850197,0.04462870955467224,0.0017255604034289718,0.0,0.0,0.04488825798034668,0.0,0.007643733639270067,0.0,0.0,0.028935227543115616,0.0,0.0,0.21855758130550385,0.0,0.0,0.1053570955991745,0.23898173868656158,0.02852172777056694,0.0,0.0,0.0,0.0,0.0,0.022078515961766243,0.0,0.0281913373619318,0.0,0.0,0.04215628281235695,0.0027031302452087402,0.0,0.0,0.0,0.1478821188211441,0.006069130729883909,0.05736422911286354,0.16880793869495392,0.007301886100322008,0.0,0.0,0.0,0.036730505526065826,0.0,0.0,0.0,0.0,0.0,0.0,0.018057871609926224,0.046005211770534515,0.0,0.0,0.0,0.024605706334114075,0.05393459275364876,0.008878078311681747,0.0,0.0,0.006076273508369923,0.17646600306034088,0.020604509860277176,0.039955779910087585,0.012044183909893036,0.0,0.004147146828472614,0.0,0.0008829517755657434,0.17871789634227753,0.04111204296350479,0.0,0.013968491926789284,0.0,0.0,0.46850162744522095,0.0,0.003046963131055236,0.0,0.0,0.0,0.0,0.03197000175714493,0.013308797031641006,0.0,0.003646395169198513,0.00019345938926562667,0.0,0.09217899292707443,0.0,0.0,0.0,0.014583634212613106,0.00084062380483374,0.07377810031175613,0.0,0.08572511374950409,0.0,0.0,0.006417551077902317,0.0,0.0010657035745680332,0.0,0.00551044475287199,0.0569622628390789,0.011572053655982018,0.23713818192481995,0.0,0.003824613057076931,0.0,0.0,0.02002558670938015,0.0,0.0014235377311706543,0.1217069998383522,0.11930219829082489,0.0,0.20552130043506622,0.0979793444275856,0.0,0.0,0.06355232000350952,0.27427396178245544,0.0,0.046794090420007706,0.10438761860132217,0.0,0.0,0.0088243018835783,0.0,0.0035234345123171806,0.0,0.0009496545535512269,0.14744628965854645,0.0,0.04246477037668228,0.0,0.21727246046066284,0.03008522093296051,0.10539416968822479,0.01496951375156641,0.0,0.0,0.0,0.0,0.0006608891417272389,0.0,0.01043254416435957,0.19209256768226624,0.005371564999222755,0.035772904753685,0.0,0.0,0.0,0.0,0.0,0.02553672157227993,0.0,0.0,0.0,0.48361510038375854,0.009490685537457466,0.06314879655838013,0.0,0.1359563022851944,0.0,0.0,0.0,0.014702626504004002,0.017076626420021057,0.06922207027673721,0.0,0.0,0.0,0.0,0.0,0.0,0.02382436767220497,0.0031761163845658302,0.0,0.0052696717903018,0.0,0.09920591115951538,0.03705201670527458,0.01570533588528633,0.0,0.0,0.0,0.0,0.0,0.0014619827270507812,0.0,0.0,0.0,0.0,0.14777255058288574,0.018081460148096085,0.0,0.0,0.0,0.0,0.03190111741423607,0.0,0.0,0.016584282740950584,0.0,0.0,0.005300621502101421,0.0,0.0,0.08031924068927765,0.00396181084215641,0.1296471208333969,0.026783211156725883,0.0,0.2223873883485794,0.009626965969800949,0.1315048635005951,0.0056146858260035515,0.0010944486130028963,0.11607884615659714,0.0,0.04010838642716408,0.08135416358709335,0.0,0.056892309337854385,0.00322233815677464,0.0,0.0,0.0,0.0,0.0,0.0022681073751300573,0.0,0.05903778225183487,0.0,0.0,0.0,0.0777076855301857,0.008242503739893436,0.0,0.0,0.0,0.02074555680155754,0.1337149739265442,0.03339642658829689,0.0029225749894976616,0.048745039850473404,0.05935618281364441,0.0,0.0,0.0035065761767327785,0.053939830511808395,0.0,0.0,0.3774254322052002,0.06310372054576874,0.025911273434758186,0.0,0.04641076922416687,0.0,0.1591484695672989,0.0,0.0,0.0,0.008574292995035648,0.02503562718629837,0.17622503638267517,0.10926079005002975,0.041297636926174164,0.0,0.001197064178995788,0.07849768549203873,0.00693744421005249,0.00222265487536788,0.0,0.034495141357183456,0.007342493627220392,0.01310253981500864,0.0,0.03367539867758751,0.0,0.22797490656375885,0.0,0.0,0.002023326698690653,0.2995566427707672,0.06976351141929626,0.0,0.0,0.5848118662834167,0.0,0.027254199609160423,0.0,0.0051601906307041645,0.0,0.0,0.0,0.007787206210196018,0.20318488776683807,0.0,0.12529580295085907,0.0,0.0,0.005340992007404566,0.006484267767518759,0.0,0.00011819839710369706,0.0035906373523175716,0.001474670716561377,0.2866436541080475,0.07573086768388748,0.0,0.0,0.00010561644739937037,0.09405702352523804,0.0014788551488891244,0.3460114002227783,0.0,0.0,0.002040999010205269,0.04458270221948624,0.0,0.11625129729509354,0.061117421835660934,0.07406321167945862,0.12616704404354095,0.01875542849302292,0.0014982175780460238,0.008151191286742687,0.03584093227982521,0.04460093006491661,0.020948059856891632,0.0,0.0,0.2140887826681137,0.012398505583405495,0.05390511453151703,1.0099709470523521e-05,0.01838272251188755,0.08396352827548981,0.25981980562210083,0.0034520255867391825,0.03652234375476837,0.07341408729553223,0.04559606686234474,0.0,0.0,0.0,0.05301855877041817,0.0,0.0,0.14950205385684967,0.03633025288581848,0.017790980637073517,0.0,0.02858814224600792,0.0,0.0,0.02563081495463848,0.06027543172240257,0.09194684773683548,0.0,0.20244689285755157,0.0,0.0,0.0,0.0013884918298572302,0.06946796178817749,0.24308130145072937,0.029738757759332657,0.11557286232709885,0.05947641283273697,0.0,0.0,0.0,0.0,0.0,0.004870342090725899,0.011607005260884762,0.0,0.0,0.02402074821293354,0.16865818202495575,0.0,0.008753139525651932,0.01952505111694336,0.010849764570593834,0.0,0.19156961143016815,0.0,0.0,0.03199485316872597,0.041302699595689774,0.0,0.045250773429870605,0.0,0.21042373776435852,0.0,0.009303724393248558,0.5374197363853455,0.0,0.035540156066417694,0.0018682569498196244,0.0,0.0,0.0,0.006232555955648422,0.027321023866534233,0.0,0.14044371247291565,0.0,0.0,0.0,0.002520474139600992,0.011732537299394608,0.011423788033425808,0.0,0.019185392186045647,0.0,0.003086948301643133,0.0013693225337192416,0.0,0.4042466878890991,0.0,0.0,0.0,0.0,0.0,0.0,0.6538620591163635,0.06548146903514862,0.03079902194440365,0.03070010244846344,0.09531114250421524,0.0,0.018535321578383446,0.0,0.20640802383422852,0.008670241571962833,0.03996054455637932,0.027191774919629097,0.010883885435760021,0.006417447235435247,0.006210249848663807,0.14559125900268555,0.0,0.007980112917721272,0.0,0.10413553565740585,0.0550779327750206,0.06179336458444595,0.02774268575012684,0.09280900657176971,0.051000356674194336,0.0,0.4582166373729706,0.0,0.0,0.07005664706230164,0.018957732245326042,0.08841507881879807,0.0,0.0058567943051457405,0.0,0.06186063587665558,0.08417732268571854,0.0,0.15631234645843506,0.02076096460223198,0.06352397799491882,0.0,0.04218820482492447,0.36812111735343933,0.00436712522059679,0.1646205335855484,0.06816396862268448,0.17670385539531708,0.03959141671657562,0.024445919319987297,0.11068221181631088,0.13322202861309052,0.04892803356051445,0.21935003995895386,0.0,0.0,0.36922138929367065,0.007017240393906832,0.0,0.02802412025630474,0.0,0.0,0.10001412034034729,0.003360449569299817,0.001350575708784163,0.0021894013043493032,0.0,0.0,0.0,0.25870564579963684,0.06411655247211456,0.0,0.0,0.017250271514058113,0.0,0.0025847547221928835,0.09778236597776413,0.0,0.12316315621137619,0.0,0.15527406334877014,0.0,0.01661497727036476,0.05805981531739235,0.0,0.04315657913684845,0.010242088697850704,0.036124564707279205,0.13192003965377808,0.0,0.08183751255273819,0.028712572529911995,0.11187736690044403,0.00144230667501688,0.07964051514863968,0.08137736469507217,0.003325781552121043,0.0,0.20264989137649536,0.0,0.0,0.015242503024637699,0.5176097750663757,0.20882587134838104,0.0,0.020901422947645187,0.366796612739563,0.0,0.0,0.003349639242514968,0.24214191734790802,0.0,0.03745047375559807,0.0,0.0017514503560960293,0.0,0.0,0.11007621884346008,0.0,0.0,0.21039097011089325,0.007221578154712915,0.0,0.0,0.22418063879013062,0.007218603976070881,0.0035510945599526167,0.02763047255575657,0.032362379133701324,0.05602544918656349,0.025663122534751892,0.011638982221484184,0.06534138321876526,0.0,0.01246592029929161,0.30306676030158997,0.0,0.0,0.009357670322060585,0.07548317313194275,0.054347842931747437,0.0,0.09912099689245224,0.0,0.0,0.3050077557563782,0.021938001736998558,0.0,0.012690496630966663,0.0,0.0,0.043267738074064255,0.40728265047073364,0.0,0.0012133446289226413,0.25383126735687256,0.05628859996795654,0.017167506739497185,0.07275433838367462,0.0,0.05728860944509506,0.019603045657277107,0.0,0.0,0.0,0.0473710335791111,0.005402533803135157,0.0,0.0,0.06110607087612152,0.0910441130399704,0.011001530103385448,0.21491505205631256,0.004035043530166149,0.027871031314134598,0.019664805382490158,0.0,0.15763717889785767,0.0028063624631613493,0.01488405093550682,0.09081807732582092,0.009091704152524471,0.0,0.13181214034557343,0.05911007523536682,0.0,0.025261467322707176,0.4538552165031433,0.06534649431705475,0.07796305418014526,0.0,0.06123097240924835,0.1938764601945877,0.053210411220788956,0.09638380259275436,0.0,0.07178517431020737,0.004564912524074316,0.05380438640713692,0.04062708839774132,0.07905754446983337,0.3796883821487427,0.0,0.4259876608848572,0.0,0.01209941878914833,0.015324323438107967,0.333622545003891,0.11537190526723862,0.13760706782341003,0.0667811930179596,0.0,0.010548905469477177,0.012861809693276882,0.02364581637084484,0.0,0.03545505553483963,0.035325538367033005,0.0,0.0,0.0,0.0,0.12908115983009338,0.0,0.0,0.09322858601808548,0.03492320701479912,0.2299506813287735,0.0,0.0,0.0,0.0,0.0,0.0,0.5145758986473083,0.0,0.0,0.0,0.0,0.1671794056892395,0.0,0.0,0.0,0.04735804721713066,0.004509422928094864,0.02250470407307148,0.281067818403244,0.26342132687568665,0.0,0.012807263061404228,0.0013107674894854426,0.0396343432366848,0.0,0.0,0.0,0.0,0.07277046144008636,0.006587983574718237,0.0,0.0,0.006363941356539726,0.0022377753630280495,0.163955420255661,0.13618260622024536,0.0,0.0005769714480265975,0.0,0.0,0.0,0.435080885887146,0.014667356386780739,0.3075234293937683,0.0,0.07398927956819534,0.008654161356389523,0.0,0.0,0.04104750230908394,0.0,0.04575777426362038,0.016736632212996483,0.015201655216515064,0.008655596524477005,0.0,0.009667690843343735,0.0,0.04123224690556526,0.0,0.04149323329329491,0.02884412556886673,0.0,0.0,0.0,0.0,0.0,0.8769444823265076,0.24065454304218292,0.0,0.0,0.04284428060054779,0.012210231274366379,0.014578930102288723,0.048683155328035355,0.0926487073302269,0.0,0.0,0.6737706065177917,0.0,0.0,0.0,0.0113794831559062,0.0,0.0,0.0,0.0,4.916906254948117e-05,0.0,0.0,0.4748585522174835,0.03878398239612579,0.0,0.024275965988636017,0.0,0.0017827271949499846,0.0,0.0,0.00752625335007906,0.0,0.011874537914991379,0.2890359163284302,0.025331584736704826,1.1658726930618286,0.0,0.0,0.005962337367236614,0.0,0.0,0.018120018765330315,2.3000221252441406,0.04705129563808441,0.0,0.0,0.028362562879920006,0.0,0.0,0.0,0.04742104560136795,0.002324302215129137,0.0,0.563248872756958,0.0,0.024551542475819588,0.02924269251525402,0.0,0.0,0.0,0.07584203034639359,0.20367936789989471,0.0624903105199337,0.0,0.17477960884571075,0.0,0.0,0.0,0.0,0.0,0.12284156680107117,0.024910736829042435,0.019781118258833885,0.0,0.0,0.21485893428325653,0.0175232645124197,0.02047671377658844,0.06396309286355972,0.5492966771125793,0.0,0.013188724406063557,0.20886722207069397,0.005247443914413452,0.023076847195625305,0.0,0.0,0.0,0.05338510498404503,0.0,0.0,0.0,0.0,0.0,0.01165010966360569,0.0,0.11917703598737717,0.03993993625044823,0.8725446462631226,0.0,0.05490221828222275,0.007210003212094307,0.004512556828558445,0.05203632265329361,0.0,0.04252013564109802,0.0,0.0,0.629543125629425,0.0,0.032464440912008286,0.0,0.0,0.0,0.0,0.015237522311508656,0.00596211664378643,0.0,0.0,0.0,0.0,0.0,0.0,0.0,0.0,0.0,0.0,0.0,0.0,0.17658601701259613,0.0,0.11749677360057831,0.0,0.0,0.0,0.00987826194614172,0.0,0.046153225004673004,0.0,0.002479464979842305,0.09134023636579514,0.0017156314570456743,0.0,0.0,0.014649360440671444,0.19380393624305725,0.0,0.06586482375860214,0.013434343039989471,0.0,0.0380130298435688,0.0,0.024660417810082436,0.0,0.042888130992650986,0.0,0.0,0.0,0.04221899434924126,0.0,0.0,0.0,0.036206502467393875,0.0,0.0,0.27916139364242554,0.09329754114151001,0.0,0.002480053808540106,0.0,0.0,0.03639988228678703,0.0,0.011016814969480038,0.05786679685115814,0.02964046783745289,0.0,0.033477216958999634,0.0,0.04874871298670769,0.0,0.0,0.000859102001413703,0.05736541748046875,0.19658900797367096,0.04034492373466492,0.0,0.0029500448144972324,0.18782934546470642,0.012529351748526096,0.005893150344491005,0.0,0.2672477960586548,0.09235096722841263,0.09221716970205307,0.002922184532508254,0.0,0.0,1.0289866924285889,0.42425212264060974,0.10580752044916153,0.0,0.0,0.0,0.0,0.0,0.01966743916273117,0.009523196145892143,0.5958206057548523,0.02246985398232937,0.11290382593870163,0.0,0.0,0.0,0.00868313293904066,0.055756378918886185,0.0,0.0,0.05502128228545189,0.21247835457324982,0.0,0.02035241574048996,0.304641991853714,0.010133333504199982,0.5186182856559753,0.06421864777803421,0.011893770657479763,0.26986780762672424,0.05102075636386871,0.021030306816101074,0.0,0.3513551950454712,0.015027816407382488,0.0,0.011881321668624878,0.0,0.0,0.0,0.11255799233913422,0.0,0.002599091036245227,0.35793185234069824,0.019941182807087898,0.0,0.0,0.067745640873909,0.009886040352284908,0.0,0.00037330971099436283,0.0,0.0,0.1313508003950119,0.0020595001988112926,0.0,0.0,0.06156287342309952,0.016896219924092293,0.0,0.0012496805284172297,0.0,0.0,0.0,0.0,0.014860634692013264,0.2799888551235199,0.009643321856856346,0.0,0.012714210897684097,0.0,0.17790207266807556,0.0,0.0,0.008871679194271564,0.0,0.05914349481463432,0.02193787507712841,0.0,0.0,0.0,0.0,0.0,0.0,0.0,0.000380033248802647,0.0,0.0,0.0,0.013938023708760738,0.0,0.004841614980250597,0.0,0.04806828498840332,0.018443215638399124,0.0231083482503891,0.009253147058188915,0.031090883538126945,0.0,0.02300882898271084,0.0,0.15237970650196075,0.007489392533898354,0.033137354999780655,0.09504251182079315,0.10385683178901672,0.0029151462949812412,0.0,0.0,0.0030075048562139273,0.0024051154032349586,0.20467616617679596,0.031377002596855164,0.01622055470943451,0.0,0.028432633727788925,0.042572833597660065,0.027190327644348145,0.0,0.03387221321463585,0.0,0.0,0.05794494226574898,0.1058526486158371,0.007075387053191662,0.006928069517016411,0.0,0.05301724374294281,0.02477516606450081,0.07718357443809509,0.04200561344623566,0.0,0.0,0.11102867126464844,0.1633475422859192,0.02911272831261158,0.0,0.0,0.012568461708724499,0.0,0.5704168677330017,0.01340320985764265,0.0,0.0,0.1843613088130951,0.07799074798822403,0.07356191426515579,0.0,0.10295795649290085,0.0,0.0,0.29957690834999084,0.15391945838928223,0.0,0.0614766962826252,0.0,0.7486383318901062,0.0,0.0,0.007837243378162384,0.013197770342230797,0.003405833151191473,0.014621411450207233,0.0,0.0,0.0614994540810585,0.0003966677177231759,0.1905551552772522,0.0,0.0909147709608078,0.0,0.000492363004013896,0.004003920126706362,0.12957881391048431,0.19583061337471008,0.0,0.031155087053775787,0.17348957061767578,0.0,0.04049644619226456,0.007637460250407457,0.0,0.0,0.09742622077465057,0.03943569213151932,0.007086458150297403,0.0,0.017579177394509315,0.22536098957061768,0.025742439553141594,0.0,0.0,0.035152457654476166,0.1330443024635315,0.0,0.0,0.0,0.02774599939584732,0.0,0.02206561714410782,0.014467325061559677,0.1272570937871933,0.0,0.07727722078561783,0.0,0.08205949515104294,0.6489778161048889,0.06213126704096794,0.07340653985738754,0.0,0.06569221615791321,0.02875366061925888,0.0,0.0,0.0,0.040114231407642365,0.0,0.048221245408058167,0.00950885284692049,0.03896782174706459,0.004323945846408606,0.41744327545166016,0.1471761018037796,0.0,0.039652302861213684,0.0,0.22072623670101166,0.30877265334129333,0.03671727329492569,0.025562506169080734,0.5989142656326294,0.02423512376844883,0.8535586595535278,0.07907339930534363,0.0,0.0,0.0,0.0851372554898262,0.0,0.05563211813569069,0.0,0.0,0.04142448306083679,0.0,0.021706556901335716,1.3093653917312622,0.17702728509902954,0.02961011603474617,0.0,0.06516049802303314,0.0,0.0463729128241539,0.0254139956086874,0.0012809204636141658,0.0,0.3814563453197479,0.06676547229290009,0.02516241744160652,0.009358217939734459,0.0,0.0,0.07574959099292755,0.0,0.13153031468391418,0.06755451112985611,0.0,0.24241937696933746,0.004588327370584011,0.05051936209201813,0.0,0.0006414890522137284,0.0,0.0,0.5807099938392639,0.35765209794044495,0.0,0.06534343957901001,0.1626487672328949,0.037741001695394516,0.11333740502595901,0.005397031083703041,0.0464511476457119,0.013648905791342258,0.015098950825631618,0.0023011278826743364,0.0,0.02908850647509098,0.0,0.06942211836576462,0.0006142079946585,0.08170029520988464,0.08895374089479446,0.0018038428388535976,0.0,0.038468774408102036,0.022148557007312775,0.037938717752695084,0.22519075870513916,0.007579720113426447,0.0,0.12888841331005096,0.0,0.011613365262746811,0.09727393090724945,0.00403156504034996,0.0600435696542263,0.0006092810654081404,0.0,0.0007512998417951167,0.36303290724754333,0.0,0.044955700635910034,0.02386537753045559,0.0,0.0,0.0,0.018470700830221176,0.0,0.0,0.01713637076318264,0.04940050095319748,0.02899797447025776,0.004062771797180176,0.030885187909007072,0.0,0.7193345427513123,0.1088511273264885,0.0007211780757643282,0.23733246326446533,0.06678886711597443,0.005997885949909687,0.0010849237442016602,0.0,0.037131816148757935,0.0,0.01253707055002451,0.06579269468784332,0.0216310303658247,0.006327692419290543,0.0,0.0,0.0,0.016195470467209816,0.0,0.10549547523260117,0.05568355694413185,0.03950183838605881,0.03301514312624931,0.16652809083461761,0.0895802304148674,0.005618308670818806,0.08692732453346252,0.027783766388893127,0.0,0.11542770266532898,0.0,0.0,0.0,0.024615151807665825,0.014337850734591484,0.0,0.08835382759571075,0.24619336426258087,0.0,0.0,0.0,0.04766880348324776,0.0,0.0,0.07892207056283951,0.007554213982075453,0.009376682341098785,0.11289919912815094,0.015456447377800941,0.0,0.019421227276325226,0.0,0.0,0.004970652982592583,0.0,0.02893683686852455,0.284261018037796,0.01490813959389925,0.4595601558685303,0.024982323870062828,0.011161032132804394,0.19385004043579102,0.0,0.020342929288744926,0.0,0.0,0.0,0.0,0.1451631486415863,0.465810090303421,0.0,0.01694668084383011,0.0,0.0,0.007475872058421373,0.0,0.001280529540963471,0.0,0.0,0.4594374895095825,0.0,0.0,0.0,0.0,0.18812650442123413,0.004479480907320976,0.0,0.0,0.0,0.2131251096725464,0.006641507148742676,0.054815150797367096,0.0014155077515169978,0.0,0.007891655899584293,0.01515843067318201,0.0,0.0,0.05404011905193329,0.02747037447988987,0.018994992598891258,0.006209298502653837,0.0,0.0,0.04820984974503517,0.0,0.0319901667535305,0.0,0.0,0.03145827353000641,0.06261566281318665,0.07820896804332733,0.0,0.009377655573189259,0.05344982072710991,0.08972987532615662,0.0,0.04089828580617905,0.5560726523399353,0.0002025091671384871,0.2636615037918091,0.06625359505414963,0.1656397432088852,0.017710410058498383,0.28464722633361816,0.0006909093353897333,0.0,0.0,0.05526021867990494,0.015604401007294655,0.0,0.0,0.02576552703976631,0.0,0.042452383786439896,0.03349548950791359,0.06663957983255386,0.0,0.35652464628219604,0.014385152608156204,0.04508925601840019,0.0,0.006583039648830891,0.05457671731710434,0.010025027208030224,0.06426668912172318,0.02276918664574623,0.0,0.01036867592483759,0.0451941192150116,0.0,0.01149177085608244,0.06467458605766296,0.012297605164349079,0.0,0.006709625944495201,0.01650245115160942,0.010769214481115341,0.020438991487026215,0.0,0.0,0.0,0.06894446909427643,0.06752324849367142,0.746167004108429,0.0,0.0,0.0,0.0,0.002584917237982154,0.07547737658023834,0.0,0.0,0.0,0.0,0.0,0.009996730834245682,0.13778027892112732,0.0,0.01886887103319168,0.18099507689476013,0.016350032761693,0.19224409759044647,0.01690792664885521,0.10355789214372635,0.0,0.1999814361333847,0.0,0.0,0.0018913864623755217,0.009016914293169975,0.0,0.0,0.2667158842086792,0.0,0.0,0.08301694691181183,0.0,0.0014040198875591159,0.0,0.0,0.0,0.0,0.012748411856591702,0.055796217173337936,0.010274630039930344,0.0,0.0,0.024575667455792427,0.016229284927248955,0.0,0.004664414096623659,0.10846046358346939,0.01971806213259697,0.04443248361349106,0.07513799518346786,0.0,0.04237261787056923,0.0,0.0,0.0,0.15800926089286804,0.0,0.0006808835314586759,0.03220830485224724,0.0,0.00037722347769886255,0.0,0.0,0.04433247447013855,0.0,0.0,0.0,0.0,0.0,0.0,0.011119036935269833,0.0007710802601650357,0.01980200968682766,0.5821807980537415,0.0,0.01072833314538002,0.0029680002480745316,0.0,0.002448177430778742,0.1807052493095398,0.0,0.11614568531513214,0.3011128008365631,0.0,0.0,0.0006997513701207936,0.0,0.0020262354519218206,0.0,0.0,0.4122067987918854,0.0,0.0,0.0,0.0,0.0,0.3924403488636017,0.13071782886981964,0.017633460462093353,0.0,0.010088014416396618,0.12097801268100739,0.32595330476760864,0.0,0.0,0.013590860180556774,0.0,0.0,0.0008440945530310273,0.0,0.0,0.018318571150302887,0.0,0.0,0.0,0.0,0.2582135796546936,0.0,0.044649649411439896,0.038854483515024185,0.023655815050005913,0.0,0.29986050724983215,0.12727752327919006,0.0,0.10291771590709686,0.0011641239980235696,0.005358971189707518,0.0,0.0038691037334501743,0.04836113378405571,0.0,0.0,0.05129280686378479,0.0,0.03595616668462753,0.03261521831154823,0.027063103392720222,0.0,0.011741256341338158,0.0,0.13678114116191864,0.007614697329699993,0.008076931349933147,0.009452891536056995,0.0,0.08835674077272415,0.022677268832921982,0.08624818921089172,0.060768622905015945,0.0,0.0,0.005547368433326483,0.056479766964912415,0.0,0.0,0.014614286832511425,0.0,0.012323163449764252,0.0,0.0,0.0,0.0,0.0007700467249378562,0.010697956196963787,0.0009437476983293891,0.0,0.0,0.08931285887956619,0.028706302866339684,0.05730016157031059,0.01059788092970848,0.015508878976106644,0.0,0.0,0.0,0.276349276304245,0.0,0.07666206359863281,0.018991725519299507,0.0015697204507887363,0.004155137576162815,0.3722878694534302,0.004060807172209024,0.034153517335653305,0.000850033771712333
0.0,0.013212799094617367,0.33375251293182373,0.0016881728079169989,0.0,0.0,0.035888977348804474,0.010992204770445824,0.010840186849236488,0.09027042239904404,0.0019194483757019043,0.05748503655195236,0.03149375319480896,0.29322874546051025,0.09256076067686081,0.18428711593151093,0.011238804087042809,0.019392047077417374,0.0,0.3077850639820099,0.05645757541060448,0.0,0.039377398788928986,0.19435080885887146,0.07357225567102432,0.1227467805147171,0.0,0.0,0.0,0.0,0.4385749101638794,0.10753978788852692,0.0,0.0008051621844060719,0.3077024221420288,0.21727362275123596,0.0,0.03782638534903526,0.0,0.1213897317647934,0.3699589669704437,0.005735373590141535,0.0037732922937721014,0.10845918953418732,0.4569649398326874,0.011026709340512753,0.037175633013248444,0.0,0.21046148240566254,0.0,0.0,0.2069024294614792,0.013390111736953259,0.13495022058486938,0.052441347390413284,0.0,0.0,0.0,0.09475881606340408,0.012038681656122208,0.0016610693419352174,0.4285297095775604,0.08120370656251907,0.0,0.020470628514885902,0.31901976466178894,0.09369702637195587,0.019688889384269714,0.015254407189786434,0.003532533533871174,0.20559808611869812,0.022317279130220413,0.007459988817572594,0.11306082457304001,0.0,0.09078305214643478,0.3863590955734253,0.0065592266619205475,0.15814581513404846,0.4220670759677887,0.0,0.07453661412000656,0.0,0.057502053678035736,0.004049818497151136,0.2823896110057831,0.031207704916596413,0.0,0.0,0.042805250734090805,0.019724838435649872,0.006376085337251425,0.23271532356739044,0.5066891312599182,0.005433910060673952,0.20145593583583832,0.019835062325000763,0.0,0.0,0.0003757035592570901,0.0320175439119339,0.0353165902197361,0.1275286227464676,0.01201267447322607,0.06622201204299927,0.011447221972048283,0.020639851689338684,0.0,0.0,0.0,0.0060813878662884235,0.02675544284284115,0.0,0.18460462987422943,0.01258804090321064,0.3413536846637726,0.0,0.1036989614367485,0.0038022540975362062,0.12987728416919708,0.022418374195694923,0.0023206043988466263,0.33026817440986633,0.041864100843667984,0.006867657881230116,0.007213791832327843,0.2423774152994156,0.01848815381526947,0.1587231308221817,0.007173273712396622,0.10344897210597992,0.0,0.04209505021572113,0.0,0.050002895295619965,0.09188910573720932,0.003351035062223673,0.0,0.004562406335026026,0.00015251636796165258,0.10231876373291016,0.02858905866742134,0.0,0.014728992246091366,0.26715537905693054,0.0,0.021621031686663628,0.2984687387943268,0.02990490198135376,0.05567930266261101,0.06445065885782242,0.0,0.04208632558584213,0.08023034781217575,0.0,0.05513802170753479,0.015696940943598747,0.027485083788633347,0.11411010473966599,0.1019228845834732,0.006634450983256102,0.008124647662043571,0.02281094156205654,0.41975343227386475,0.07033213973045349,0.0,0.21525101363658905,0.006145300809293985,0.1436140239238739,0.39325323700904846,0.15517586469650269,0.020518865436315536,0.0639834851026535,0.21919433772563934,0.044075287878513336,0.06596194207668304,0.5444328188896179,0.003181022359058261,0.0,0.3162885904312134,0.0,0.0,0.018600644543766975,0.012754508294165134,0.04395143687725067,0.3382014334201813,0.1821291744709015,0.058282800018787384,0.05797722190618515,0.33295145630836487,0.037591684609651566,0.07417146861553192,0.0,0.0021309279836714268,0.014302165247499943,0.016027240082621574,0.03632981702685356,0.011692809872329235,0.31217002868652344,0.003293809946626425,0.15457893908023834,0.025824137032032013,3.351688428665511e-05,0.13024114072322845,0.0,0.030310306698083878,0.053357552736997604,0.004450621549040079,0.07661765813827515,0.13626216351985931,0.15771861374378204,0.0,0.22694995999336243,0.003636170644313097,0.016387013718485832,0.024944091215729713,0.0527694970369339,0.017040777951478958,0.0,0.00952913798391819,0.06256546825170517,0.00241585960611701,0.20578595995903015,0.13714003562927246,0.0,0.19165168702602386,0.005074777640402317,0.015173587016761303,0.09568571299314499,0.12588202953338623,0.15427060425281525,0.0,0.18468709290027618,0.04909619316458702,0.17211928963661194,0.2781067192554474,0.013963956385850906,0.08852419257164001,0.045186661183834076,0.0023515094071626663,0.0,0.07243755459785461,0.07744698226451874,0.0,0.10934064537286758,0.0501708984375,0.045549798756837845,0.05803729221224785,0.0,0.0,0.013353913091123104,0.0063934712670743465,0.004098732490092516,0.010452866554260254,0.003974883351475,0.0627281591296196,0.0,0.07234550267457962,0.039733096957206726,0.47688594460487366,0.0,0.016101812943816185,0.019856123253703117,0.0,0.1400671899318695,0.0171256922185421,0.08668110519647598,0.0712340846657753,0.006261474918574095,0.022910745814442635,0.1004936695098877,0.006159305572509766,0.012310118414461613,0.11371047794818878,0.07855453342199326,0.0,0.023451881483197212,0.01536604855209589,0.10426215827465057,0.15283173322677612,0.002342166844755411,0.0,0.018682707101106644,0.13888990879058838,0.03195846080780029,0.6766098141670227,0.0,0.0,0.1811678558588028,0.05567365512251854,0.17750611901283264,0.11737183481454849,0.058760274201631546,0.0,0.041061095893383026,0.01814860664308071,0.1707804799079895,0.0,0.29333457350730896,0.0023243569303303957,0.024483051151037216,0.05232207849621773,0.19576551020145416,0.10197265446186066,0.12981373071670532,0.00269909854978323,0.0003560042241588235,0.031147027388215065,0.010390848852694035,0.0,0.00707602733746171,0.12280633300542831,0.013118364848196507,0.18570032715797424,0.059402693063020706,0.3212027847766876,0.03619598224759102,0.020222075283527374,0.17605237662792206,0.03344835340976715,0.0,0.026624469086527824,0.0,0.0,0.7280410528182983,0.0,0.0,0.0009048616630025208,0.0,0.0,0.002620556391775608,0.05601879954338074,0.0,0.0,0.06267617642879486,0.0,0.0,0.0,0.011775089427828789,0.0793021023273468,0.06520634889602661,0.005332631058990955,0.0,0.0,0.0,0.0,0.0,0.0,0.0,0.0,0.24234996736049652,0.0,0.09009944647550583,0.02261132188141346,0.3178941011428833,0.0,0.0,0.0,0.07801946252584457,0.008160572499036789,0.0008232551626861095,0.0,0.0,0.0,0.0,0.007637362461537123,0.07752503454685211,0.01760655641555786,0.0,0.0,0.5223111510276794,0.0,0.0,0.03649011254310608,0.009356987662613392,0.0,0.01346373837441206,0.0,0.004428520333021879,0.20896631479263306,0.03074702061712742,0.0,0.0,0.0,0.015384542755782604,0.0,0.0,0.04158179461956024,0.0,0.001287558232434094,0.27261653542518616,0.005361294839531183,0.0,0.0,0.0,0.0,0.10370399802923203,0.0,0.12769128382205963,0.011001701466739178,0.0,0.022499946877360344,0.0,0.0024040699936449528,0.012772571295499802,0.0,0.02227240987122059,0.0,0.0,0.012112920172512531,0.0,0.0,0.0,0.0,0.0029633783269673586,0.0,0.0,0.0,0.0,0.0,0.03074798360466957,0.0,0.06118001788854599,0.0,0.02630152739584446,0.12168305367231369,0.015654591843485832,0.01765541359782219,0.0025323338340967894,0.11651294678449631,0.0,0.016964031383395195,0.0,0.10942810773849487,0.0,0.0,0.0,0.014845713041722775,0.0,0.0,0.0,0.0,0.00868160743266344,0.006526199635118246,0.0,0.0,0.06619875133037567,0.0,0.023358192294836044,0.020301824435591698,0.007424009032547474,0.0,0.0,0.029062796384096146,0.0,0.0,0.004362511448562145,0.0,0.026976322755217552,0.00029783666832372546,0.0,0.2214730679988861,0.0,0.0,0.06032257154583931,0.1846228986978531,0.03846743330359459,0.0,0.0,0.0,0.0,0.0,0.03288650885224342,0.0,0.021438902243971825,0.0,0.0,0.024127386510372162,0.01342916488647461,0.0,0.0,0.0,0.16976779699325562,0.001337493653409183,0.04249364510178566,0.14537611603736877,0.017393987625837326,0.0,0.0,0.0,0.007284340914338827,0.0,0.0,0.0,0.0,0.0,0.0,0.01673053577542305,0.02840009704232216,0.0,0.0,0.0,0.022764790803194046,0.033234525471925735,0.01259848102927208,0.0,0.0,0.009100072085857391,0.21622133255004883,0.009663617238402367,0.0709369108080864,0.003207987640053034,0.0,0.008568661287426949,0.0,0.0,0.13068866729736328,0.025539526715874672,0.0,0.021287579089403152,0.0,0.0,0.46331918239593506,0.0,0.0,0.0,0.0,0.0,0.0,0.02421734854578972,0.0,0.0,0.0009085607598535717,0.0,0.0,0.1329357624053955,0.0,0.0,0.0,0.02039659209549427,0.008546628057956696,0.030559545382857323,0.0,0.09155745804309845,0.0,0.0,0.04348871111869812,0.0,0.0,0.0,0.0,0.026872558519244194,0.0,0.13209351897239685,0.006119241937994957,0.006189653649926186,0.0,0.0,0.032462213188409805,0.0,0.0006064868066459894,0.09281845390796661,0.029174529016017914,0.0,0.22015666961669922,0.06343016773462296,0.006181132979691029,0.0,0.08591929078102112,0.2564520537853241,0.0,0.03723989799618721,0.06560932099819183,0.0,0.0,0.005368090700358152,0.0,0.0,0.0,0.0024876571260392666,0.05360720306634903,0.0,0.04954949766397476,0.0,0.16717807948589325,0.06421944499015808,0.08880048990249634,0.03825278952717781,0.0,0.0,0.0,0.0,0.006608722265809774,0.0,0.015082943253219128,0.1914401799440384,0.002699066884815693,0.029746728017926216,0.0,0.0,0.0,0.0,0.0,0.019017469137907028,0.0,0.0,0.0,0.4529949128627777,0.014348273165524006,0.05001772940158844,0.0,0.2165936827659607,0.0,0.0,0.0,0.002673013135790825,0.010354097001254559,0.043723512440919876,0.0,0.0,0.001915428671054542,0.0,0.0,0.0,0.00273834727704525,0.008608542382717133,0.0,0.013043995946645737,0.0,0.04872165620326996,0.03735658898949623,0.01427383441478014,0.0,0.0,0.0,0.0,0.0,0.0,0.0,0.0,0.0,0.0,0.13406473398208618,0.013980393297970295,0.0,0.0,0.0,0.0,0.010288325138390064,0.0,0.0,0.008662288077175617,0.0,0.0,0.015341551043093204,0.0,0.0,0.07575288414955139,0.0050470600835978985,0.1537230908870697,0.023462602868676186,0.0,0.2059922069311142,0.0,0.052337903529405594,0.0035018061753362417,0.0,0.12033268809318542,0.0,0.02742769941687584,0.043026674538850784,0.0,0.03079414926469326,0.006891289260238409,0.0,0.0,0.0,0.0,0.0,0.025243008509278297,0.0,0.060280900448560715,0.0,0.0,0.0,0.14523158967494965,0.0015155860455706716,0.0,0.0,0.0,0.02893051877617836,0.1295573115348816,0.005872560665011406,0.0025285733863711357,0.053773585706949234,0.036628250032663345,0.0,0.0,0.013801616616547108,0.048836030066013336,0.0,0.0,0.45147705078125,0.06982674449682236,0.03216974064707756,0.0,0.018601983785629272,0.0,0.12196529656648636,0.003226866712793708,0.0,0.0016036768211051822,0.0,0.008997151628136635,0.16867393255233765,0.1871206909418106,0.037567682564258575,0.0,0.02030770853161812,0.08987967669963837,0.0005057621165178716,0.0,0.0,0.06696473807096481,0.00443151593208313,0.004057769663631916,0.0,0.0048659564927220345,0.0,0.1818743646144867,0.0,0.0,0.0006479185540229082,0.2354835867881775,0.042917247861623764,0.0,0.009323575533926487,0.5784083008766174,0.0,0.02886953577399254,0.0,0.0003078341542277485,0.0,0.0,0.0,0.005922801326960325,0.22975526750087738,0.0,0.14495795965194702,0.0,0.0,0.003903481410816312,0.00030432938365265727,0.0,0.004777046386152506,0.007002552971243858,0.0,0.287621408700943,0.08786878734827042,0.0,0.0,0.009527555666863918,0.06624544411897659,0.00506933405995369,0.4278048574924469,0.0,0.0,0.0,0.051769983023405075,0.0,0.10966651886701584,0.08906026184558868,0.09299445897340775,0.1387486606836319,0.01566764898598194,0.0,0.0033375900238752365,0.03160204365849495,0.009304143488407135,0.032549675554037094,0.0,0.0,0.1807166039943695,0.006544230040162802,0.03473813459277153,0.0046355570666491985,0.007717160973697901,0.056654635816812515,0.2092079222202301,0.0010316616389900446,0.03182048350572586,0.033527079969644547,0.0778464823961258,0.0,0.0,0.0,0.06716707348823547,0.0,0.0009965467033907771,0.10854727029800415,0.04329371824860573,0.02009980008006096,0.0,0.03149070590734482,0.0,0.0,0.03966737166047096,0.023369288071990013,0.06550702452659607,0.0,0.13451185822486877,0.0,0.0,0.0,0.0,0.034603603184223175,0.27107393741607666,0.03706337511539459,0.09292823821306229,0.0588027760386467,0.0,0.0,0.005982088856399059,0.0,0.0,0.0,0.005022356286644936,0.0,0.0,0.015013904310762882,0.13907168805599213,0.0,0.0,0.010805471800267696,0.011772619560360909,0.0,0.15944936871528625,0.0,0.0,0.03805898502469063,0.034104835242033005,0.0,0.01934780925512314,0.006025401409715414,0.22405298054218292,0.0,0.005613336339592934,0.5821244716644287,0.0,0.025748899206519127,0.002821656409651041,0.0,0.0,0.0,0.023996692150831223,0.022021615877747536,0.0,0.15918952226638794,0.0,0.0,0.009289163164794445,0.0,0.004456350579857826,0.011195843107998371,0.0,0.021252546459436417,0.0,0.000182085030246526,0.0,0.0,0.36632445454597473,0.0,0.0,0.0,0.0,0.0,0.0,0.7154154777526855,0.04543154686689377,0.009987924247980118,0.011027408763766289,0.09380651265382767,0.0,0.011921857483685017,0.0,0.2455800473690033,0.013449806720018387,0.0672675296664238,0.02077094092965126,0.01763969473540783,0.0029227000195533037,0.009768210351467133,0.21161705255508423,0.0,0.010633573867380619,0.0,0.12981021404266357,0.05233919247984886,0.10857480019330978,0.00865586381405592,0.06122284010052681,0.028361892327666283,0.0,0.5014506578445435,0.0,0.0,0.06410207599401474,0.025869332253932953,0.07909582555294037,0.0,0.005496985744684935,4.507780249696225e-05,0.05511251464486122,0.13461826741695404,0.0,0.15306717157363892,0.027163468301296234,0.06415697932243347,0.0,0.012170600704848766,0.3423303961753845,0.0,0.1301620453596115,0.10495481640100479,0.1692722886800766,0.059709224849939346,0.015568320639431477,0.12015091627836227,0.10836334526538849,0.03663729503750801,0.21983161568641663,0.0,0.0,0.43678170442581177,0.014312236569821835,0.0,0.029411450028419495,0.0,0.0,0.07232102751731873,0.0074484036304056644,0.008090035989880562,0.00028435944113880396,0.0,0.0038296717684715986,0.0,0.21367190778255463,0.06292136013507843,0.0,0.0,0.022806301712989807,0.0,0.0,0.11420229077339172,0.0,0.07903946191072464,0.0,0.135625422000885,0.0,0.0008130961796268821,0.050902411341667175,0.0,0.04178855940699577,0.005527815315872431,0.0386224165558815,0.14120328426361084,0.001006196136586368,0.09918029606342316,0.03420993685722351,0.07038004696369171,0.0,0.08894632011651993,0.03737844526767731,0.00828429963439703,0.0,0.2295088768005371,0.0,0.0,0.0,0.5150068402290344,0.1612415760755539,0.0,0.037587970495224,0.3435077667236328,0.004608018323779106,0.0071212975308299065,0.0,0.23785102367401123,0.0,0.03777344897389412,0.0,0.0,0.0,0.010058414191007614,0.10239754617214203,0.0,0.0,0.18049608170986176,0.032128822058439255,0.0,0.0,0.2796030640602112,0.0,0.009789198637008667,0.009081490337848663,0.04359811916947365,0.0565597340464592,0.021622901782393456,0.020805368199944496,0.09469106793403625,0.0,0.017598776146769524,0.29039835929870605,0.0,0.0,0.011681078933179379,0.07887926697731018,0.08446112275123596,0.0,0.06248195096850395,0.0,0.0,0.37346312403678894,0.0,0.0,0.024132389575242996,0.0,0.0,0.04447289928793907,0.4970148503780365,0.0,0.0005194154218770564,0.24353738129138947,0.08436857908964157,0.004950982518494129,0.09721563011407852,0.0,0.08295835554599762,0.045646850019693375,0.0,0.0,0.0,0.040723565965890884,0.0,0.0,0.0,0.036931999027729034,0.09829749912023544,0.010132253170013428,0.22149699926376343,0.0,0.02198140323162079,0.011021039448678493,0.0,0.1536368727684021,0.0,0.008320087566971779,0.11571203172206879,0.014372603967785835,0.0,0.13402192294597626,0.015296843834221363,0.001840784796513617,0.014714364893734455,0.4580996632575989,0.060104724019765854,0.050506364554166794,0.0,0.07201212644577026,0.16354048252105713,0.030912460759282112,0.061860788613557816,0.0,0.052580930292606354,0.007565898820757866,0.03901020437479019,0.021857328712940216,0.06273502111434937,0.38887515664100647,0.0,0.4621061682701111,0.0,0.039723172783851624,0.023929888382554054,0.29104092717170715,0.08892975002527237,0.1221214011311531,0.13313017785549164,0.0,0.0022445872891694307,0.007728504948318005,0.010090555995702744,0.0,0.023872829973697662,0.030291080474853516,0.0,0.0,0.0,0.0,0.16479593515396118,0.0,0.0,0.08233337104320526,0.036072514951229095,0.2929352819919586,0.0,0.0,0.0,0.0,0.0,0.0,0.5294334292411804,0.0,0.0,0.0,0.0,0.21019810438156128,0.0,0.0,0.0,0.05501050129532814,0.011280663311481476,0.026767518371343613,0.21266181766986847,0.3292131721973419,0.0,0.00861577969044447,0.0,0.034824978560209274,0.0,0.0,0.0,0.0,0.07130533456802368,0.0018051075749099255,0.0,0.0,0.0052222395315766335,0.004688032902777195,0.16371576488018036,0.11457331478595734,0.0,0.007898165844380856,0.0,0.008423781022429466,0.0,0.33734145760536194,0.02045893669128418,0.2918983995914459,0.0,0.049813851714134216,0.011493509635329247,0.0014766477979719639,0.0,0.054050639271736145,0.0,0.04812564700841904,0.0039898790419101715,0.015252521261572838,0.01207630056887865,0.0,0.011750147677958012,0.0,0.05736534669995308,0.0,0.0330917052924633,0.03400711715221405,0.0,0.0,0.0,0.0,0.0,0.8762444853782654,0.16919413208961487,0.0,0.0,0.020308146253228188,0.0043900031596422195,0.01226925477385521,0.032577771693468094,0.08612415939569473,0.0,0.0,0.5494738221168518,0.0,0.0,0.0,0.015372524037957191,0.0,0.0,0.0,0.0,0.0,0.0,0.0,0.5677966475486755,0.03680850937962532,0.0,0.036554910242557526,0.0,0.0,0.0,0.0,0.017319682985544205,0.0,0.005085418000817299,0.37394073605537415,0.02497171424329281,1.1953049898147583,0.0,0.0017013383330777287,0.0059713697992265224,0.0,0.0,0.00880061648786068,2.3078107833862305,0.01611872762441635,0.0,0.0,0.03509817272424698,0.0,0.0,0.0,0.07532808929681778,0.0,0.0,0.5063090324401855,0.0,0.027934350073337555,0.030887197703123093,0.0,0.0,0.0,0.06294570118188858,0.2815701961517334,0.05038589984178543,0.0,0.15686331689357758,0.0,0.0,0.0,0.0,0.0,0.08951553702354431,0.026508726179599762,0.022857345640659332,1.566231185279321e-05,0.0,0.17106491327285767,0.02190385013818741,0.010000040754675865,0.05254827439785004,0.5284686088562012,0.0,0.03140655905008316,0.1559906154870987,0.0,0.012849627994000912,0.0,0.015672791749238968,0.0,0.04886194318532944,0.0,0.0,0.0,0.0,0.0,0.010732194408774376,0.0,0.10054632276296616,0.02564239501953125,1.080997347831726,0.0,0.04138999804854393,0.0006099593592807651,0.006721309386193752,0.0763046070933342,0.0,0.05747903883457184,0.0,0.0,0.5436508059501648,0.0,0.03016453981399536,0.0,0.0,0.0,0.0,0.022603565827012062,0.0,0.0,0.0,0.0,0.0,0.0,0.0,0.017486922442913055,0.0,0.0,0.004390937276184559,0.0011819219216704369,0.005016013514250517,0.19798849523067474,0.0008264589123427868,0.1068996787071228,0.0,0.0,0.0,0.0009380262927152216,0.0,0.04878401756286621,0.0,0.003036332083866,0.05161677300930023,0.0,0.0,0.0,0.020561959594488144,0.08000487089157104,0.0,0.05431500822305679,0.01387585885822773,0.0,0.049537885934114456,0.0,0.020295094698667526,0.0,0.02124328352510929,0.0,0.0,0.0,0.045038700103759766,0.0,0.0,0.004404932726174593,0.043450597673654556,0.0,0.0,0.3070145845413208,0.09836078435182571,0.0,0.0,0.0,0.00273145642131567,0.04061150178313255,0.0,0.0011200201697647572,0.11163125187158585,0.01725088618695736,0.0,0.02698393166065216,0.0,0.034906163811683655,0.003121407702565193,0.0,0.0,0.029999347403645515,0.21792180836200714,0.03241764008998871,0.0008156520198099315,0.003896951675415039,0.15274660289287567,0.0027282952796667814,0.0007808756781741977,0.0,0.27440905570983887,0.09741543978452682,0.055901557207107544,0.021952273324131966,0.0,0.0,1.1410809755325317,0.38582518696784973,0.1065065935254097,0.0,0.0,0.0016028237296268344,0.0,0.0,0.018868381157517433,0.015844322741031647,0.6143877506256104,0.018521299585700035,0.14908796548843384,0.0,0.0,0.0,0.004181699827313423,0.03279644250869751,0.0,0.0,0.06408333033323288,0.1491200476884842,0.0,0.022190768271684647,0.3795314431190491,0.009022108279168606,0.46102169156074524,0.05336453765630722,0.006274918094277382,0.3451063930988312,0.06160181388258934,0.038819629698991776,0.0,0.3238888680934906,0.02031318098306656,0.0,0.0,0.0,0.0,0.0,0.1347799450159073,0.0,0.0,0.3416329324245453,0.021171970292925835,0.0,0.0,0.11673719435930252,0.02106320858001709,0.0,0.0,0.0,0.0,0.10722123086452484,6.666779518127441e-05,0.0,0.0,0.07113966345787048,0.013391656801104546,0.0,0.0003927898360416293,0.0,0.0,0.0,0.0,0.006520626600831747,0.21744488179683685,0.0003921389579772949,0.0,0.03056713566184044,0.0,0.14853963255882263,0.0,0.0,0.011441775597631931,0.0,0.051185492426157,0.018774889409542084,0.0,0.0,0.0,0.0,0.0,0.0,0.0,0.000591874704696238,0.0,0.0,0.0,0.008561598137021065,0.0,0.0037865876220166683,0.0,0.05045501887798309,0.016056258231401443,0.02992805279791355,0.009823384694755077,0.04833105206489563,0.0,0.04030001163482666,0.0,0.10307767242193222,0.008935775607824326,0.024316908791661263,0.07501299679279327,0.10861661285161972,0.0,0.002151981694623828,0.0,0.0037743831053376198,0.0,0.23569966852664948,0.02894890308380127,0.016928240656852722,0.0,0.017394686117768288,0.04250981658697128,0.026251671835780144,0.0010164838749915361,0.01175400149077177,0.0,0.0,0.04036853834986687,0.08174512535333633,0.01437037717550993,0.017511999234557152,0.0,0.04428563266992569,0.011114019900560379,0.07285885512828827,0.04327655956149101,0.0,0.0,0.13087444007396698,0.06773879379034042,0.024176519364118576,0.0,0.0,0.008916118182241917,0.0,0.5949243307113647,0.01650305464863777,0.006376836448907852,0.0,0.14684166014194489,0.09357192367315292,0.051472678780555725,0.0,0.10105398297309875,2.952337308670394e-05,0.0,0.24292419850826263,0.239913210272789,0.0,0.07962002605199814,0.004978773649781942,0.7236601114273071,0.0,0.007033252622932196,0.006973472889512777,0.0,0.0047432370483875275,0.023175297304987907,0.0,0.0,0.05706142261624336,0.0007064646342769265,0.184745192527771,0.0,0.08275983482599258,0.0,0.0009382128482684493,0.016947006806731224,0.10857929289340973,0.242076113820076,0.0,0.027181752026081085,0.13386495411396027,0.0004382347979117185,0.038636937737464905,0.008194606751203537,0.0,0.0,0.09231878072023392,0.038323212414979935,0.0,0.005305741913616657,0.01380950678139925,0.2039613127708435,0.007345793303102255,0.0,0.0003787517489399761,0.06395265460014343,0.07953406125307083,0.0024416684173047543,0.0,0.0,0.02627001702785492,0.00019844769849441946,0.014160397462546825,0.014612643979489803,0.10864098370075226,0.0,0.07870116829872131,0.0,0.09426417201757431,0.6289177536964417,0.05331835895776749,0.06909684836864471,0.0034038496669381857,0.05125248432159424,0.007474558427929878,0.0,0.0,0.0,0.03155690059065819,0.005887460894882679,0.04422900080680847,0.003405311144888401,0.02512192539870739,0.002100897952914238,0.3627326488494873,0.1379372626543045,0.0,0.04656578227877617,0.002890567760914564,0.2025502622127533,0.3484601676464081,0.03654516115784645,0.011871709488332272,0.5899717211723328,0.017490627244114876,0.8005351424217224,0.06930925697088242,0.005355284083634615,0.0,0.0,0.08430580794811249,0.0,0.06581247597932816,0.0,0.000765032775234431,0.04042437672615051,0.0,0.029395675286650658,1.2554529905319214,0.19203975796699524,0.033245429396629333,0.0,0.07750478386878967,0.0,0.05183597654104233,0.022251253947615623,0.006895685102790594,0.0,0.4521418511867523,0.05059610307216644,0.03096313402056694,0.0283498577773571,0.0,0.0,0.07444775849580765,0.0,0.13161318004131317,0.08573586493730545,0.0,0.21717160940170288,0.0026386117096990347,0.04244757816195488,0.0,0.0,0.0,0.0,0.6485345363616943,0.38433241844177246,0.0,0.06854038685560226,0.1672738641500473,0.041902150958776474,0.13713063299655914,0.0,0.03458927199244499,0.01682894676923752,0.0,0.008144982159137726,0.0,0.022604048252105713,0.0,0.055608879774808884,0.0,0.09083595126867294,0.12001439929008484,0.012027287855744362,0.0,0.029426351189613342,0.030445819720625877,0.041166968643665314,0.26169779896736145,0.006990528199821711,0.0,0.1430976241827011,0.0,0.018115757033228874,0.08018821477890015,0.0009866118198260665,0.045549698173999786,0.0032793832942843437,0.0,1.8417835008222028e-06,0.3798390328884125,0.0,0.046099044382572174,0.017652716487646103,0.0,0.0,0.0,0.011514837853610516,0.0,0.0,0.01744993031024933,0.01889423467218876,0.02695157378911972,0.0,0.016211174428462982,0.0,0.7466722130775452,0.11826391518115997,0.0,0.20919854938983917,0.07079628854990005,0.00686458358541131,0.0004916047910228372,0.0,0.012492116540670395,0.0,0.010335179977118969,0.06687784940004349,0.014044275507330894,0.007940154522657394,0.0,0.0013401174219325185,0.0,0.021701931953430176,0.0,0.09064581990242004,0.06123894825577736,0.024926548823714256,0.02489551343023777,0.12541745603084564,0.08780183643102646,0.03353947773575783,0.11277815699577332,0.03135431930422783,0.0,0.0771307721734047,0.0,0.00241461512632668,0.0,0.020011620596051216,0.011276365257799625,0.0,0.09284505993127823,0.23531877994537354,0.0,0.0,0.0,0.04694283381104469,0.0,4.441618875716813e-05,0.062021031975746155,0.0079142265021801,0.0008784604142419994,0.08496387302875519,0.01975622959434986,0.0010366886854171753,0.0247469712048769,0.0,0.0,0.011605544947087765,0.0,0.05548403784632683,0.22068478167057037,0.025978291407227516,0.46733853220939636,0.02605222724378109,0.02297007106244564,0.21832780539989471,0.002770401770249009,0.00791641790419817,0.0,0.0,0.0010407876688987017,0.0,0.1241525188088417,0.45531177520751953,0.0,0.015224128030240536,0.0,0.00015545249334536493,0.014258135110139847,0.0,0.014731057919561863,0.0,0.0,0.45278000831604004,0.0,0.0012882259907200933,0.0,0.0,0.15299496054649353,0.006963089108467102,0.0,0.0,0.0,0.20920875668525696,0.013853042386472225,0.03256719186902046,0.0023969579488039017,0.0,0.013408214785158634,0.0392252653837204,0.0,0.0,0.06375831365585327,0.0254201702773571,0.026789724826812744,0.015802396461367607,0.0,0.0,0.04889604076743126,0.0,0.022510096430778503,0.0,0.0,0.009250245988368988,0.059433840215206146,0.07176627218723297,0.0,0.039641257375478745,0.06767072528600693,0.05068659782409668,0.0,0.024719329550862312,0.5833103060722351,0.004956009332090616,0.27151209115982056,0.04008696600794792,0.15210190415382385,0.024740271270275116,0.32676422595977783,0.0,0.009714706800878048,0.0,0.04570718854665756,0.017820289358496666,0.009582728147506714,0.0,0.022054877132177353,0.0,0.03777208924293518,0.007560493890196085,0.05269242823123932,0.008071127347648144,0.4308514893054962,0.021629249677062035,0.037922777235507965,0.0,0.0,0.06759192049503326,0.0,0.04905211925506592,0.017563188448548317,0.0,0.006084108259528875,0.018831780180335045,0.0,0.021743111312389374,0.06550810486078262,0.006424312479794025,0.006287665572017431,0.008496182970702648,0.02555498667061329,0.015198664739727974,0.017304105684161186,0.0,0.0,0.0022857373114675283,0.0619385726749897,0.057524051517248154,0.793326199054718,0.0,0.0,0.0,0.0,0.004114950075745583,0.06466110795736313,0.0,0.0,0.0,0.0,0.0,0.020335592329502106,0.11531738191843033,0.0,0.011043241247534752,0.1598997563123703,0.03800271824002266,0.21723732352256775,0.050356488674879074,0.1780858188867569,0.0,0.20635120570659637,0.0,0.0,0.007322367280721664,0.019996101036667824,0.0002674138522706926,0.0,0.30896449089050293,0.0,0.0,0.11748163402080536,0.0,0.005543140694499016,0.0,0.0,0.0,0.0,0.022948207333683968,0.09668833017349243,0.01646481081843376,0.0,0.0,0.006465233396738768,0.006698647513985634,0.0,0.0,0.09247230738401413,0.024663344025611877,0.06665859371423721,0.112297922372818,0.0,0.0410783588886261,0.0,0.0,0.0,0.10134908556938171,0.0,0.0,0.007668294943869114,0.002049592789262533,0.004246267024427652,0.0,0.0,0.031565144658088684,0.0,0.0,0.0,0.0,0.0,0.0,0.028508303686976433,0.012541648931801319,0.023288851603865623,0.5399150848388672,0.0,0.010963470675051212,0.006959142629057169,0.0,0.0008023690897971392,0.18220335245132446,0.0,0.08179418742656708,0.39788761734962463,0.0,0.0,0.003207799280062318,0.0,0.0,0.0,0.0,0.4655904471874237,0.0,0.0,0.0,0.0,0.0,0.41126301884651184,0.17790111899375916,0.008797180838882923,0.0,0.013867037370800972,0.17155387997627258,0.3279435634613037,0.0,0.0,0.00127982790581882,0.0,0.0,0.0,0.0,0.0,0.008356552571058273,0.0,0.0,0.0,0.0,0.23042888939380646,0.0,0.04731476679444313,0.024394912645220757,0.010904621332883835,0.0,0.29056376218795776,0.13714849948883057,0.0,0.10641587525606155,0.0019746602047234774,0.0,0.0,0.00431205565109849,0.04743494838476181,0.0,0.0,0.042165208607912064,0.0,0.04426513612270355,0.03522752225399017,0.02111750841140747,0.0,0.005095081403851509,0.0038528931327164173,0.19616203010082245,0.0127871073782444,0.01642409712076187,0.020504707470536232,0.0,0.06716163456439972,0.0467723086476326,0.10332770645618439,0.036877695471048355,0.0,0.0,0.009921939112246037,0.04335085302591324,0.007102238480001688,0.0,0.04298071935772896,0.0,0.010520010255277157,0.0,0.0,0.0,0.0,0.002390909241512418,0.0008566940086893737,0.0,0.0,0.0,0.06386708468198776,0.06702805310487747,0.0725214034318924,0.01515874546021223,0.020078398287296295,0.009716701693832874,0.0,0.0,0.26153314113616943,0.0,0.08768951147794724,0.07650086283683777,0.01262722723186016,0.0033712172880768776,0.3528982996940613,0.009680793620646,0.03342055901885033,0.0
0.0,0.007952827028930187,0.37032830715179443,0.002234699670225382,0.0,0.0,0.029299892485141754,0.012507784180343151,0.0,0.10950710624456406,0.0,0.031171254813671112,0.015270257368683815,0.25839000940322876,0.09702389687299728,0.1730879545211792,0.0,0.032765019685029984,0.0,0.25291699171066284,0.022400351241230965,0.0,0.03058105707168579,0.16389410197734833,0.05701884627342224,0.11739382147789001,0.0,0.0,0.0,0.0006733214831911027,0.4198141098022461,0.09650813788175583,0.0,0.0035501730162650347,0.1977091282606125,0.16309665143489838,0.0,0.04053203761577606,0.0,0.0874200090765953,0.2911432385444641,0.0,0.007587528321892023,0.11721941828727722,0.47405245900154114,0.02182873710989952,0.03496822714805603,0.0,0.2305351048707962,0.0,0.0,0.16688498854637146,0.0,0.14711974561214447,0.042299456894397736,0.0,0.0,0.0,0.08646711707115173,0.014573412016034126,0.0005253839772194624,0.3731760084629059,0.06604243069887161,0.0,0.006154132075607777,0.28442057967185974,0.11626171320676804,0.018803579732775688,0.015619594603776932,0.003291110973805189,0.23056934773921967,0.007064285222440958,0.010156417265534401,0.09524772316217422,0.0,0.10826200246810913,0.3758600354194641,0.0008364644018001854,0.18375854194164276,0.3933945596218109,0.0,0.07249686866998672,0.0,0.05730646103620529,0.03479457274079323,0.2721966505050659,0.03686029091477394,0.0,0.0,0.03228602185845375,0.018412277102470398,0.008689599111676216,0.23189383745193481,0.4875155985355377,0.0009513044496998191,0.17764297127723694,0.04639274626970291,0.001593899680301547,0.0,0.0,0.023651039227843285,0.05243605747818947,0.17533154785633087,0.02297508902847767,0.06069685518741608,0.017116129398345947,0.015103758312761784,0.0,0.003746299771592021,0.005991077516227961,0.03451398015022278,0.03199755772948265,0.0,0.15738537907600403,0.011255200020968914,0.3744262754917145,0.0,0.10119298845529556,0.0,0.13663926720619202,0.01882852241396904,0.00455021858215332,0.27441200613975525,0.03137075901031494,0.010183424688875675,0.0010338232386857271,0.18652069568634033,0.034126292914152145,0.1398475617170334,0.0,0.11640163511037827,0.0,0.0436137393116951,0.013163433410227299,0.0634675994515419,0.07632201910018921,0.01739206723868847,0.0,0.0060561420395970345,0.0,0.11328748613595963,0.048132721334695816,0.0,0.04297344759106636,0.19495250284671783,0.0,0.014569852501153946,0.2545985281467438,0.021941620856523514,0.07285292446613312,0.07676280289888382,0.0,0.08084239810705185,0.05596524849534035,0.0,0.030349405482411385,0.01195480301976204,0.043014250695705414,0.10957052558660507,0.10799465328454971,0.00822790339589119,0.0015505370683968067,0.03353942930698395,0.38649123907089233,0.10767249763011932,0.0,0.2559410035610199,0.003886191872879863,0.11457140743732452,0.37987276911735535,0.11623161286115646,0.05374455079436302,0.0802416056394577,0.2150152623653412,0.043327245861291885,0.03757552057504654,0.5241507887840271,0.0073139299638569355,0.0,0.3278387188911438,0.0,0.003096938133239746,0.02222493663430214,0.026324747130274773,0.006428706459701061,0.3197232484817505,0.162178173661232,0.04166034609079361,0.044447898864746094,0.25469034910202026,0.0298965722322464,0.057653579860925674,0.0,0.010581021197140217,0.01540408842265606,0.014538008719682693,0.04165702313184738,0.031230272725224495,0.28803858160972595,0.0064748190343379974,0.16653819382190704,0.04331124201416969,0.0,0.13283322751522064,0.0,0.01784530095756054,0.04308612644672394,0.010626399889588356,0.07836534082889557,0.10993930697441101,0.13363589346408844,0.006080143619328737,0.1911367028951645,0.0,0.015675339847803116,0.03351971134543419,0.04898013174533844,0.031460922211408615,0.0,0.020100455731153488,0.06218133121728897,0.028215009719133377,0.1872643083333969,0.14744950830936432,0.004739808849990368,0.206721231341362,0.008405232802033424,0.008189160376787186,0.053729817271232605,0.1354818493127823,0.15681935846805573,0.0,0.19310405850410461,0.054692842066287994,0.1294921487569809,0.26267877221107483,0.0279746912419796,0.10166076570749283,0.04613478481769562,0.010444547049701214,0.0,0.06333897262811661,0.0625983402132988,0.0,0.0528159961104393,0.040960442274808884,0.03540043532848358,0.04900244623422623,0.0,0.01311210636049509,0.014487211592495441,0.0024257986806333065,0.01241130381822586,0.011520774103701115,0.00011634350084932521,0.09577801078557968,0.0,0.07990111410617828,0.07535693049430847,0.45794036984443665,0.0,0.018673131242394447,0.02141212299466133,0.0,0.10835391283035278,0.019200850278139114,0.06986288726329803,0.01952121965587139,0.014100620523095131,0.031009778380393982,0.09176625311374664,0.008531329222023487,0.007241625804454088,0.09551713615655899,0.06242154911160469,0.0,0.03656258434057236,0.030613135546445847,0.1274028867483139,0.19385474920272827,0.014920864254236221,0.0,0.03252648189663887,0.1588529795408249,0.02773580700159073,0.6062521934509277,0.0,0.0,0.16716866195201874,0.03891058638691902,0.1539049744606018,0.09196142107248306,0.04205280914902687,0.002395534422248602,0.046702489256858826,0.011440196074545383,0.16813884675502777,0.0,0.2913220524787903,0.005881080403923988,0.030025675892829895,0.04061347618699074,0.20043230056762695,0.16474804282188416,0.13288353383541107,0.012776859104633331,0.0,0.015666022896766663,0.0032331454567611217,0.0,0.0,0.1093854308128357,0.020573511719703674,0.19854408502578735,0.09534934908151627,0.3180725872516632,0.043504174798727036,0.008910026401281357,0.13997331261634827,0.03346923366189003,0.0,0.029954243451356888,0.0,0.0,0.6951982975006104,0.0,0.0,0.012004274874925613,0.0,0.0,0.0,0.05369943007826805,0.0,0.0,0.03382425010204315,0.0,0.0,0.0,0.009340643882751465,0.0787055715918541,0.047192998230457306,0.0,0.0,0.0,0.0,0.0,0.0,0.0,0.0,0.0,0.18262313306331635,0.00415895925834775,0.11178336292505264,0.04279061779379845,0.29156532883644104,0.0,0.0,0.0,0.0910191461443901,0.006944404914975166,0.007376841269433498,0.0,0.0,0.0,0.0,0.0,0.09205801784992218,0.034345708787441254,0.0,0.0,0.5372180342674255,0.0,0.0,0.04551907628774643,0.006193573586642742,0.0,0.0036701690405607224,0.0,0.0006483897450380027,0.1264592707157135,0.02009384147822857,0.0,0.0,0.0,0.011059672571718693,0.0,0.0,0.04757903143763542,0.0,0.007621786091476679,0.20762591063976288,0.0,0.0,0.0,0.0,0.0,0.1203652024269104,0.0,0.11540904641151428,0.0022701481357216835,0.0,0.016529468819499016,0.0,0.0,0.008336932398378849,0.0,0.029454274103045464,0.0,0.0,0.020427636802196503,0.0,0.0,0.0,0.0,0.0034238314256072044,0.0,0.0,0.0,0.0,0.0,0.040111251175403595,0.0,0.06662283092737198,0.0,0.0005855917697772384,0.15189693868160248,0.007042068988084793,0.0050814189016819,0.003243298502638936,0.13631978631019592,0.0,0.005041123833507299,0.0,0.1044282540678978,0.0,0.0,0.0,0.038238998502492905,0.006414781324565411,0.008778883144259453,0.0,0.0,0.001529049826785922,0.0,0.0,0.0,0.10724809765815735,0.0,0.016414226964116096,0.020868906751275063,0.004836495034396648,0.0,0.0,0.04931534826755524,0.0,0.0020169138442724943,0.0,0.0,0.022129535675048828,0.0,0.0,0.2149571180343628,0.0,0.0,0.09241584688425064,0.29901322722435,0.030621705576777458,0.0,0.0,0.0,0.0,0.0,0.031100589781999588,0.0,0.022146545350551605,0.0,0.0,0.015471313148736954,0.05189590901136398,0.0,0.0,0.0,0.13102248311042786,0.0,0.06216989830136299,0.19141961634159088,0.006770812440663576,0.0,0.0,0.0,0.004803174640983343,0.0,0.0,0.0,0.0,0.0,0.0,0.02062983252108097,0.04855634272098541,0.0,0.0,0.0,0.019169669598340988,0.03659692406654358,0.025651156902313232,0.0,0.0,0.004044720437377691,0.1274966299533844,0.015761807560920715,0.07025530934333801,0.02277793362736702,0.0,0.0,0.0,0.0,0.2011689990758896,0.027954960241913795,0.0,0.01125070359557867,0.0,0.0,0.44436442852020264,0.0,0.0,0.0,0.0,0.0,0.0,0.019398454576730728,0.0,0.0,0.006593815051019192,0.0,0.0,0.13542796671390533,0.0,0.0,0.0,0.013673823326826096,0.012678894214332104,0.08152147382497787,0.0,0.0793633684515953,0.0,0.0,0.02084636129438877,0.0,0.006431617774069309,0.0,0.0,0.029879910871386528,0.004092564806342125,0.2131638079881668,0.0,0.0,0.0,0.0,0.029134266078472137,0.0,0.007601721212267876,0.14200688898563385,0.05632384866476059,0.0,0.1924816519021988,0.06126127392053604,0.0,0.0,0.06443176418542862,0.3038921356201172,0.0,0.028580008074641228,0.04447471722960472,0.0,0.0,0.03044697269797325,0.0,0.0,0.0,0.006438360083848238,0.11203832924365997,0.0,0.05271206796169281,0.0,0.1970621645450592,0.0536629781126976,0.09065216779708862,0.003139700973406434,0.0,0.0,0.0,0.0,0.0022391057573258877,0.0,0.0007786977221257985,0.18952494859695435,0.0,0.02572244219481945,0.0,0.0,0.0,0.0,0.0,0.0011397087946534157,0.001228572684340179,0.0,0.0,0.41313016414642334,0.004179040901362896,0.05373357608914375,0.0,0.12379471957683563,0.0,0.0,0.005006860010325909,0.008201624266803265,0.018989432603120804,0.06948581337928772,0.0,0.0,0.0,0.0,0.0,0.0,0.02269698679447174,0.003758010920137167,0.0,0.013064025901257992,0.0,0.0639687031507492,0.037376511842012405,0.016695737838745117,0.0,0.0,0.0,0.0,0.0,0.0,0.0,0.0,0.0,0.0,0.15305353701114655,0.030753452330827713,0.0,0.0,0.0,0.0,0.018820015713572502,0.0,0.0,0.014004183933138847,0.0,0.0,0.008508947677910328,0.0,0.0,0.08044508099555969,0.0068087088875472546,0.10203851759433746,0.029213767498731613,0.0,0.265318363904953,0.012889498844742775,0.08568238466978073,0.002315250691026449,0.0,0.1319989413022995,0.0,0.01683148741722107,0.12172801047563553,0.0,0.06062128022313118,0.0028252461925148964,0.0,0.0,0.0,0.0,0.0,0.01936986669898033,0.0,0.05181969329714775,0.0,0.0,0.0,0.07253050059080124,0.006090477108955383,0.0,0.0,0.0,0.013064129278063774,0.0763259157538414,0.027655255049467087,0.004011318553239107,0.050615519285202026,0.06341280788183212,0.0,0.0,0.0040723890997469425,0.04844093695282936,0.0,0.0,0.3847062289714813,0.05913226306438446,0.018284983932971954,0.0,0.0352691225707531,0.0,0.13744430243968964,0.0010339021682739258,0.0,0.0,0.0011628520442172885,0.009015696123242378,0.1828913539648056,0.09848930686712265,0.031719449907541275,0.0,0.004665812943130732,0.06971608102321625,0.0017103207064792514,0.0,0.0,0.046339694410562515,0.008032310754060745,0.029548795893788338,0.0,0.024647241458296776,0.0,0.16083940863609314,0.0,0.0,0.00540908332914114,0.2667752206325531,0.047996148467063904,0.007045381236821413,0.007686896249651909,0.5353347063064575,0.0,0.014426627196371555,0.0,0.005305545404553413,0.0,0.0,0.0,0.004040043335407972,0.20470471680164337,0.0,0.12930595874786377,0.0,0.0,0.002769835526123643,0.004604928661137819,0.0,0.004309977404773235,0.006905659567564726,0.0,0.24167148768901825,0.043580859899520874,0.0,0.0,0.01142918597906828,0.06272931396961212,0.014299365691840649,0.3131750822067261,0.0,0.0,0.011604317463934422,0.02560272067785263,0.0,0.11466193944215775,0.046481166034936905,0.0736047625541687,0.13988906145095825,0.02628951519727707,0.007019448094069958,0.00388079765252769,0.030353497713804245,0.03712628781795502,0.01810457743704319,0.0,0.0,0.16063238680362701,0.01316842995584011,0.04275403916835785,0.004381376318633556,0.006860011722892523,0.09905815124511719,0.1848631650209427,0.0,0.02194943279027939,0.017313890159130096,0.058432601392269135,0.004738062620162964,0.0,0.0,0.05135011672973633,0.0,0.0004100841179024428,0.14443553984165192,0.03832582011818886,0.0259317047894001,0.0,0.02719859778881073,0.0,0.0,0.020405493676662445,0.05708634480834007,0.07722889631986618,0.0,0.18215018510818481,0.00036207199445925653,0.0016683053690940142,0.0,0.00990084558725357,0.05843737721443176,0.22586442530155182,0.02301075868308544,0.09510289132595062,0.06416917592287064,0.0,0.0,0.014187710359692574,0.0,0.0,0.004157484043389559,0.009446795098483562,0.0,0.0,0.006742371246218681,0.14874334633350372,0.0,0.0,0.024004129692912102,0.010516265407204628,0.0,0.17984846234321594,0.0,0.0,0.03217780962586403,0.038877759128808975,0.0,0.03669125214219093,0.01767600141465664,0.22591695189476013,0.0,0.0013051223941147327,0.4838672876358032,0.0,0.0223325714468956,0.0062709772028028965,0.0,0.0,0.0,0.00030033400980755687,0.01965845189988613,0.0,0.10932120680809021,0.0,0.0,0.0,0.0,0.008370382711291313,0.01183635275810957,0.0,0.020452992990612984,0.0,0.003430520184338093,0.004036623053252697,0.0,0.4153044819831848,0.010171101428568363,0.0,0.0,0.012982883490622044,0.0,0.0,0.6430124640464783,0.058802224695682526,0.005386123433709145,0.025400545448064804,0.07661261409521103,0.0,0.016945453360676765,0.0,0.17295818030834198,0.0,0.07895438373088837,0.024658141657710075,0.009937796741724014,0.001063380273990333,0.015960071235895157,0.14089705049991608,0.0,0.022098662331700325,0.0,0.08134147524833679,0.06012136861681938,0.08261305093765259,0.012492047622799873,0.10100940614938736,0.04043015092611313,0.0,0.4646369516849518,0.0,0.0,0.06151716411113739,0.010893299244344234,0.07724704593420029,0.0,0.006620869506150484,0.002035691635683179,0.051235899329185486,0.1088574007153511,0.0,0.1649283617734909,0.01710348390042782,0.07059884071350098,0.0,0.02172233536839485,0.34479740262031555,0.019477063789963722,0.0898686945438385,0.10277629643678665,0.16348904371261597,0.034949444234371185,0.013186037540435791,0.10718844085931778,0.12951262295246124,0.0295550674200058,0.22452987730503082,0.0,0.0,0.339572936296463,0.0018581402255222201,0.0,0.018991462886333466,0.0,0.0,0.10740341246128082,0.0,0.0027794563211500645,0.004631726536899805,0.0,0.0,0.0,0.23889172077178955,0.05108482763171196,0.0,0.003376033389940858,0.04120967909693718,0.0,0.0008400684455409646,0.07961873710155487,0.0,0.0740191712975502,0.0,0.1515166312456131,0.001423258800059557,0.00936758890748024,0.042568959295749664,0.0,0.034969642758369446,0.0,0.05547313764691353,0.08675135672092438,0.0,0.07123389095067978,0.02253730595111847,0.10868597775697708,0.0,0.09372847527265549,0.05867980793118477,0.0003466694033704698,0.0,0.1976071298122406,0.0,0.0,0.007427362725138664,0.580534040927887,0.13704423606395721,0.0,0.021867336705327034,0.35761719942092896,0.0,0.0024525488261133432,0.0,0.23650318384170532,0.0,0.04809679836034775,0.0,0.0004646038869395852,0.0,0.0,0.10462702810764313,0.0,0.0,0.21817737817764282,0.01676509529352188,0.0,0.0,0.2058788537979126,0.0,0.003596625290811062,0.03163556754589081,0.020841103047132492,0.04291028901934624,0.02434712089598179,0.015624931082129478,0.052995406091213226,0.002284122398123145,0.0036377764772623777,0.2627098858356476,0.0,0.0,0.0,0.06170118227601051,0.05449540540575981,0.0,0.09975682944059372,0.0,0.0,0.2853672504425049,0.0,0.0,0.020496703684329987,0.0,0.0,0.049895115196704865,0.4227331876754761,0.0,0.0,0.2144901156425476,0.05364476144313812,0.0038094762712717056,0.08993444591760635,0.0,0.057138510048389435,0.026761768385767937,0.0,0.0,0.0,0.058368463069200516,0.009578073397278786,0.0,0.0011472183978185058,0.04727843776345253,0.06580652296543121,0.01642928086221218,0.17813880741596222,0.0010655105579644442,0.041448112577199936,0.02219218574464321,0.0,0.17974111437797546,0.0038097859360277653,0.008891746401786804,0.10555204749107361,0.01019134558737278,0.0,0.17225372791290283,0.02245645970106125,0.0,0.043480828404426575,0.3937864303588867,0.06807637959718704,0.06814970821142197,0.0,0.052636779844760895,0.1492428183555603,0.05899503827095032,0.06841505318880081,0.0,0.07314152270555496,0.009960672818124294,0.0779990702867508,0.036637499928474426,0.07535216957330704,0.39451706409454346,0.00871668104082346,0.4486689865589142,0.0,0.012972201220691204,0.020647265017032623,0.2538682520389557,0.10368146747350693,0.10783014446496964,0.10015919059515,0.0,0.014136454090476036,0.003135194769129157,0.017156697809696198,0.0,0.029480481520295143,0.0323820598423481,0.0,0.0,0.0,0.0,0.10331573337316513,0.0,0.0,0.08606353402137756,0.048028964549303055,0.2262166440486908,0.0,0.0,0.0,0.0,0.0,0.0,0.5008416175842285,0.0,0.0,0.0,0.0,0.1380135416984558,0.0,0.0,0.0,0.0858943909406662,0.00589176407083869,0.018693922087550163,0.22340354323387146,0.28285664319992065,0.0,0.013416335918009281,0.003818969242274761,0.03994537144899368,0.0,0.0,0.0,0.0,0.06751009821891785,0.0,0.0,0.0,0.00426862295717001,0.006326258182525635,0.2007858157157898,0.174087792634964,0.0,0.0006584340590052307,0.0,0.002469501458108425,0.0,0.3549356460571289,0.029579613357782364,0.28103387355804443,0.0,0.05858927220106125,0.006059205625206232,0.0,0.0,0.04503097012639046,0.0,0.03135334327816963,0.0,0.0,0.017722297459840775,0.0,0.00903732143342495,0.0,0.06657776236534119,0.0,0.042677994817495346,0.029444720596075058,0.0,0.0,0.0,0.0,0.0,0.8228936195373535,0.22164131700992584,0.0,0.0,0.02047145925462246,0.0089260907843709,0.011688675731420517,0.045279283076524734,0.0848265290260315,0.0,0.0,0.6680774688720703,0.0,0.0,0.0,0.02667411044239998,0.0,0.0,0.0,0.0,0.0,0.0,0.0,0.42234280705451965,0.03813277557492256,0.0,0.06686947494745255,0.0,0.009539318270981312,0.0,0.0,0.01563515141606331,0.0,0.009627041406929493,0.27688515186309814,0.025861170142889023,1.1698726415634155,0.0,0.0,0.007007701322436333,0.0,0.0,0.01877560466527939,2.2987489700317383,0.028257614001631737,0.0,0.0,0.035109974443912506,0.0032126486767083406,0.0,0.0,0.04528763145208359,0.0,0.0,0.570695161819458,0.0,0.020854054018855095,0.03840087354183197,0.0,0.0,0.0,0.05224316567182541,0.20899704098701477,0.04011859744787216,0.0,0.1552468240261078,0.0,0.0,0.0,0.0,0.0,0.09600704163312912,0.01133094634860754,0.02792680449783802,0.0050454651936888695,0.0,0.21399042010307312,0.023517852649092674,0.006380973383784294,0.06089567020535469,0.5340395569801331,0.0,0.008641538210213184,0.1854216754436493,0.0,0.01098668109625578,0.0,0.0013279542326927185,0.0,0.09954472631216049,0.0,0.0,0.0031215609051287174,0.0,0.0,0.010884009301662445,0.0,0.1285354048013687,0.027508074417710304,0.8999829292297363,0.0,0.03229003772139549,0.009094038978219032,0.0011144494637846947,0.032024964690208435,0.0,0.06789879500865936,0.0,0.0,0.5432140231132507,0.0,0.01796623319387436,0.0,0.0,0.0,0.0,0.051121365278959274,0.0,0.0,0.004430204629898071,0.0,0.0,0.0,0.0012966740177944303,0.0009335762006230652,0.0,0.0,0.0022032323759049177,0.0,0.008593196049332619,0.19176357984542847,0.0,0.10824546217918396,0.0,0.0,0.0,0.0,0.0,0.04151003807783127,0.0,0.0029958176892250776,0.07684344053268433,0.00220567942596972,0.0,0.0,0.009092037566006184,0.21709249913692474,0.0,0.06269654631614685,0.010220441035926342,0.0,0.03556319326162338,0.0,0.017800845205783844,0.0,0.03259582445025444,0.0,0.0,0.0,0.04875147342681885,0.0,0.0,0.008844252675771713,0.046453461050987244,0.0,0.0,0.3128475248813629,0.09946773201227188,0.0,0.005287589970976114,0.0,0.0,0.03043936751782894,0.0,0.0006033969111740589,0.034822728484869,0.01946660317480564,0.0,0.009489539079368114,0.0,0.04530210793018341,0.00037501275073736906,0.0,0.0023311208933591843,0.05737651512026787,0.19536331295967102,0.03379787504673004,0.002281015506014228,0.002446749247610569,0.12410464882850647,0.011358950287103653,0.005739555228501558,0.0,0.29145118594169617,0.08663731813430786,0.06363169848918915,0.002711930312216282,0.0,0.0,1.0055041313171387,0.41703495383262634,0.09842202067375183,0.0,0.0,0.0,0.0,0.0,0.02637421526014805,0.0014173371018841863,0.51751708984375,0.010412638075649738,0.11185631901025772,0.0,0.0,0.0,0.0024491262156516314,0.03150060027837753,0.0,0.0,0.04352043196558952,0.23418408632278442,0.0,0.02372259646654129,0.2729392647743225,0.0067198253236711025,0.5198937058448792,0.0482611358165741,0.011549337767064571,0.25089991092681885,0.02850072830915451,0.038253381848335266,0.0,0.3312198519706726,0.019875694066286087,0.0,0.0036771034356206656,0.0,0.0,0.0,0.08059349656105042,0.0,0.0,0.3292609751224518,0.02131050080060959,0.0,0.0,0.07971109449863434,0.027791732922196388,0.0,0.002668551867827773,0.0,0.0,0.1425340473651886,0.004784958437085152,0.0,0.0,0.0577380433678627,0.001385278650559485,0.0,0.00379492761567235,0.0,0.0,0.0,0.0,0.0,0.24194906651973724,0.0067132748663425446,0.0,0.0050833458080887794,0.0,0.14635005593299866,0.0,0.0,0.011908216401934624,0.0,0.061866436153650284,0.012706894427537918,0.0,0.0,0.0,0.0,0.0,0.0,0.0,0.004200930241495371,0.0,0.0,0.0,0.015395957976579666,0.0,0.012630517594516277,0.0,0.03900446370244026,0.008090865798294544,0.024089891463518143,0.009244866669178009,0.05728306621313095,0.0,0.022680135443806648,0.0,0.14649991691112518,0.0077034165151417255,0.01714136078953743,0.1305982917547226,0.11042260378599167,0.0,0.0,0.0,0.00392322288826108,0.0,0.18386657536029816,0.0346439927816391,0.025196729227900505,0.0,0.015323523432016373,0.05635012313723564,0.039507921785116196,0.0,0.03176841884851456,0.0,0.0,0.0406421422958374,0.08024673163890839,0.0,0.022048581391572952,0.0,0.040453314781188965,0.014727323316037655,0.06857145577669144,0.04662498086690903,0.0,0.0,0.11645002663135529,0.12939247488975525,0.006857023108750582,0.0,0.0,0.006703860592097044,0.0,0.5600202083587646,0.014223801903426647,0.01279710978269577,0.0,0.14228318631649017,0.10210461914539337,0.09513810276985168,0.0,0.08605075627565384,0.0,0.0,0.21633991599082947,0.139576256275177,0.0,0.06769910454750061,0.0,0.7725481986999512,0.0,0.0,0.001461944542825222,0.0,0.003508185036480427,0.02041809819638729,0.0,0.0,0.05042139068245888,0.00219267001375556,0.1622229814529419,0.0,0.05725409835577011,0.0,0.0013958406634628773,0.013402960263192654,0.10896654427051544,0.18397317826747894,0.0,0.03310643509030342,0.1587611734867096,0.0,0.04102127626538277,0.013667438179254532,0.0,0.0,0.0895865261554718,0.039289966225624084,0.001778836245648563,0.0,0.028236646205186844,0.24464908242225647,0.01703561097383499,0.0,0.0,0.048041172325611115,0.09043901413679123,0.021189944818615913,0.007481949403882027,0.0,0.017298806458711624,0.0,0.0005335331079550087,0.01375691220164299,0.12569673359394073,0.005136995110660791,0.06763826310634613,0.015630876645445824,0.07787778228521347,0.6457345485687256,0.07206403464078903,0.10828220099210739,0.013286450877785683,0.0690203607082367,0.005182256922125816,0.0,0.0,0.0016585922567173839,0.03057994320988655,0.015788936987519264,0.043846968561410904,0.009776601567864418,0.046786241233348846,0.005219427403062582,0.32236069440841675,0.14694494009017944,0.0,0.03957110270857811,0.006392285693436861,0.20625248551368713,0.33405259251594543,0.03958502784371376,0.023864200338721275,0.567904531955719,0.023693876340985298,0.749753475189209,0.07627089321613312,0.0,0.0,0.0,0.0789368599653244,0.0,0.08869929611682892,0.0,0.0,0.045686956495046616,0.0,0.02483382448554039,1.2334245443344116,0.15509146451950073,0.018351569771766663,0.0,0.062413234263658524,0.0,0.05180486664175987,0.018650002777576447,0.004937842022627592,0.0,0.40643757581710815,0.04931747540831566,0.038059793412685394,0.004361368250101805,0.0,0.0,0.06273127347230911,0.0,0.11178881675004959,0.06505095213651657,0.0,0.2265714704990387,0.004946615546941757,0.044149886816740036,0.0,0.004319880157709122,0.0,0.0,0.6913790106773376,0.3642142117023468,0.0,0.06734589487314224,0.16004104912281036,0.03245801106095314,0.0804150402545929,0.007857679389417171,0.03337518125772476,0.0030600421596318483,0.0,0.0029069017618894577,0.0,0.027178039774298668,0.0,0.08531355112791061,0.0,0.0775919258594513,0.09473101794719696,0.006208430510014296,0.0,0.035811897367239,0.02843407168984413,0.03996320441365242,0.21965807676315308,0.004653217736631632,0.0,0.13259130716323853,0.0,0.023040689527988434,0.07373735308647156,0.0009558844612911344,0.04267793521285057,0.005629546474665403,0.0,0.00834344420582056,0.38318052887916565,0.0,0.02799498289823532,0.01709829270839691,0.0,0.0,0.0,0.030045421794056892,0.0,0.0,0.022731540724635124,0.034235239028930664,0.014912125654518604,0.0,0.01541205495595932,0.0,0.7399681210517883,0.1342562735080719,0.0,0.2581021785736084,0.06733471155166626,0.006218997295945883,0.006581978872418404,0.0,0.023404983803629875,0.0,0.008164215832948685,0.0643574446439743,0.008805200457572937,0.010610511526465416,0.0,0.0,0.0,0.010824926197528839,0.0,0.08572475612163544,0.051751408725976944,0.02157926745712757,0.03585764020681381,0.17134098708629608,0.08021651208400726,0.03272951766848564,0.10961652547121048,0.03449619561433792,0.0,0.14274121820926666,0.0,0.0,0.0,0.034845851361751556,0.01988052763044834,0.0,0.06716103106737137,0.23002687096595764,0.0,0.0,0.0,0.0478595606982708,0.0,0.0,0.06294797360897064,0.002895543584600091,0.004266579169780016,0.06477546691894531,0.005804998800158501,0.0016379469307139516,0.017850032076239586,0.0,0.0,0.00010802507313201204,0.0,0.04628393054008484,0.1997848004102707,0.007277078460901976,0.4657137989997864,0.019415607675909996,0.026243174448609352,0.1895977407693863,0.0,0.019471120089292526,0.0,0.0,0.0,0.0016349124489352107,0.16218623518943787,0.42889976501464844,0.0003166055539622903,0.01409291010349989,0.0,0.0,0.009912451729178429,0.0,0.0059936572797596455,0.0,0.0,0.4831966459751129,0.0,0.0,0.0,0.0,0.16436077654361725,0.006681833881884813,0.0,0.0,0.0,0.19260619580745697,0.017585374414920807,0.056616660207509995,0.0020528340246528387,0.0,0.009050566703081131,0.00484388368204236,0.0,0.0,0.08293753862380981,0.019159497693181038,0.03594342991709709,0.014391751028597355,0.0,0.0,0.04130863770842552,0.0,0.01394243910908699,0.0,0.0,0.014955434948205948,0.061592523008584976,0.08622929453849792,0.0,0.03227079659700394,0.06256704032421112,0.08007785677909851,0.0,0.0446346178650856,0.5751137733459473,0.00472656823694706,0.2662101984024048,0.05038423463702202,0.14420254528522491,0.02518104948103428,0.2237652838230133,0.0,0.006783192045986652,0.0,0.05517847463488579,0.017328914254903793,0.0108718266710639,0.0,0.01682968996465206,0.0,0.046330858021974564,0.0022922800853848457,0.06369323283433914,0.0,0.3848380744457245,0.02192998118698597,0.04158642888069153,0.0,0.0,0.059329576790332794,0.0,0.039248157292604446,0.015243330039083958,0.0,0.005838335957378149,0.033120155334472656,0.0,0.013654451817274094,0.06708530336618423,0.01813911274075508,0.003620388451963663,0.0005523943691514432,0.010081656277179718,0.008831760846078396,0.011723816394805908,0.0,0.0,0.0,0.05161571875214577,0.11048612743616104,0.7556982636451721,0.0,0.0,0.0,0.0,0.0,0.07669171690940857,0.0,0.0,0.0,0.0,0.0,0.012887213379144669,0.13243728876113892,0.0,0.0014675200218334794,0.19425219297409058,0.035867124795913696,0.18778656423091888,0.035811055451631546,0.08372501283884048,0.0,0.1826917678117752,0.0,0.0,0.02286403253674507,0.03163732588291168,0.0025374125689268112,0.0,0.3138970136642456,0.0,0.0,0.11033923923969269,0.0,0.0,0.0,0.0,0.002595882397145033,0.0,0.022846419364213943,0.06407912075519562,0.008171956986188889,0.0,0.0,0.018340231850743294,0.012547621503472328,0.0,0.0031596494372934103,0.07480093836784363,0.01876204088330269,0.05817775800824165,0.07620549201965332,0.0,0.04172872379422188,0.0,0.0,0.0,0.08460327982902527,0.0,0.0,0.050450392067432404,0.001159218605607748,0.0018197345780208707,0.0,0.0,0.07619912922382355,0.0,0.0,0.0,0.0,0.0,0.0,0.015970615670084953,0.005468692630529404,0.016160203143954277,0.586296558380127,0.0,0.010372149758040905,0.0,0.0,0.0,0.20248380303382874,0.0,0.09235715866088867,0.2763461172580719,0.0,0.0,0.012457429431378841,0.0,0.0,0.0,0.0,0.3747788965702057,0.0,0.0,0.0,0.0,0.0,0.4014061391353607,0.11455430090427399,0.005123077426105738,0.0,0.01056714728474617,0.14336393773555756,0.3172442317008972,0.0,0.0,0.02480125240981579,0.0,0.0,0.0,0.0,0.0,0.017322523519396782,0.0,0.0,0.0,0.0,0.2471287101507187,0.0,0.030512288212776184,0.01813742332160473,0.0234112199395895,0.0,0.36285296082496643,0.1466449797153473,0.0019066228996962309,0.08918771147727966,0.0023801876232028008,0.0,0.0,0.0027111333329230547,0.04925290495157242,0.0,0.0,0.04032892361283302,0.0,0.01937194913625717,0.026928797364234924,0.03125813230872154,0.0,0.007952542044222355,0.003232234623283148,0.1274569183588028,0.0044900341890752316,0.008287960663437843,0.010081980377435684,0.0,0.07329282909631729,0.026647770777344704,0.0414334312081337,0.03530178591609001,0.0,0.0,0.008202674798667431,0.058113086968660355,0.0,0.0,0.026165014132857323,0.0,0.021858153864741325,0.0,0.0,0.0,0.0,0.0031573439482599497,0.008906001225113869,0.005505361128598452,0.0,0.0,0.0729164183139801,0.04424640163779259,0.07435975223779678,0.008811956271529198,0.017931945621967316,0.00046221911907196045,0.0,0.0011757791507989168,0.3047695755958557,0.0,0.071650430560112,0.04728735610842705,0.004554791375994682,0.0,0.29795706272125244,0.008074888959527016,0.05173993110656738,0.0
0.005917317699640989,0.0010061871726065874,0.333367258310318,0.00527487276121974,0.0,0.0,0.010442166589200497,0.0025877952575683594,0.0,0.09849992394447327,0.0,0.0676095262169838,0.01858864165842533,0.29493212699890137,0.08054933696985245,0.15413494408130646,0.007811019197106361,0.03170501068234444,0.0,0.29279857873916626,0.016260512173175812,0.0,0.042906228452920914,0.14863362908363342,0.056827615946531296,0.12016493827104568,0.0,0.0,0.0,0.0,0.4071747660636902,0.10639841109514236,0.0005508446483872831,0.0,0.2931187152862549,0.20905250310897827,0.004225726239383221,0.033621519804000854,0.0,0.0928272232413292,0.3476699888706207,0.0,0.003210977418348193,0.1087130531668663,0.4877212643623352,0.01767250895500183,0.042756929993629456,0.0,0.2211904078722,0.0,0.0,0.15545086562633514,0.011536817997694016,0.1443527191877365,0.03203090652823448,0.0,0.0,0.0,0.10928685963153839,0.006407942622900009,0.0,0.4110105633735657,0.04882759973406792,0.0,0.011431391350924969,0.38804763555526733,0.08343162387609482,0.018104784190654755,0.025921020656824112,0.0,0.20280694961547852,0.022251233458518982,0.012914237566292286,0.08263077586889267,0.009874453768134117,0.13363812863826752,0.36318981647491455,0.0041882251389324665,0.12606553733348846,0.4092399477958679,0.0,0.11401050537824631,0.0,0.0691182017326355,0.0222257599234581,0.31511297821998596,0.03075343556702137,0.0,0.0,0.024963270872831345,0.013797705061733723,0.027987103909254074,0.2289595752954483,0.5215659141540527,0.006839785724878311,0.207967147231102,0.027107758447527885,0.010607361793518066,0.0,0.0,0.032983724027872086,0.039116669446229935,0.16239570081233978,0.01564105600118637,0.08342484384775162,0.0,0.027456672862172127,0.0,0.0,0.0049300407990813255,0.01643977127969265,0.0159455519169569,0.0,0.15545380115509033,0.0,0.4175335764884949,0.0,0.10327134281396866,0.0,0.15700367093086243,0.018389414995908737,0.0038252519443631172,0.31969115138053894,0.035540416836738586,0.0,0.0,0.16988372802734375,0.02226480282843113,0.12179211527109146,0.008300402201712132,0.11111453920602798,0.003007724182680249,0.04398845508694649,0.0,0.053207818418741226,0.08237726241350174,0.0034716760274022818,0.0007058429764583707,0.011790994554758072,0.0,0.09802521020174026,0.03863297402858734,0.0,0.031234316527843475,0.20616953074932098,0.0,0.015424043871462345,0.27598240971565247,0.011486160568892956,0.03987178951501846,0.0414586067199707,0.0,0.065888412296772,0.07554212212562561,0.0,0.04040397331118584,0.008221638388931751,0.015505509451031685,0.10310526192188263,0.07614566385746002,0.004618441220372915,0.006020482629537582,0.03138495981693268,0.43303513526916504,0.07156705111265182,0.0,0.2589552402496338,0.0,0.11869458854198456,0.3509792685508728,0.1309853494167328,0.03520401567220688,0.08235206454992294,0.23441341519355774,0.04410716891288757,0.04469013586640358,0.504793107509613,0.009879566729068756,0.0,0.3038407564163208,0.0,0.0,0.03114749863743782,0.014126289635896683,0.014975478872656822,0.2817205786705017,0.1793368011713028,0.06717037409543991,0.050384387373924255,0.30302414298057556,0.028369205072522163,0.07207341492176056,0.0,0.010570330545306206,0.018696222454309464,0.03582039847970009,0.014425897970795631,0.022775745019316673,0.2561816871166229,0.0,0.14206799864768982,0.017454341053962708,0.0,0.10178916901350021,0.0,0.018723970279097557,0.03496368229389191,0.007203280925750732,0.04871344193816185,0.13118577003479004,0.16023431718349457,0.0,0.2279110550880432,0.0,0.012508735992014408,0.029441356658935547,0.041743144392967224,0.0308181531727314,0.0,0.007492890581488609,0.04933738708496094,0.02453443594276905,0.20407551527023315,0.16438880562782288,0.0,0.17698387801647186,0.009195919148623943,0.022016271948814392,0.0893087163567543,0.11108651012182236,0.16329896450042725,0.01428330410271883,0.21788938343524933,0.07176519185304642,0.13195417821407318,0.2896769642829895,0.011037163436412811,0.10509727150201797,0.040769241750240326,0.0,0.0,0.07090810686349869,0.08438966423273087,0.0,0.11285029351711273,0.038048550486564636,0.01636439748108387,0.05161447450518608,0.0,0.012201969511806965,0.019219636917114258,0.004590999335050583,0.00657109497115016,0.015320093370974064,0.009654121473431587,0.0930795893073082,0.0,0.06885093450546265,0.042086124420166016,0.5022973418235779,0.0,0.015810558572411537,0.01058010384440422,0.0,0.1230911836028099,0.0329020731151104,0.08127141743898392,0.06329012662172318,0.009066231548786163,0.044999152421951294,0.09276873618364334,0.012945366092026234,0.0,0.09447389841079712,0.047147925943136215,0.0,0.0337098203599453,0.024041328579187393,0.11321078985929489,0.13741539418697357,0.001400234643369913,0.0,0.016301391646265984,0.12407497316598892,0.024551639333367348,0.6362766027450562,0.0,0.0,0.16905337572097778,0.08423736691474915,0.14034096896648407,0.17946377396583557,0.03609845042228699,0.0,0.040798693895339966,0.024739479646086693,0.1532507836818695,0.0,0.27814847230911255,0.013337092474102974,0.016649343073368073,0.03178367018699646,0.1610894352197647,0.14649003744125366,0.14264698326587677,0.0,0.012134240008890629,0.024584708735346794,0.0,0.0,0.0,0.08524101227521896,0.013386382721364498,0.16993282735347748,0.06661304831504822,0.31140848994255066,0.03339296951889992,0.006919558160007,0.17779342830181122,0.04150967299938202,0.0,0.035801101475954056,0.0,0.0,0.7189955711364746,0.0,0.0,0.01727430149912834,0.0,0.0,0.0,0.04931768402457237,0.0,0.0,0.032480958849191666,0.0,0.0,0.0,0.008713451214134693,0.08216987550258636,0.07916992157697678,0.0010017406893894076,0.0,0.0,0.0,0.0,0.0,0.0,0.0,0.0,0.1877431720495224,0.00321330432780087,0.14593499898910522,0.027744818478822708,0.31548380851745605,0.0,0.0,0.0,0.08377484232187271,0.01085946336388588,0.004196656867861748,0.0,0.0,0.0,0.0,0.0,0.0852314755320549,0.04552118480205536,0.0036135422997176647,0.0,0.5041044354438782,0.0,0.0,0.053092166781425476,0.014394961297512054,0.0,0.0049147154204547405,0.0,0.007448371034115553,0.17393022775650024,0.03170023858547211,0.0,0.0,0.0,0.011813133023679256,0.0,0.0,0.04736112430691719,0.0,0.0044684200547635555,0.23517709970474243,0.0,0.0,0.0,0.0,0.0,0.1126243993639946,0.0,0.10185743123292923,0.005670785903930664,0.0,0.02181047387421131,0.0,0.0,0.0008409160654991865,0.0,0.03171394020318985,0.0,0.0,0.045752204954624176,0.0,0.0,0.0,0.0,0.003752391319721937,0.0,0.0,0.0,0.0,0.0,0.0315268412232399,0.0,0.06567151844501495,0.0,0.005190620198845863,0.17369014024734497,0.012238893657922745,0.007525384426116943,0.010928676463663578,0.16368204355239868,0.0,0.0,0.0,0.1059674322605133,0.0,0.0,0.0,0.010503808036446571,0.0015542990295216441,0.003827269421890378,0.0,0.0,0.007515515200793743,0.016323572024703026,0.0,0.0,0.11535117775201797,0.0,0.02178000472486019,0.025737252086400986,0.010632631368935108,0.0,0.0,0.022768821567296982,0.0,0.0,0.0,0.0,0.030742954462766647,0.0,0.0,0.22850708663463593,0.0,0.0,0.07227407395839691,0.21531538665294647,0.0764964371919632,0.0,0.0,0.0,0.0,0.0,0.024987755343317986,0.0,0.016724538058042526,0.0,0.0,0.02945588529109955,0.05344327539205551,0.0,0.0,0.0,0.20754028856754303,0.008201911114156246,0.03854325786232948,0.25177109241485596,0.015935134142637253,0.0,0.0,0.0,0.003080225083976984,0.0,0.0,0.0,0.0,0.0,0.0,0.01247455831617117,0.016776181757450104,0.0,0.0,0.0,0.008084915578365326,0.02516835741698742,0.0038002997171133757,0.0,0.0,0.0033249948173761368,0.17625486850738525,0.016235364601016045,0.032083816826343536,0.013730892911553383,0.0,0.010107937268912792,0.0,0.0,0.161784827709198,0.047539178282022476,0.0,0.029733365401625633,0.0,0.0,0.4210604727268219,0.0,0.0,0.0,0.0,0.0,0.0,0.03037487529218197,0.02755938470363617,0.0,0.0023308300878852606,0.0,0.0,0.13213595747947693,0.0,0.0,0.0,0.004036867991089821,0.011543276719748974,0.039306316524744034,0.0,0.07331165671348572,0.0,0.0,0.018495073541998863,0.0,0.0,0.0,0.0,0.030679870396852493,0.019781770184636116,0.18857233226299286,0.008993425406515598,0.00384755851700902,0.0,0.0,0.02848242223262787,0.0,0.006232391577214003,0.07286138832569122,0.02562098018825054,0.0,0.2300884872674942,0.043184489011764526,0.004803277086466551,0.0,0.06589587032794952,0.26198071241378784,0.0,0.028735678642988205,0.06302975863218307,0.0,0.0,0.021455960348248482,0.0,0.0,0.0,0.0015838027466088533,0.0283980593085289,0.0,0.0569995678961277,0.0,0.122515007853508,0.028026435524225235,0.06924412399530411,0.022713763639330864,0.0,0.0,0.0,0.0,0.007527048699557781,0.0,0.0,0.2070687711238861,0.0056253899820148945,0.05180006101727486,0.0,0.0,0.0,0.0,0.0,0.005357014946639538,0.0,0.0,0.0,0.4736829102039337,0.009132267907261848,0.01981847733259201,0.0,0.15620526671409607,0.0,0.0,0.010114120319485664,0.008153274655342102,0.011525383219122887,0.07292395830154419,0.0,0.0,0.0008790325955487788,0.0,0.0,0.0,0.019748911261558533,0.0019582565873861313,0.0,0.017640741541981697,0.0,0.06801880896091461,0.04174959659576416,0.013696192763745785,0.0,0.0,0.0,0.0,0.0,0.004039532970637083,0.0,0.0,0.0,0.0,0.16286355257034302,0.022009149193763733,0.0,0.0,0.0,0.0,0.006848284043371677,0.0,0.0,0.014052463695406914,0.0,0.0,0.008466625586152077,0.0,0.0,0.08182865381240845,0.006621592678129673,0.1806989461183548,0.03825967013835907,0.0,0.26833754777908325,0.0011490352917462587,0.12315518409013748,0.013459539040923119,0.0,0.14019770920276642,0.0,0.03794443979859352,0.05917816236615181,0.0,0.038194622844457626,0.00494710449129343,0.0,0.0,0.0,0.0,0.0,0.06196248158812523,0.0,0.07025626301765442,0.0,0.0,0.0,0.14253348112106323,0.00708446279168129,0.0,0.0,0.0,0.04061241075396538,0.12575694918632507,0.0,0.007744151167571545,0.06630615890026093,0.04706934094429016,0.0,0.0,0.008880950510501862,0.03850942850112915,0.0,0.0,0.42627742886543274,0.06442174315452576,0.029064960777759552,0.0,0.0142202815040946,0.0,0.10967037081718445,0.004757690243422985,0.0,0.0,0.0,0.010548272170126438,0.15156808495521545,0.18438862264156342,0.03781808167695999,0.0,0.007074580993503332,0.09628887474536896,0.0,0.0,0.0,0.05644696205854416,0.0,0.006125228479504585,0.0,0.05281071737408638,0.0,0.2254173904657364,0.0,0.0,0.0,0.28807583451271057,0.06758735328912735,0.0,0.018317878246307373,0.54964280128479,0.0,0.01835700124502182,0.0,0.017021480947732925,0.0,0.0,0.0,0.01410804782062769,0.2553437054157257,0.0,0.14998213946819305,0.0,0.0,0.0061652036383748055,0.0007009506225585938,0.0,0.00674463389441371,0.005267386324703693,0.0,0.29442262649536133,0.05434186011552811,0.0,0.0,0.004427781794220209,0.09696134924888611,0.03063781186938286,0.43695876002311707,0.0,0.0,0.0,0.06431076675653458,0.0,0.08173082023859024,0.13722127676010132,0.08340055495500565,0.17937307059764862,0.01563197933137417,0.0016872024862095714,0.01351209357380867,0.023938335478305817,0.024486374109983444,0.01932886615395546,0.0,0.0,0.18237937986850739,0.013893494382500648,0.033950552344322205,0.0,0.017348483204841614,0.0807090476155281,0.2146327942609787,0.0006020000437274575,0.03348398208618164,0.014880462549626827,0.04656939581036568,0.0,0.0,0.0,0.09806562215089798,0.0,0.0,0.13931947946548462,0.05441993847489357,0.041713036596775055,0.0,0.013075768947601318,0.0,0.0,0.02858244813978672,0.06737817078828812,0.047617100179195404,0.0,0.1466090828180313,0.0,0.0028614155016839504,0.0,0.006409065797924995,0.05907142162322998,0.32012736797332764,0.03391597419977188,0.10210207104682922,0.04261745885014534,0.0,0.001916971174068749,0.0021911882795393467,0.0,0.0,0.0026922053657472134,0.009075310081243515,0.0,0.0,0.042698346078395844,0.20027339458465576,0.0,0.0,0.015454156324267387,0.01655510812997818,0.0,0.18812355399131775,0.0,0.0,0.07004143297672272,0.03453739732503891,0.0,0.05065417289733887,0.007488722912967205,0.25713324546813965,0.0,0.0,0.51207035779953,0.0,0.026200704276561737,0.0037679821252822876,0.0,0.0,0.0,0.03136442229151726,0.013855771161615849,0.0,0.16488531231880188,0.0,0.0,0.0,0.0,0.0,0.01094383280724287,0.0,0.021628636866807938,0.0015318357618525624,0.005842804908752441,0.0,0.0,0.3742930293083191,0.0,0.0,0.0,0.01634651981294155,0.0,0.0,0.62325119972229,0.057273730635643005,0.01179492473602295,0.013913405127823353,0.07187286019325256,0.0,0.0021360658574849367,0.0,0.2260974943637848,0.007354774512350559,0.07604315131902695,0.017655519768595695,0.017094068229198456,0.000703050522133708,0.01669423282146454,0.18973056972026825,0.0,0.02357383258640766,0.0,0.1346738189458847,0.026194177567958832,0.09540602564811707,0.018523292616009712,0.06481186300516129,0.03286464512348175,0.0,0.4869616627693176,0.0007236930541694164,0.0,0.043838273733854294,0.005209367722272873,0.08355406671762466,0.0,0.004829604644328356,0.0006582117057405412,0.07553967833518982,0.13977330923080444,0.002146208193153143,0.14728745818138123,0.02865588665008545,0.09430387616157532,0.0,0.01672791875898838,0.31188589334487915,0.0,0.12077575922012329,0.11083392798900604,0.17787958681583405,0.07926010340452194,0.02736411616206169,0.10915490984916687,0.11689615994691849,0.009290505200624466,0.19783170521259308,0.0,0.0,0.41396450996398926,0.006566442083567381,0.0,0.027497615665197372,0.0,0.0,0.08344712853431702,0.003658304223790765,0.0031080651096999645,0.0,0.0,0.0028046017978340387,0.004752514883875847,0.2233704775571823,0.07255300879478455,0.0,0.0,0.0378580316901207,0.0,0.0,0.08084277808666229,0.00937630608677864,0.1252135932445526,0.0,0.14663369953632355,0.0,0.0009578412864357233,0.06443649530410767,0.0,0.0317324623465538,0.0,0.04950673505663872,0.17846041917800903,0.0001036289322655648,0.0855463445186615,0.022739475592970848,0.0658973753452301,0.0,0.07735924422740936,0.043675169348716736,0.0061324830166995525,0.0,0.23448914289474487,0.0,0.0,0.0,0.5131597518920898,0.13073329627513885,0.003192958887666464,0.013920350931584835,0.34659022092819214,0.008623837493360043,0.008711441420018673,0.0,0.24887220561504364,0.0,0.025958579033613205,0.0021508329082280397,0.0,0.0,0.002456127433106303,0.08425207436084747,0.009428756311535835,0.0,0.14530417323112488,0.05728692188858986,0.0,0.0,0.27042141556739807,0.0,0.012922138907015324,0.0036579915322363377,0.02376420982182026,0.04956457018852234,0.05126902088522911,0.011265805922448635,0.0884428471326828,0.002468606922775507,0.0162858534604311,0.2990773320198059,0.0,0.0,0.0,0.0825037881731987,0.08374861627817154,0.0,0.08851037174463272,0.0,0.0,0.335438072681427,0.005815067328512669,0.0,0.026866715401411057,0.0,0.0,0.02145695686340332,0.4253067672252655,0.0,0.001831023138947785,0.23173455893993378,0.053456682711839676,0.0027415468357503414,0.07933421432971954,0.0,0.07036998122930527,0.039614297449588776,0.0,0.0,0.0,0.053003691136837006,0.0014459252124652267,0.0,0.015199842862784863,0.05528387054800987,0.08488498628139496,0.016205478459596634,0.17310994863510132,0.0,0.05382751300930977,0.020724201574921608,0.0,0.19203174114227295,0.0,0.006282063201069832,0.1274426132440567,0.0015515018021687865,0.0,0.1404004842042923,0.0653245821595192,0.008469275198876858,0.022747822105884552,0.4358164072036743,0.10128971934318542,0.06127430871129036,0.0,0.05695817992091179,0.16109737753868103,0.03720448166131973,0.09873185306787491,0.0,0.07017004489898682,0.006772694643586874,0.052680980414152145,0.01395042147487402,0.0723506510257721,0.2999364137649536,0.008920836262404919,0.43808940052986145,0.0,0.02030775137245655,0.027506504207849503,0.25903093814849854,0.12159170210361481,0.11703658103942871,0.1405854970216751,0.0,0.013485589064657688,0.011591102927923203,0.015076710842549801,0.0,0.01934071071445942,0.03361732140183449,0.0,0.0,0.000199960166355595,0.0,0.12369673699140549,0.0,0.0,0.09019071608781815,0.04490376636385918,0.2975187599658966,0.0,0.0,0.0,0.0,0.0,0.0,0.45374739170074463,0.0,0.0,0.0,0.0,0.22287343442440033,0.0,0.0,0.0,0.058812037110328674,0.017203381285071373,0.04352729767560959,0.2419821321964264,0.37822964787483215,0.0,0.005614644382148981,0.0,0.03149907663464546,0.0,0.0,0.0,0.0,0.03647029399871826,0.0,0.0,0.0,0.0176243856549263,0.004461105912923813,0.16864663362503052,0.18919792771339417,0.0,0.0012191352434456348,0.0,0.017022812739014626,0.0,0.3319501578807831,0.02647310309112072,0.2622031271457672,0.0,0.05410731956362724,0.0057937633246183395,0.0,0.0,0.04387713968753815,0.0,0.031884487718343735,0.0,0.005162026733160019,0.027040725573897362,0.0,0.022144198417663574,0.0,0.06929757446050644,0.0,0.0478668175637722,0.025481801480054855,0.0,0.0,0.0030620878096669912,0.0,0.0,0.9093952775001526,0.18730366230010986,0.0,0.0,0.014228904619812965,0.0,0.004897432401776314,0.044429853558540344,0.08168485015630722,0.0,0.0,0.6306174993515015,0.0,0.0,0.0,0.001584135345183313,0.0,0.0,0.0,0.0,0.0,0.0,0.0,0.5436885952949524,0.016900546848773956,0.0,0.10169462114572525,0.0,0.01193983294069767,0.00327974371612072,0.0,0.0,0.002972605172544718,0.005151960998773575,0.28512394428253174,0.014610221609473228,1.2814639806747437,0.0,0.006203786004334688,0.004314622841775417,0.0,0.0,0.013305752538144588,2.2914059162139893,0.008811078034341335,0.0,0.0,0.029700584709644318,0.0,0.0,0.0,0.020038995891809464,0.0,0.0,0.4832167327404022,0.0,0.018268071115016937,0.03856251761317253,0.0,0.0,0.0,0.0744570642709732,0.23781169950962067,0.03901444002985954,0.0,0.14821605384349823,0.0,0.0,0.0,0.0,0.0,0.1016269326210022,0.01106751337647438,0.012215869501233101,0.010869073681533337,0.0,0.17101049423217773,0.030209055170416832,0.011522989720106125,0.04401763528585434,0.5860594511032104,0.0,0.008209514431655407,0.15500973165035248,0.0,0.024818627163767815,0.0,0.008301259949803352,0.0,0.03181539475917816,0.0,0.0,0.0,0.0,0.0,0.007073127198964357,0.0,0.061295200139284134,0.017629163339734077,1.138516902923584,0.0,0.02535504847764969,0.0,0.013461989350616932,0.030289582908153534,0.0,0.05735645443201065,0.0,0.0,0.4850641191005707,0.0,0.02190953679382801,0.0,0.0,0.0,0.0,0.06069435924291611,0.0028051971457898617,0.0,0.0,0.0,0.0,0.0,0.0,0.009261300787329674,0.0,0.0,0.0010865352815017104,0.0,0.016426492482423782,0.1878446340560913,0.0,0.11642089486122131,0.0,0.0,0.0,0.009380203671753407,0.0,0.05792566388845444,0.0,0.0015773868653923273,0.011334671638906002,0.0,0.0004988971631973982,0.0,0.034545835107564926,0.04930607229471207,0.0,0.07555914670228958,0.011820189654827118,0.0,0.013711333274841309,0.0,0.016629477962851524,0.0,0.021995414048433304,0.0,0.0,0.0,0.041395362466573715,0.0,0.0,0.0,0.06943687796592712,0.00893930159509182,0.0013478350592777133,0.36812150478363037,0.1000271812081337,0.0,0.0,0.0,0.01488663163036108,0.02545279450714588,0.0,0.009104451164603233,0.15932105481624603,0.009918182156980038,0.0,0.008339264430105686,0.0,0.052339643239974976,0.0,0.0,0.0,0.07648421078920364,0.20648527145385742,0.03578195720911026,0.0,0.008884844370186329,0.21714279055595398,0.012298489920794964,0.0,0.0,0.29416730999946594,0.10832753032445908,0.04866773635149002,0.05415133386850357,0.0,0.0,1.0404495000839233,0.4361262619495392,0.09654640406370163,0.0,0.0,0.0,0.0,0.0,0.01968536153435707,0.0,0.570670485496521,0.002005760557949543,0.13089695572853088,0.0,0.0,0.0,0.003628258593380451,0.0322924442589283,0.0,0.0,0.06966209411621094,0.09776069968938828,0.0,0.01999305561184883,0.4059201776981354,0.012465439736843109,0.45602306723594666,0.05113769695162773,0.0046044583432376385,0.321717232465744,0.032682549208402634,0.06258036196231842,0.0,0.4149221181869507,0.022748790681362152,0.0,0.0,0.0,0.0,0.0,0.15095722675323486,0.0,0.0,0.27669578790664673,0.03619886562228203,0.0,0.0,0.08304241299629211,0.03565443679690361,0.0,0.0,0.0,2.9730797450611135e-06,0.09814070910215378,0.0,0.0,0.0,0.03918413817882538,0.006214935798197985,0.0,0.002629985800012946,0.0,0.0,0.0,0.0,0.0,0.2568460702896118,0.004151976201683283,0.0,0.02331259660422802,0.0,0.1386614292860031,0.0,0.0,0.008347651921212673,0.0,0.046367645263671875,0.013528535142540932,0.0,0.0,0.0,0.0,0.0,0.0,0.0,0.0,0.0,0.0,0.0,0.024688877165317535,0.0,0.011127876117825508,0.0,0.044748175889253616,0.004139616619795561,0.020380370318889618,0.00853246171027422,0.07632093876600266,0.0,0.03311292082071304,0.0,0.13489921391010284,0.01094056386500597,0.018176136538386345,0.05250491946935654,0.0935470312833786,0.0,0.0,0.0,0.002693719929084182,0.016200490295886993,0.23900489509105682,0.020711194723844528,0.028800254687666893,0.0,0.02083185873925686,0.03754164278507233,0.05884774774312973,0.0,0.008800105191767216,0.0,0.0,0.03650073707103729,0.09286127239465714,0.0015922891907393932,0.02229727804660797,0.0,0.03275662288069725,0.016878759488463402,0.05621671304106712,0.042030125856399536,0.0,0.0,0.1454799622297287,0.06462416052818298,0.0066886162385344505,0.007465699687600136,0.0,0.009300896897912025,0.0,0.6025360226631165,0.003038847353309393,0.0,0.0,0.14847701787948608,0.061502646654844284,0.034567248076200485,0.0,0.07352425903081894,0.0,0.0,0.26100388169288635,0.20355606079101562,0.0,0.07235297560691833,0.0001734781253617257,0.7754961252212524,0.0,0.0,0.0027395940851420164,0.0,0.008079787716269493,0.030104441568255424,0.0,0.0,0.05574646592140198,0.004257427994161844,0.2141784429550171,0.0,0.0765206590294838,0.0,0.0014423727989196777,0.02399490587413311,0.11121141165494919,0.19976723194122314,0.0013597575016319752,0.020923828706145287,0.10606355965137482,0.0061212037689983845,0.02665070816874504,0.015269534662365913,0.0,0.0,0.09392595291137695,0.03190433606505394,0.0009167599491775036,0.0,0.028051387518644333,0.22171218693256378,0.009764892980456352,0.0,0.004074641969054937,0.054603494703769684,0.06177101284265518,0.012543213553726673,0.0024123084731400013,0.0,0.014460500329732895,0.0,0.0,0.013729157857596874,0.1292697787284851,0.0,0.07662147283554077,0.014624766074120998,0.08054965734481812,0.6690933704376221,0.05106852576136589,0.05731268972158432,0.016019325703382492,0.05741503834724426,0.0011863016989082098,0.0,0.0,0.0,0.04052826762199402,0.011177996173501015,0.049177251756191254,0.0,0.014596817083656788,0.0051091518253088,0.38629528880119324,0.11781732738018036,0.0,0.04603072628378868,0.007623818702995777,0.21747207641601562,0.3136201500892639,0.04067585989832878,0.018081530928611755,0.5747827887535095,0.009395632892847061,0.782439112663269,0.0683254599571228,0.0018848967738449574,0.0,0.0,0.07664176821708679,0.0,0.0673767551779747,0.0,0.0,0.025045085698366165,0.0,0.034858718514442444,1.2582530975341797,0.16167515516281128,0.011038469150662422,0.0,0.059389591217041016,0.0,0.04850918799638748,0.03730848804116249,0.0020479296799749136,0.0,0.4745452404022217,0.03718538582324982,0.04015401750802994,0.02909589558839798,0.0,0.0,0.07498665153980255,0.002834100741893053,0.10914751142263412,0.05475538223981857,0.0,0.19947603344917297,0.0,0.04537337273359299,0.0,0.005678830202668905,0.0,0.0,0.6892195343971252,0.3980163633823395,0.0007207286544144154,0.06500814110040665,0.1900930553674698,0.03090118244290352,0.16646189987659454,0.008344709873199463,0.019211191684007645,0.009540141560137272,0.0005908441380597651,0.0,0.0,0.028094155713915825,0.0,0.04318173974752426,0.0,0.07416941970586777,0.12428736686706543,0.019809836521744728,0.0,0.04272988438606262,0.04667029529809952,0.041757937520742416,0.16695760190486908,0.006518912501633167,0.0,0.12639281153678894,0.0,0.006092516239732504,0.06758924573659897,0.0,0.03782598674297333,0.006188922096043825,0.0,0.0010292696533724666,0.3793136179447174,0.0,0.06802047044038773,0.013754875399172306,0.0,0.0,0.0,0.0020023034885525703,0.0,0.0,0.016652414575219154,0.009844730608165264,0.012881862930953503,0.0,0.02365889586508274,0.0,0.7484776377677917,0.13415393233299255,0.00015367507876362652,0.19038096070289612,0.0889129713177681,0.0,0.006234276108443737,0.0,0.024405665695667267,0.0,0.010822388343513012,0.054609861224889755,0.0,0.004515713546425104,0.0,0.00801483727991581,0.0,0.007137213833630085,0.0,0.0894278883934021,0.03672977536916733,0.013691417872905731,0.016738416627049446,0.09391731023788452,0.07346895337104797,0.0104863615706563,0.08801215887069702,0.04752648249268532,0.0,0.08563780039548874,0.0,0.005565473809838295,0.00592401996254921,0.026987316086888313,0.006636294070631266,0.003323605051264167,0.1196625605225563,0.22345438599586487,0.0,0.0,0.0,0.047170963138341904,0.0,0.0,0.04935656115412712,0.014681369066238403,0.0,0.05686025321483612,0.01506835501641035,0.0014893943443894386,0.023020636290311813,0.0,0.0,0.004055533558130264,0.0,0.05578693374991417,0.22752442955970764,0.01076718233525753,0.42765724658966064,0.018409794196486473,0.037460390478372574,0.1765635907649994,0.0,0.01771903969347477,0.0,0.0,0.005119144916534424,0.0007568108849227428,0.13659772276878357,0.4393194913864136,0.0,0.00992782972753048,0.0,0.0,0.014949610456824303,0.0,0.0013790249358862638,0.0,0.0,0.4604174792766571,0.0,0.0,0.0,0.0,0.18533244729042053,0.010266821831464767,0.0,0.0,0.0,0.23195941746234894,0.009783124551177025,0.039766520261764526,0.004610731732100248,0.0,0.008609762415289879,0.03788163512945175,0.0017022156389430165,0.0,0.07665261626243591,0.012890283018350601,0.02728116326034069,0.024271072819828987,0.0,0.003989050164818764,0.026771511882543564,0.0,0.023892870172858238,0.0,0.0,0.028790445998311043,0.042459532618522644,0.07998985797166824,0.0,0.04374914616346359,0.06958595663309097,0.055901676416397095,0.0,0.05239320918917656,0.6296811103820801,0.00658119423314929,0.2746872007846832,0.02899468131363392,0.1557263433933258,0.024813104420900345,0.35688266158103943,0.0,0.0,0.0,0.04242338240146637,0.01222663838416338,0.01444800104945898,0.0,0.03366999328136444,0.0,0.026959719136357307,0.005071699619293213,0.010104218497872353,0.0,0.4396417737007141,0.02910435199737549,0.050038062036037445,0.00045530498027801514,0.0,0.07170308381319046,0.00209931842982769,0.051049161702394485,0.010414643213152885,0.0,0.001918740221299231,0.012819195166230202,0.0,0.008150321431457996,0.06388058513402939,0.01727713830769062,0.011828167364001274,0.003958391956984997,0.01570342853665352,0.015047418884932995,0.014881589449942112,0.0,0.0002094608498737216,0.0017340481281280518,0.056026000529527664,0.08427643775939941,0.7792184352874756,0.0,0.0,0.0,0.0,0.0,0.06260374188423157,0.0,0.0,0.0,0.0,0.0,0.01112302578985691,0.13065138459205627,0.0,0.014121443033218384,0.20915445685386658,0.024737810716032982,0.21404629945755005,0.024873845279216766,0.07940175384283066,0.0,0.09367522597312927,0.0,0.0,0.0,0.02973366528749466,0.004837221931666136,0.0,0.3092716634273529,0.0,0.0,0.10329992324113846,0.0,0.004242377821356058,0.0,0.0,0.0,0.0,0.004832261707633734,0.04558618366718292,0.012663398869335651,0.0,0.0,0.004621454048901796,0.02756275236606598,0.0,0.0,0.137755885720253,0.016269899904727936,0.05512652546167374,0.09344559907913208,0.0,0.032079391181468964,0.0,0.0015391969354823232,0.0,0.12786906957626343,0.0,0.0,0.047398410737514496,0.003006949322298169,0.013782739639282227,0.0,0.0,0.06045284867286682,0.0,0.0,0.0,0.0,0.0,0.0,0.00861809216439724,0.01225558202713728,0.021890871226787567,0.567668616771698,0.0,0.010113193653523922,0.005186498165130615,0.0,0.0005730462144128978,0.20943784713745117,0.0,0.0794515609741211,0.3662444055080414,0.0,0.0,0.0180540569126606,0.0,0.0,0.0,0.0,0.39944222569465637,0.0,0.0,0.0,0.0,0.0,0.31700602173805237,0.12637844681739807,0.008776843547821045,0.0,0.009613552130758762,0.16289184987545013,0.33646252751350403,0.0,0.0,0.02374720759689808,0.0,0.0,0.0,0.0,0.0,0.006950329057872295,0.0008151030633598566,0.0,0.0,0.0,0.31575843691825867,0.0,0.01734950952231884,0.033724669367074966,0.0030414676293730736,0.0,0.29340094327926636,0.13793140649795532,0.0,0.10476337373256683,0.005330877378582954,0.0,0.0,0.0035927938297390938,0.05512595176696777,0.0,0.0,0.031003784388303757,0.0,0.02276822365820408,0.023335812613368034,0.01591365598142147,0.0,0.0029815007001161575,0.018510933965444565,0.2035944163799286,0.0020859260112047195,0.007834567688405514,0.024327343329787254,0.0,0.0863889530301094,0.02327997237443924,0.09283440560102463,0.0502547062933445,0.0,0.0,0.006207311060279608,0.054666586220264435,0.0018833104986697435,0.0,0.02877439558506012,0.0,0.018393659964203835,0.0,0.0,0.0,0.0,0.011878601275384426,0.0,0.0021359988022595644,0.0,0.0,0.07735311985015869,0.07781027257442474,0.07474533468484879,0.006779342889785767,0.020526709035038948,0.005008582025766373,0.0,0.0,0.3290843963623047,0.0,0.08344835042953491,0.04457341507077217,0.010678809136152267,0.0,0.4482465982437134,0.0027070569340139627,0.030978869646787643,0.0
0.0,0.016789980232715607,0.3427560329437256,0.0002735650632530451,0.0,0.0,0.012565484270453453,0.022020380944013596,0.0,0.0745374858379364,0.0,0.06182623282074928,0.016792388632893562,0.298677921295166,0.14207229018211365,0.16450689733028412,0.013968925923109055,0.02718360908329487,0.0,0.2663266062736511,0.05690443143248558,0.0,0.031755231320858,0.18448245525360107,0.057689957320690155,0.11667255312204361,0.0,0.0,0.0,0.0,0.4213571548461914,0.11176607012748718,0.0040998817421495914,0.0,0.24326270818710327,0.1611759513616562,0.0031911898404359818,0.061028193682432175,0.0,0.10135314613580704,0.3661542236804962,0.00692964531481266,0.004249135032296181,0.09942767769098282,0.4766566753387451,0.018176930025219917,0.02947852574288845,0.0,0.23876121640205383,0.0,0.0,0.23432807624340057,0.007668621372431517,0.1414111852645874,0.042919378727674484,0.0,0.0,0.0,0.10523176193237305,0.006694345269352198,0.012878736481070518,0.41570019721984863,0.05906978249549866,0.0,0.007774312514811754,0.3038129508495331,0.10069740563631058,0.013719079084694386,0.03170883655548096,0.005884530488401651,0.24244026839733124,0.02786269225180149,0.012521442957222462,0.11955469846725464,0.0,0.1908087581396103,0.3942972421646118,0.007478534709662199,0.17680197954177856,0.4527667760848999,0.0,0.07027208805084229,0.0,0.07741503417491913,0.015185241587460041,0.2802305519580841,0.03560906648635864,0.002779063070192933,0.0,0.028169455006718636,0.022245194762945175,0.019806403666734695,0.1921643763780594,0.5003743171691895,0.0,0.1511072963476181,0.027177615091204643,0.0,0.0,0.0,0.019094619899988174,0.05132681876420975,0.13928884267807007,0.018090419471263885,0.06918088346719742,0.013916458934545517,0.020699376240372658,0.0,0.0076623582281172276,0.010372974909842014,0.010183765552937984,0.012483792379498482,0.0,0.16667833924293518,0.0034543562214821577,0.3641405999660492,0.0,0.0728842094540596,0.0,0.1362120509147644,0.022211916744709015,0.0031236005015671253,0.3225787878036499,0.04838094860315323,0.00036459325929172337,0.002067108638584614,0.22575506567955017,0.019312836229801178,0.13005563616752625,0.00739070912823081,0.1198984906077385,0.0,0.03848468139767647,0.010339665226638317,0.042773354798555374,0.08169277012348175,0.017752742394804955,0.0,0.02113865688443184,0.00045722900540567935,0.11006259173154831,0.0396270677447319,0.0,0.02603239007294178,0.21192441880702972,0.0,0.008410603739321232,0.29661959409713745,0.03900334611535072,0.0383199080824852,0.045020345598459244,0.0,0.020574118942022324,0.07235782593488693,0.0,0.04583697393536568,0.009938464500010014,0.029501313343644142,0.13200275599956512,0.08542894572019577,0.007308078929781914,0.013550352305173874,0.01808532327413559,0.41796019673347473,0.07639390230178833,0.0,0.2765342891216278,0.0,0.10243813693523407,0.38314393162727356,0.1427352875471115,0.03851483389735222,0.06711473315954208,0.21306350827217102,0.06004074960947037,0.05462358146905899,0.5683775544166565,0.008309218101203442,0.0,0.3168433606624603,0.0,0.0009141945629380643,0.014419677667319775,0.02639852464199066,0.029452823102474213,0.2605738639831543,0.14917252957820892,0.040537431836128235,0.05725391209125519,0.2719937264919281,0.03522416204214096,0.06161373108625412,0.0,0.0069354865700006485,0.017672039568424225,0.004695837385952473,0.04198014363646507,0.002691502682864666,0.22081084549427032,0.0026346349623054266,0.14705142378807068,0.037533149123191833,0.0,0.16869382560253143,0.0,0.02632869780063629,0.04337620735168457,0.020070601254701614,0.054467760026454926,0.07421345263719559,0.14922742545604706,0.0,0.22480227053165436,0.0,0.006396717857569456,0.02596210688352585,0.05388004332780838,0.017409738153219223,0.0,0.01916421949863434,0.06084756925702095,0.026616455987095833,0.19986586272716522,0.1836829036474228,0.0,0.18694673478603363,0.002566223032772541,0.021304206922650337,0.1007753536105156,0.10457644611597061,0.15939655900001526,0.0032901810482144356,0.19918975234031677,0.08734304457902908,0.1597638726234436,0.2722576856613159,0.018663315102458,0.10486383736133575,0.04276532307267189,0.009904955513775349,0.0,0.06022936850786209,0.04148232564330101,0.0,0.08329121768474579,0.04845457896590233,0.030990395694971085,0.034809235483407974,0.0,0.010752188973128796,0.017560595646500587,0.011939458549022675,0.004159193020313978,0.003923645243048668,0.0018177699530497193,0.0514678955078125,0.0,0.09198185056447983,0.023749280720949173,0.4222763478755951,0.0,0.024054279550909996,0.02292521484196186,0.0,0.1241493970155716,0.020930681377649307,0.0875040590763092,0.03019273839890957,0.009755122475326061,0.02347247116267681,0.10264161974191666,0.015885641798377037,0.0,0.11562324315309525,0.07200855016708374,0.0,0.03521396219730377,0.014889431186020374,0.15912489593029022,0.1933571994304657,0.01991131156682968,0.0,0.014728319831192493,0.1330004185438156,0.027742324396967888,0.6533766984939575,0.0,0.0,0.17093732953071594,0.04284404218196869,0.13851593434810638,0.12410981953144073,0.07640843093395233,0.0,0.03939179331064224,0.011984243057668209,0.15420782566070557,0.0,0.28458482027053833,0.0,0.02279745042324066,0.0364718958735466,0.14909476041793823,0.12490491569042206,0.12173083424568176,0.0,0.008930165320634842,0.014222838915884495,0.0,0.0,0.0,0.14400584995746613,0.017590835690498352,0.17340978980064392,0.0470166839659214,0.35596293210983276,0.04446350038051605,0.00411943206563592,0.15732309222221375,0.038548827171325684,0.0,0.04788500815629959,0.0,0.0,0.7005111575126648,0.0,0.0,0.009772839955985546,0.0,0.0,0.0,0.04011078178882599,0.0,0.0,0.004720361437648535,0.0,0.0,0.0,0.00949770212173462,0.07785292714834213,0.06822469085454941,0.006832836661487818,0.0,0.0,0.0,0.0,0.0,0.0,0.0,0.0,0.15940630435943604,0.0,0.10015369206666946,0.048007164150476456,0.28514423966407776,0.0,0.0,0.0,0.10813572257757187,0.0009034538525156677,0.006682093255221844,0.0,0.0,0.0,0.0,0.0006604873924516141,0.09000251442193985,0.03265471011400223,0.001880692201666534,0.0,0.5141572952270508,0.0,0.0,0.05354633182287216,0.008872888050973415,0.0,0.005219986662268639,0.007301416248083115,0.011190985329449177,0.16893650591373444,0.047725528478622437,0.0,0.0,0.0050585949793457985,0.004749958403408527,0.0,0.0,0.05869866907596588,0.0,0.0,0.23750238120555878,0.0,0.0,0.0,0.0,0.0,0.16637416183948517,0.0,0.06954003125429153,0.02304924465715885,0.0,0.025622878223657608,0.0,0.0052420818246901035,0.003949621692299843,0.0,0.021945593878626823,0.0,0.0,0.03261801600456238,0.0,0.0,0.0,0.0,0.011043626815080643,0.0,0.0,0.0,0.0,0.0,0.0353144109249115,0.0,0.06577062606811523,0.0,0.019090566784143448,0.08733728528022766,0.025262273848056793,0.010516384616494179,0.0052102720364928246,0.12430790811777115,0.0,0.0070863827131688595,0.007448892574757338,0.09352724254131317,0.0,0.0,0.0,0.004519523587077856,0.0,0.005487444344907999,0.0,0.0,0.0040148114785552025,0.008811485953629017,0.0,0.0,0.10694848001003265,0.0,0.019393770024180412,0.03400608152151108,0.0038541769608855247,0.0,0.0,0.038877736777067184,0.0,0.010232171043753624,0.0,0.0,0.015644941478967667,0.0,0.0030908756889402866,0.2239120453596115,0.0,0.0,0.0828770250082016,0.18069037795066833,0.03736039996147156,0.0,0.0,0.0,0.0,0.0,0.01716816984117031,0.0,0.021013598889112473,0.0,0.0,0.04796995595097542,0.043365295976400375,0.0,0.0,0.0,0.13247260451316833,0.010098577477037907,0.04843037202954292,0.22516782581806183,0.01700856164097786,0.0,0.0,0.0,0.021676402539014816,0.0,0.0,0.0,0.0,0.0,0.0,0.008018054999411106,0.028729304671287537,0.0,0.0,0.0,0.017953326925635338,0.04588024690747261,0.0075088245794177055,0.0,0.0,0.0,0.18062148988246918,0.017082547768950462,0.0487390011548996,0.003672313643619418,0.0,0.000409462460083887,0.0,0.0038659838028252125,0.17390446364879608,0.043842826038599014,0.0,0.007979865185916424,0.0,0.0,0.39822918176651,0.0,0.0,0.0,0.0,0.0,0.0,0.029790526255965233,0.014206767082214355,0.0,0.00836943369358778,0.0,0.0,0.1176498606801033,0.0,0.0,0.0,0.02850138209760189,0.008778530173003674,0.04706626757979393,0.0,0.057284239679574966,0.0,0.0,0.013648378662765026,0.0,0.0,0.0,0.00244607450440526,0.08010223507881165,0.005828716792166233,0.2163771390914917,0.00015479206922464073,0.006302125286310911,0.0,0.0,0.04127553850412369,0.0,0.0065030623227357864,0.09474856406450272,0.0799686461687088,0.0,0.22203119099140167,0.05007391795516014,0.004809355828911066,0.0,0.07092070579528809,0.27344855666160583,0.0,0.028086267411708832,0.07603185623884201,0.0,0.0,0.001600164221599698,0.0,0.0,0.0,0.011919805780053139,0.07365990430116653,0.0,0.04739135131239891,0.0,0.16555504500865936,0.021038923412561417,0.12417812645435333,0.03284836187958717,0.0,0.0,0.0,0.0009025639155879617,0.00913469772785902,0.0,0.011370656080543995,0.17611278593540192,0.000136362315970473,0.024028992280364037,0.0,0.0,0.0,0.0,0.0,0.02361862175166607,0.0,0.0,0.0,0.4784356355667114,0.010655463673174381,0.042313434183597565,0.0,0.14118234813213348,0.0,0.0,0.0,0.009239960461854935,0.03169694542884827,0.05439231917262077,0.0,0.0,0.0031020736787468195,0.0,0.0,0.0,0.016516350209712982,0.007526684552431107,0.0,0.0022769467905163765,0.0,0.07138831168413162,0.023235859349370003,0.011348766274750233,0.0,0.0,0.0,0.0,0.0,0.0023614740930497646,0.0,0.0,0.0,0.0,0.14780661463737488,0.013821626082062721,0.0,0.0,0.0,0.0,0.0337907113134861,0.0,0.0,0.01048882957547903,0.0,0.0,0.014302256517112255,0.0,0.0,0.08005192130804062,0.005157019942998886,0.11777737736701965,0.02069583348929882,0.0,0.2107144594192505,0.008935954421758652,0.17141041159629822,0.0019309211056679487,0.0,0.09182203561067581,0.0,0.047555699944496155,0.03763638809323311,0.0,0.05321887880563736,0.002860612003132701,0.0,0.0,0.0,0.0,0.0,0.013486973010003567,0.0,0.06514980643987656,0.0,0.0,0.0,0.12278760969638824,0.008734330534934998,0.0,0.0,0.0,0.014786448329687119,0.12128619104623795,0.013797109015285969,0.017247505486011505,0.07269846647977829,0.03324512392282486,0.0,0.0,0.009443316608667374,0.043167952448129654,0.0021686924155801535,0.0,0.369686096906662,0.04111795499920845,0.03705674037337303,0.0,0.031695492565631866,0.0,0.12748205661773682,0.0,0.0,0.00024589247186668217,0.008187729865312576,0.01003882847726345,0.18650761246681213,0.11258285492658615,0.021458430215716362,0.0,0.03448718413710594,0.06159999966621399,0.00045134604442864656,0.0,0.0,0.06943415105342865,5.136370600666851e-05,0.02346872352063656,0.0,0.05446033552289009,0.0,0.17979449033737183,0.0,0.0,0.0,0.2832105755805969,0.06251480430364609,0.0,0.012124784290790558,0.5519567728042603,0.0,0.017632415518164635,0.0,0.011389518156647682,0.0,0.0,0.0,0.01848715730011463,0.2451976239681244,0.0,0.12728314101696014,0.0021052053198218346,0.0,0.0014901058748364449,0.0010115790646523237,0.0,0.007774599827826023,0.0050515723414719105,0.0,0.2571602165699005,0.04826916754245758,0.0,0.0,0.004153213929384947,0.0789373368024826,0.0,0.38477104902267456,0.0,0.0,0.000293537974357605,0.043460432440042496,0.0,0.1107652485370636,0.09051160514354706,0.07138259708881378,0.14657430350780487,0.03042212501168251,0.003357906360179186,0.0060988799668848515,0.020093316212296486,0.0326569527387619,0.009614045731723309,0.0,0.0,0.17227011919021606,0.006156229879707098,0.023803438991308212,0.0,0.015169904567301273,0.046465158462524414,0.26084035634994507,0.00481411861255765,0.031686052680015564,0.01849939674139023,0.02876666747033596,0.003870646934956312,0.0,0.0,0.04885037988424301,0.0,0.007415237370878458,0.1386180967092514,0.03817823901772499,0.02092536725103855,0.0,0.02350355125963688,0.0,0.0,0.03554971143603325,0.10702207684516907,0.07524845749139786,0.0,0.20005889236927032,0.0,0.003919188864529133,0.0,0.0,0.08185243606567383,0.29417678713798523,0.023550529032945633,0.10562507808208466,0.057137325406074524,0.0,0.0,0.0,0.0,0.0,0.0,0.010571546852588654,0.0,0.0,0.05789312347769737,0.14686639606952667,0.0,0.0004884195514023304,0.015527156181633472,0.01139001827687025,0.0,0.24743732810020447,0.0,0.0,0.04862264171242714,0.03669733554124832,0.0,0.04676908999681473,0.006045489106327295,0.24938461184501648,0.0,0.0,0.5861080288887024,0.0,0.026459403336048126,0.0,0.0,0.0,0.0,0.018341578543186188,0.04809403792023659,0.0,0.12332674860954285,0.0,0.0,0.0,0.0,0.0025630139280110598,0.01091128122061491,0.0,0.0404723696410656,0.0,0.0027744900435209274,0.008646057918667793,0.0,0.2942569851875305,0.0,0.0,0.0,0.0,0.0,0.0,0.702350378036499,0.0722917690873146,0.003218698548153043,0.017875252291560173,0.09442752599716187,0.0,0.012369061820209026,0.0,0.15810827910900116,0.012843752279877663,0.08049039542675018,0.01168221514672041,0.015987703576683998,0.006442846264690161,0.008818818256258965,0.13620778918266296,0.0,0.017447274178266525,0.0,0.10916298627853394,0.02935352362692356,0.08137647807598114,0.00980420783162117,0.09922800213098526,0.022946802899241447,0.0,0.38277295231819153,0.00042540341382846236,0.0,0.06421439349651337,0.015147578902542591,0.06531283259391785,0.0,0.001252738293260336,0.0,0.04610837996006012,0.1339735984802246,0.0,0.1792227327823639,0.02795499563217163,0.08573512732982635,0.0,0.03494029492139816,0.38841354846954346,0.02387441322207451,0.12526339292526245,0.1311745047569275,0.16626717150211334,0.078359454870224,0.018094658851623535,0.1181744784116745,0.11803122609853745,0.009852532297372818,0.19343841075897217,0.0,0.0,0.3519974946975708,0.009938692674040794,0.0,0.036715105175971985,0.0,0.0,0.09331484884023666,0.0,0.0012830364285036922,0.004798263311386108,0.0,0.0,0.0011205109767615795,0.24721725285053253,0.07817356288433075,0.0,0.0003185236419085413,0.018451431766152382,0.0,0.0,0.09127393364906311,0.0,0.09823992103338242,0.0,0.15231341123580933,0.0,0.010953780263662338,0.04184262827038765,0.0,0.0379239059984684,0.0,0.041282251477241516,0.19273865222930908,0.0,0.08781678229570389,0.025147786363959312,0.13555048406124115,0.0,0.09681377559900284,0.04102971404790878,0.005506943911314011,0.0,0.204618439078331,0.0,0.0,0.00311384373344481,0.5493661761283875,0.16027316451072693,0.0,0.01899527944624424,0.33209335803985596,0.0,0.0,0.0,0.20947322249412537,0.0,0.030597243458032608,0.0,0.0,0.0,0.003429470118135214,0.07910134643316269,0.00219773780554533,0.0,0.1487879902124405,0.053167134523391724,0.0,0.0,0.22368690371513367,0.0,0.0,0.011275176890194416,0.03108403831720352,0.04697883129119873,0.019326286390423775,0.006205379962921143,0.10876410454511642,0.004519443493336439,0.02112511172890663,0.22213205695152283,0.0,0.0,0.021211646497249603,0.08289589732885361,0.08225508034229279,0.0,0.10666897892951965,0.0,0.0,0.33188319206237793,0.010483166202902794,0.0,0.03369444981217384,0.0,0.0,0.02214343473315239,0.43738842010498047,0.0,0.0,0.25825729966163635,0.046839531511068344,0.01775447092950344,0.03344587981700897,0.0,0.042485788464546204,0.01065503153949976,0.0,0.0,0.0,0.06683264672756195,0.013634749688208103,0.0,0.016024263575673103,0.06642630696296692,0.10020386427640915,0.004268639255315065,0.22321093082427979,0.004698770120739937,0.013416090980172157,0.009873240254819393,0.0,0.1806975156068802,0.0014213848626241088,0.00838045310229063,0.08287569135427475,0.00954550039023161,0.0,0.120052270591259,0.0522213838994503,0.0,0.006945069879293442,0.38562342524528503,0.0691436231136322,0.07202853262424469,0.0,0.06695666164159775,0.17483468353748322,0.024933353066444397,0.09157965332269669,0.0,0.09486756473779678,0.004321429878473282,0.03135200962424278,0.02138267084956169,0.051735829561948776,0.30748316645622253,0.0,0.4377216398715973,0.0,0.008953971788287163,0.00765406945720315,0.32048454880714417,0.12825888395309448,0.13131392002105713,0.10711196810007095,0.0,0.02401796355843544,0.006997442338615656,0.014099265448749065,0.0,0.04029177501797676,0.034122686833143234,0.0,0.0,0.011593317613005638,0.0,0.14343038201332092,0.0,0.0,0.07642480731010437,0.05051691085100174,0.2650783061981201,0.0,0.0,0.0,0.0,0.0,0.0,0.46452105045318604,0.0,0.0,0.0,0.0,0.14670979976654053,0.0,0.0,0.0,0.05319013446569443,0.002375431125983596,0.038053326308727264,0.30926844477653503,0.3126899302005768,0.0,0.004277291242033243,0.011575375683605671,0.030857935547828674,0.0,0.0,0.0,0.0,0.03175285458564758,0.0,0.0,0.0,0.0079948790371418,0.010194595903158188,0.11163637042045593,0.13136592507362366,0.0,0.00035820098128169775,0.0,0.007746111135929823,0.0,0.37558090686798096,0.012994728051126003,0.2848004698753357,0.0,0.05843405798077583,0.009079830721020699,0.0,0.0,0.042671870440244675,0.0,0.025738321244716644,0.009614938870072365,0.014407996088266373,0.005427846685051918,0.0,0.01853121817111969,0.0,0.05550732463598251,0.0,0.07625481486320496,0.015064210630953312,0.0,0.0,0.001046257559210062,0.0,0.0,0.8820817470550537,0.23143604397773743,0.0,0.0,0.03262197598814964,0.009300995618104935,0.022901585325598717,0.0345720499753952,0.07563203573226929,0.0,0.0,0.6481181383132935,0.0,0.0,0.0,0.0,0.0,0.0,0.0,0.0,5.396366032073274e-05,0.0,0.0,0.4532713294029236,0.027402926236391068,0.0,0.06735696643590927,0.0,0.015537286177277565,0.006268667057156563,0.0,0.00302402232773602,0.0,0.01010434702038765,0.36476457118988037,0.025131916627287865,1.2026126384735107,0.0,0.002962596481665969,0.008186324499547482,0.0,0.0,0.02121122181415558,2.317172050476074,0.00957345962524414,0.0,0.0,0.02982195094227791,0.0,0.0,0.0,0.04606608301401138,0.004049129318445921,0.0,0.5019881725311279,0.0,0.048539791256189346,0.022987263277173042,0.0,0.0,0.0,0.05864721164107323,0.199219211935997,0.0314362570643425,0.0,0.13756516575813293,0.0,0.0,0.0,0.0,0.0,0.06905604153871536,0.021610861644148827,0.03047563135623932,0.0,0.0,0.17677727341651917,0.024458833038806915,0.004016542807221413,0.04986703395843506,0.5440136194229126,0.0,0.017199259251356125,0.17017048597335815,0.0,0.027414098381996155,0.0,0.005904406774789095,0.0,0.031511519104242325,0.0,0.0,0.0,0.0,0.0,0.018357383087277412,0.0,0.10127579420804977,0.031057052314281464,1.061956524848938,0.0,0.04706589877605438,0.004173725377768278,0.01838625967502594,0.06615132093429565,0.0,0.04281771555542946,0.0,0.0,0.4956132769584656,0.0,0.020973198115825653,0.0,0.0,0.0,0.0,0.02721993997693062,0.0022242998238652945,0.0,0.0010442802449688315,0.0,0.0,0.0,0.0,0.0,0.0,0.0,0.0017024618573486805,0.0,0.0017954313661903143,0.16971369087696075,0.0,0.0842164158821106,0.0,0.0013884222134947777,0.0,0.002058782847598195,0.0,0.042865343391895294,0.0,0.00747324712574482,0.03006342239677906,0.010952770709991455,0.0025897452142089605,0.0,0.04256593808531761,0.05988151952624321,0.0,0.06503282487392426,0.011142920702695847,0.0,0.02383418008685112,0.0,0.015964876860380173,0.0,0.030403917655348778,0.0,0.0,0.0,0.037693895399570465,0.0,0.0,0.0,0.039398230612277985,0.0,0.0019937967881560326,0.3224119544029236,0.09438421577215195,0.0,0.00477662542834878,0.0014723062049597502,0.0,0.030764276161789894,0.0,0.008643916808068752,0.08927858620882034,0.029724199324846268,0.0,0.019821612164378166,0.0,0.04718898609280586,0.0011565518798306584,0.0,0.0,0.025341250002384186,0.21329566836357117,0.029539985582232475,0.0,0.009690255858004093,0.23184096813201904,0.008222844451665878,0.0,0.0,0.27066555619239807,0.10467038303613663,0.05963340774178505,0.04340966045856476,0.0039034425280988216,0.0,1.0107388496398926,0.4787318706512451,0.09349428862333298,0.0,0.0,0.0004213952925056219,0.0,0.0,0.02013443410396576,0.0058679962530732155,0.6517141461372375,0.003684966592118144,0.12410257011651993,0.0,0.0,0.0,0.009073848836123943,0.05321336165070534,0.0,0.0,0.07118745893239975,0.1314448118209839,0.0004618036618921906,0.0019682752899825573,0.3229646682739258,0.006525227800011635,0.4889485836029053,0.057419124990701675,0.0068495189771056175,0.3094881474971771,0.06333506852388382,0.04837678745388985,0.0,0.34668755531311035,0.017857205122709274,0.0,0.0,0.0,0.0,0.0,0.1631370186805725,0.0,0.0,0.25001877546310425,0.02840598113834858,0.0,0.0,0.05429421365261078,0.005186960566788912,0.0,0.0,0.0,0.0,0.06987173855304718,0.002122949343174696,0.0,0.0,0.08539941906929016,0.011264543980360031,0.0,0.008563091978430748,0.0,0.0,0.0,0.0,0.0,0.2500974237918854,0.008630765601992607,0.0,0.024552492424845695,0.0,0.20158837735652924,0.0,0.0,0.003595219925045967,0.0,0.07569141685962677,0.02477644383907318,0.0,0.0,0.0,0.0,0.0,0.0,0.0,0.0,0.0,0.0,0.0,0.030049672350287437,0.0,0.005481747444719076,0.0,0.03687533363699913,0.008006108924746513,0.013990717008709908,0.01190731767565012,0.05056406557559967,0.0,0.021401574835181236,0.0,0.14554952085018158,0.014571266248822212,0.03259148448705673,0.06498745083808899,0.09233630448579788,0.0,0.0,0.0,0.00592159666121006,0.007510727737098932,0.2501422166824341,0.03431795910000801,0.022624440491199493,0.0,0.029449529945850372,0.04568563401699066,0.03879896178841591,0.0,0.010568377561867237,0.0,0.0,0.06472249329090118,0.1064954474568367,0.0025803297758102417,0.007542164530605078,0.0,0.029753636568784714,0.021049536764621735,0.06907400488853455,0.048856139183044434,0.0,0.0,0.13771463930606842,0.06312058866024017,0.00909615308046341,0.0,0.0,0.009860153310000896,0.0,0.6041335463523865,0.01623726636171341,0.00810862798243761,0.0,0.15152627229690552,0.0792580395936966,0.08991895616054535,0.0,0.08505844324827194,0.0,0.0,0.2413114309310913,0.2024182677268982,0.0,0.0738956555724144,0.0,0.7657209634780884,0.0,0.0057934303767979145,0.003551795380190015,0.008860379457473755,0.01235731691122055,0.014797416515648365,0.0,0.0,0.06055991351604462,0.0028134591411799192,0.2019573599100113,0.0,0.09731125831604004,0.0,0.0,0.0,0.10667214542627335,0.2373804897069931,0.0,0.019239874556660652,0.1264057606458664,0.0038509785663336515,0.04020792990922928,0.00060307263629511,0.0,0.0,0.08430994302034378,0.04664445295929909,0.008259212598204613,0.0,0.023745305836200714,0.18711219727993011,0.019287629052996635,0.0,0.00044031263678334653,0.02965685911476612,0.11576233059167862,0.0,0.00032104135607369244,0.0,0.007967903278768063,0.0,0.008586179465055466,0.01208566315472126,0.12909798324108124,0.0,0.05566251650452614,0.0,0.08299840241670609,0.7039967179298401,0.06630285084247589,0.05641902610659599,0.0,0.0713244155049324,0.015612947754561901,0.0,0.0,0.0,0.025253916159272194,0.009978745132684708,0.03858290612697601,0.0014126873575150967,0.023531638085842133,0.006343629211187363,0.45872896909713745,0.15890775620937347,0.0,0.04304572194814682,0.0,0.18169860541820526,0.3221818208694458,0.034480392932891846,0.028488479554653168,0.5606537461280823,0.03301030024886131,0.71973717212677,0.10269778966903687,0.0012725830310955644,0.0,0.0,0.09374494850635529,0.0,0.045104607939720154,0.0,0.0,0.034731507301330566,0.0,0.037987951189279556,1.395312786102295,0.1165451928973198,0.0247619841247797,0.0,0.06366093456745148,0.0,0.0478101521730423,0.03345317021012306,0.006294171791523695,0.0,0.35401543974876404,0.057383500039577484,0.03555264696478844,0.03211716562509537,0.0,0.0,0.04724534600973129,0.0,0.11673007160425186,0.07282203435897827,0.0,0.23044566810131073,8.247613732237369e-05,0.036352939903736115,0.0,0.0,0.0,0.0,0.6502803564071655,0.375629186630249,0.001274025416933,0.05902009457349777,0.17467182874679565,0.026177024468779564,0.1576690673828125,0.00711510144174099,0.010572760365903378,0.009233841672539711,0.005814781412482262,0.001952533726580441,0.0,0.021902834996581078,0.0,0.07927713543176651,0.0,0.05693085491657257,0.16215728223323822,0.02365991659462452,0.0,0.0657196193933487,0.03194566071033478,0.03274347260594368,0.1976107805967331,0.012233900837600231,0.0,0.13097935914993286,0.0,0.009296366013586521,0.08084127306938171,6.693125033052638e-05,0.050745438784360886,0.0016584277618676424,0.0,0.0,0.44279900193214417,0.0,0.03833036124706268,0.02120375819504261,0.0,0.0,0.0,0.005947323050349951,0.0,0.0,0.030572770163416862,0.009337078779935837,0.016391003504395485,0.0,0.025822114199399948,0.0,0.7882254719734192,0.1580716371536255,0.0035597204696387053,0.2120971530675888,0.07656147330999374,0.0008881801622919738,0.008569333702325821,0.0,0.01665998436510563,0.0,0.014987238682806492,0.043768078088760376,0.019840003922581673,0.004226271063089371,0.0,0.0014339888002723455,0.0,0.009282645769417286,0.0,0.08596254140138626,0.04146629199385643,0.02599509246647358,0.024630384519696236,0.1530260592699051,0.08686180412769318,0.025940842926502228,0.08543737232685089,0.033323317766189575,0.0,0.10668399184942245,0.0009285038686357439,0.005470032803714275,0.0,0.01828067936003208,0.00705414405092597,0.0,0.10445375740528107,0.28843119740486145,0.0,0.0,0.0,0.04237029701471329,0.0,0.0,0.06230957806110382,0.007635852321982384,0.0,0.10780627280473709,0.011002234183251858,0.00368510908447206,0.014682085253298283,0.0,0.0,0.0008907365845516324,0.0,0.042715903371572495,0.21933993697166443,0.00371505506336689,0.43636053800582886,0.02448596991598606,0.02290676161646843,0.22149516642093658,0.0,0.029976239427924156,0.0,0.0,0.003656133310869336,0.011103073135018349,0.16660535335540771,0.419271856546402,0.0014882945688441396,0.013918217271566391,0.0,0.0,0.013021363876760006,0.0,0.0,0.0,0.0,0.46950381994247437,0.0,0.0,0.0,0.0,0.19223009049892426,0.008010020479559898,0.0,0.0,0.0,0.2095595896244049,0.01331536564975977,0.03382730484008789,0.0009847449837252498,0.0,0.005149283912032843,0.03161279112100601,0.0,0.0002999138960149139,0.06382215768098831,0.03450647369027138,0.0313156358897686,0.01094414945691824,0.0,0.0,0.05592167004942894,0.0,0.02535870298743248,0.0,0.0,0.03806299716234207,0.04689008370041847,0.08723463118076324,0.0,0.024419043213129044,0.07723698019981384,0.0500655360519886,0.0,0.05782834067940712,0.572258472442627,0.0,0.2649260461330414,0.055976904928684235,0.20944854617118835,0.020188316702842712,0.27366578578948975,0.0,0.008853706531226635,0.0,0.03838738799095154,0.012718016281723976,0.007025005761533976,0.0,0.02193532884120941,0.0,0.03011237643659115,0.019686205312609673,0.112131766974926,0.0,0.4133739471435547,0.03223242610692978,0.03651919588446617,0.0,0.00277817714959383,0.07091119885444641,0.009115269407629967,0.06299319863319397,0.021094191819429398,0.0,0.004008066840469837,0.03179972246289253,0.0,0.014724723994731903,0.06576648354530334,0.012494904920458794,0.002238891087472439,0.00825762189924717,0.020775247365236282,0.02030576765537262,0.03129739314317703,0.0,0.0002722442150115967,0.0,0.05568885803222656,0.08187335729598999,0.7321909070014954,0.0,0.0,0.0,0.0,0.0,0.0541890412569046,0.0,0.0,0.0,0.0,0.0,0.012366453185677528,0.12149666994810104,0.0,0.031799621880054474,0.20483718812465668,0.005790139548480511,0.23820209503173828,0.02542467787861824,0.10524269193410873,0.0,0.1702066957950592,0.0,0.0,0.020301705226302147,0.025642624124884605,0.0031860077288001776,0.0,0.3815145194530487,0.0,0.0,0.10978201776742935,0.0,0.0,0.0,0.0,0.012509570457041264,0.0,0.01701313443481922,0.04326300323009491,0.013031349517405033,0.0,0.0,0.01279717218130827,0.009179159067571163,0.0,0.0,0.1557377278804779,0.014715323224663734,0.06471480429172516,0.0948512926697731,0.0,0.05866192653775215,0.0,0.0,0.0,0.1528226137161255,0.0,0.0,0.012196727097034454,0.0,0.003529016859829426,0.0,0.0,0.06422298401594162,0.0,0.0,0.0,0.0,0.0,0.0,0.03404450789093971,0.003842290723696351,0.019986214116215706,0.6391500234603882,0.0,0.007517244666814804,0.0014792144065722823,0.0,0.006924610119313002,0.1555548906326294,0.0,0.10627473145723343,0.41717565059661865,0.0,0.0,0.004641632549464703,0.0,0.0,0.0,0.0,0.4694306254386902,0.0,0.0,0.0,0.0,0.0,0.42693692445755005,0.09705404937267303,0.01805732399225235,0.0003243245300836861,0.011334490962326527,0.13392668962478638,0.41372501850128174,0.0,0.0,0.03513294830918312,0.0,0.0,0.0,0.0,0.0,0.008606460876762867,0.0,0.0021248841658234596,0.0,0.0,0.26815304160118103,0.0,0.04934576898813248,0.04183190315961838,0.014468023553490639,0.0,0.23270229995250702,0.061884500086307526,0.0,0.09858307242393494,0.0028116905596107244,0.00532760564237833,0.0,0.0019477915484458208,0.055873364210128784,0.0,0.0,0.0416460856795311,0.0,0.0320490300655365,0.030046001076698303,0.019735772162675858,0.0,0.012753901071846485,0.004140522330999374,0.11323782056570053,0.028861306607723236,0.01644092984497547,0.03999040275812149,0.0,0.10542388260364532,0.022907452657818794,0.07923572510480881,0.05654962360858917,0.0,0.0,0.003599689109250903,0.04970681667327881,0.0006931620882824063,0.0,0.017398079857230186,0.0,0.02267821505665779,0.0,0.0,0.0,0.0,0.005081470124423504,0.002307877643033862,0.003233471419662237,0.0,0.0,0.10692869871854782,0.06073503568768501,0.052757635712623596,0.010760772041976452,0.02198449894785881,0.00427326699718833,0.0,0.0,0.3848331868648529,0.0,0.09046990424394608,0.05179658532142639,0.007809187285602093,7.624507270520553e-05,0.49879467487335205,0.001793577685020864,0.04737254977226257,0.0
0.0,0.017322663217782974,0.35175448656082153,0.0005779933999292552,0.0,0.0,0.012017042376101017,0.014476589858531952,0.0,0.06458674371242523,0.0,0.005372587591409683,0.038176748901605606,0.24798111617565155,0.10447924584150314,0.17160604894161224,0.0,0.0334966778755188,0.0,0.18734616041183472,0.03536738082766533,0.0,0.06649981439113617,0.1472795158624649,0.0516909658908844,0.0830940306186676,0.0,0.0,0.0,0.0,0.39933398365974426,0.14239391684532166,0.0,0.0,0.3516511917114258,0.16570280492305756,0.0025995923206210136,0.042698632925748825,0.0,0.096208855509758,0.22671528160572052,0.0,0.0014652145328000188,0.13358405232429504,0.4725232720375061,0.014360341243445873,0.033772487193346024,0.0,0.20191484689712524,0.0,0.0,0.14572447538375854,0.0,0.1592496633529663,0.028195787221193314,0.0,0.0,0.0,0.12648889422416687,0.010700552724301815,0.004766630008816719,0.33063602447509766,0.07879858464002609,0.0,0.0001407134550390765,0.30498361587524414,0.14495447278022766,0.01427660696208477,0.02408001571893692,0.00651067728176713,0.2712051570415497,0.0,0.008155250921845436,0.12793634831905365,0.0,0.11381764709949493,0.3508957624435425,0.0003140127519145608,0.19404153525829315,0.40283530950546265,0.0,0.11066042631864548,0.0,0.10134241729974747,0.016155807301402092,0.3337685465812683,0.019615037366747856,0.0,0.0,0.03400013595819473,0.013122627511620522,0.004497089423239231,0.2391577512025833,0.5017305612564087,0.02124495431780815,0.21590827405452728,0.0460197813808918,0.0,0.0,0.007576972246170044,0.013164141215384007,0.04216932877898216,0.15834607183933258,0.021527739241719246,0.11537588387727737,0.0029397534672170877,0.017631493508815765,0.0,0.007838495075702667,0.004953350871801376,0.016549399122595787,0.030795898288488388,0.0,0.14455077052116394,0.007093815598636866,0.49342769384384155,0.0,0.10194938629865646,0.0,0.1376596987247467,0.023807881399989128,0.0019844293128699064,0.2934601902961731,0.01641542837023735,0.005323390942066908,0.0,0.1271560788154602,0.027864975854754448,0.11815867573022842,0.01145669911056757,0.13807247579097748,0.0,0.04830719903111458,0.0,0.05310157686471939,0.07598016411066055,0.013654451817274094,0.0,0.002123441779986024,0.0,0.11084655672311783,0.030497107654809952,0.0,0.028687547892332077,0.26091960072517395,0.0,0.014457855373620987,0.2678353786468506,0.019094498828053474,0.06771942228078842,0.14792077243328094,0.0,0.07601961493492126,0.04922721907496452,0.0,0.021185684949159622,0.00495317205786705,0.027652347460389137,0.13043200969696045,0.11139446496963501,0.0011236316058784723,0.013013613410294056,0.025454353541135788,0.3850073218345642,0.0857548639178276,0.0,0.22905473411083221,0.0019002818735316396,0.09114309400320053,0.3465659022331238,0.10856964439153671,0.09326217323541641,0.05082092434167862,0.21578127145767212,0.08312153071165085,0.015787526965141296,0.43228667974472046,0.010293165221810341,0.0,0.3479199707508087,0.0,0.0,0.049114976078271866,0.03942852467298508,0.012065830640494823,0.23297834396362305,0.16315048933029175,0.03916991874575615,0.06610555946826935,0.2425476461648941,0.03213135898113251,0.08056265860795975,0.007397103123366833,0.0013039684854447842,0.021475575864315033,0.042015448212623596,0.047518011182546616,0.02005147375166416,0.24557462334632874,0.0,0.14123333990573883,0.03890325129032135,0.0,0.17351938784122467,0.0028911351691931486,0.06534116715192795,0.06757670640945435,0.009441886097192764,0.033512648195028305,0.17073234915733337,0.15588396787643433,0.0,0.25756287574768066,0.0,0.012140798382461071,0.029361870139837265,0.0562235563993454,0.03893917426466942,0.0,0.01597287692129612,0.050774384289979935,0.0014284539502114058,0.16072118282318115,0.17387524247169495,0.0,0.1718650758266449,0.011788048781454563,0.0005056365043856204,0.053041972219944,0.154531329870224,0.1186806857585907,0.007485632784664631,0.2421804815530777,0.056127890944480896,0.09644197672605515,0.31353700160980225,0.03271709382534027,0.09091401845216751,0.016723359003663063,0.003849203698337078,0.0,0.06901408731937408,0.10167942196130753,0.0,0.03512149304151535,0.04825511947274208,0.024024471640586853,0.1140023022890091,0.0,0.01295112818479538,0.013306179083883762,0.010656595230102539,0.010122048668563366,0.019490137696266174,0.00034954785951413214,0.12362928688526154,0.0,0.0750649943947792,0.09161761403083801,0.4567736089229584,0.0,0.03515927493572235,0.043279193341732025,0.0,0.14732913672924042,0.02933673933148384,0.05521894618868828,0.11793863028287888,0.0033913636580109596,0.023224329575896263,0.09013828635215759,0.021713387221097946,0.0013609838206321,0.10274877399206161,0.057612352073192596,0.0,0.02681611105799675,0.02947191521525383,0.16402319073677063,0.1588948667049408,0.051856350153684616,0.0,0.027272742241621017,0.1915273219347,0.02727971039712429,0.5968148708343506,0.0,0.0,0.1456461399793625,0.08686467260122299,0.15458080172538757,0.1527079939842224,0.05954938754439354,0.0,0.072681725025177,0.007569658569991589,0.18615072965621948,0.0,0.26573431491851807,0.0,0.024694373831152916,0.02275114506483078,0.18649232387542725,0.16113777458667755,0.10100065171718597,0.001061830553226173,0.02234409563243389,0.023337744176387787,0.0,0.0,0.0,0.17326799035072327,0.025754017755389214,0.14955472946166992,0.05787832662463188,0.3480493426322937,0.045715078711509705,0.007070209830999374,0.17429544031620026,0.03049793653190136,0.0,0.04071756452322006,0.0,0.0,0.5410916805267334,0.0,0.0,0.03536299243569374,0.0,0.0,0.008796398527920246,0.038814567029476166,0.0,0.0,0.07897096872329712,0.0,0.0,0.0,0.0022629471495747566,0.08393809199333191,0.08676321059465408,0.0,0.0,0.0,0.0,0.0,0.0,0.007490942254662514,0.0018774509662762284,0.0,0.16514071822166443,0.005691807251423597,0.0789979100227356,0.029374904930591583,0.34791725873947144,0.0,0.0,0.0,0.12600603699684143,0.00965042132884264,0.005935796536505222,0.0,0.0,0.0,0.0,0.0019246244337409735,0.10302828997373581,0.0320562981069088,0.0011520582484081388,0.0,0.5193333029747009,0.0,0.0,0.020504307001829147,0.005392756313085556,0.0,0.016036683693528175,0.0,0.004407726693898439,0.1499609351158142,0.06355217844247818,0.0,0.0,0.0028612285386770964,0.010113098658621311,0.0,0.0,0.07664050161838531,0.0,0.008855395019054413,0.23939935863018036,0.0,0.0,0.0,0.0,0.0,0.13213686645030975,0.0,0.14832402765750885,0.022800853475928307,0.0061376034282147884,0.0,0.0,0.0013392451219260693,0.018363522365689278,0.0,0.004159462638199329,0.0,0.0,0.056168362498283386,0.0,0.0,0.0,0.0,0.01319720409810543,0.0,0.0,0.0,0.0,0.0,0.06518328934907913,0.0,0.04238414391875267,0.0,0.0028152798768132925,0.20746569335460663,0.004146696534007788,0.0473407618701458,0.011488138698041439,0.09069416671991348,0.0,0.0,0.0,0.07473429292440414,0.0,0.0,0.002394703682512045,0.0004618471721187234,0.003907099366188049,0.0030148678924888372,0.0,0.0,0.004103743005543947,0.021779261529445648,0.0,0.0,0.019039619714021683,0.0,0.020909471437335014,0.0600864514708519,0.0036725401878356934,0.0,0.0,0.050389185547828674,0.0,0.0,0.0,0.0,0.023227190598845482,0.0,0.0,0.1429690271615982,0.0,0.0,0.11021525412797928,0.3572131395339966,0.0574311837553978,0.0,0.0,0.004395958036184311,0.0,0.0,0.026899918913841248,0.0,0.02344352751970291,0.0,0.0,0.018856219947338104,0.03488878905773163,0.0,0.0,0.0,0.13803927600383759,0.0005115574458613992,0.05515202879905701,0.27610456943511963,0.004533140454441309,0.0,0.0,0.0,0.008886906318366528,0.0,0.0,0.0,0.0,0.0,0.0,0.005036474671214819,0.07091255486011505,0.0,0.0,0.0,0.024696923792362213,0.012762445956468582,0.015866095200181007,0.0,0.0,0.0010007256641983986,0.09697910398244858,0.005791535601019859,0.029617255553603172,0.012470674701035023,0.0,0.0,0.0,0.0020415373146533966,0.22269269824028015,0.05367359146475792,0.0,0.0022438799496740103,0.0,0.0,0.5099878907203674,0.0,0.004687621723860502,0.0,0.0,0.0,0.0,0.02143210358917713,0.010057419538497925,0.0,0.006539485417306423,0.0010641044937074184,0.0,0.08531520515680313,0.0,0.0,0.0,0.004748214967548847,0.0002508521138224751,0.050937823951244354,0.0,0.08842769265174866,0.0,0.0009903382742777467,0.0,0.0,0.0,0.0,0.0,0.05387132242321968,0.0,0.12905244529247284,0.010815674439072609,0.007910178042948246,0.0,0.0,0.019553594291210175,0.0,0.0,0.17010635137557983,0.06503121554851532,0.0,0.21473276615142822,0.05963897332549095,0.0,0.0,0.1218571588397026,0.3147544264793396,0.0,0.02652101032435894,0.05435337871313095,0.0,0.0,0.01881178468465805,0.0,0.008811513893306255,0.0,0.0,0.1082809641957283,0.0,0.0501861535012722,0.0,0.29865750670433044,0.061331283301115036,0.05683455616235733,0.011183688417077065,0.0,0.0,0.0,0.0,0.0,0.0,0.0,0.19237124919891357,0.011110849678516388,0.024521833285689354,0.0,0.0,0.0,0.0,0.0,0.0212729312479496,0.0,0.0,0.0,0.44892528653144836,0.010794208385050297,0.01127602718770504,0.0,0.15832552313804626,0.0,0.0,0.01855805143713951,0.0,0.007539789658039808,0.04628722369670868,0.0,0.0,0.0,0.0,0.0,0.0146702341735363,0.030539222061634064,0.009559838101267815,0.0,0.0036581349559128284,0.0,0.07230748236179352,0.014577060006558895,0.0,0.0,0.0,0.0,0.0,0.0,0.0,0.0,0.0,0.0,0.0,0.1934289187192917,0.017855791375041008,0.0,0.0,0.0,0.0,0.0053957728669047356,0.0,0.0,0.02000831440091133,0.0,0.0,0.004726366605609655,0.0,0.0,0.08067567646503448,0.0,0.1430933177471161,0.011752953752875328,0.0,0.21352773904800415,0.015553295612335205,0.06823056191205978,0.0,0.0,0.11772429198026657,0.0,0.025585155934095383,0.09408258646726608,0.0,0.05218306556344032,0.0023478453513234854,0.0,0.0,0.0,0.0,0.0,0.013208611868321896,0.0,0.07318923622369766,0.0,0.0,0.0,0.0071279192343354225,0.008082426153123379,0.0,0.0,0.0,0.0,0.1409134566783905,0.05152581259608269,0.00227508251555264,0.0455290712416172,0.04672469198703766,0.0,0.0,0.0,0.06500203907489777,0.0,0.0,0.373422771692276,0.08568120747804642,0.0,0.0,0.03714550659060478,0.0,0.17971263825893402,0.005660064052790403,0.0,0.0,0.01576434075832367,0.009179478511214256,0.18034596741199493,0.11366758495569229,0.02476303093135357,0.0,0.009076481685042381,0.04220161959528923,0.0,0.0,0.0021407781168818474,0.05913110822439194,0.0026594854425638914,0.015280593186616898,0.0,0.08602911233901978,0.0,0.2061593383550644,0.0,0.0,0.001547474879771471,0.3082147538661957,0.08662059158086777,0.0,0.03201216459274292,0.6312159895896912,0.0,0.059147320687770844,0.0,0.005507984198629856,0.0,0.0,0.0,0.005486838985234499,0.2558477520942688,0.0,0.11500412225723267,0.0,0.0,0.0,0.005816938821226358,0.0,0.0,0.0,0.0,0.24348369240760803,0.06167935952544212,0.0,0.0,0.0,0.04815681278705597,0.0,0.3077748715877533,0.0,0.0,0.0,0.023449916392564774,0.0,0.19977004826068878,0.05318699777126312,0.05835774540901184,0.11890775710344315,0.03023551031947136,0.0038302349857985973,0.0,0.049132708460092545,0.040904637426137924,0.015035845339298248,0.0,0.0,0.17867325246334076,0.0073864697478711605,0.029522407799959183,0.0,0.001953183440491557,0.08915784955024719,0.2957741618156433,0.0012908012140542269,0.03626212477684021,0.04439357668161392,0.046355947852134705,0.007613989058881998,0.0,0.0,0.08829329162836075,0.0,0.02472132258117199,0.10209492594003677,0.01869279518723488,0.039939265698194504,0.0,0.024675428867340088,0.0,0.0,0.033496566116809845,0.06304741650819778,0.07368094474077225,0.0,0.20763708651065826,0.0,0.002702330704778433,0.0,0.008382434956729412,0.06783223152160645,0.27015626430511475,0.02113841474056244,0.08048021048307419,0.04974227771162987,0.0,0.0,0.0,0.0,0.0,0.0012095501879230142,0.01929580420255661,0.0,0.0,0.0034553511068224907,0.13529647886753082,0.0,0.0,0.041751403361558914,0.0010400355095043778,0.0,0.17044691741466522,0.0,0.0,0.018000585958361626,0.05303562059998512,0.0,0.035788506269454956,0.0,0.17678260803222656,0.0,0.0031288908794522285,0.4138645529747009,0.0,0.024491319432854652,0.009392338804900646,0.0,0.0,0.0,0.0018361291149631143,0.022377116605639458,0.0,0.10679459571838379,0.0,0.0,0.0010693359654396772,0.0,0.015871360898017883,0.027134042233228683,0.0,0.016785500571131706,0.00943040382117033,0.0035989724565297365,0.0,0.0,0.43082818388938904,0.0012632604921236634,0.0,0.0,0.0,0.0,0.0,0.5561341643333435,0.07045363634824753,0.010904159396886826,0.03870703652501106,0.07059594988822937,0.0,0.0,0.0,0.2085564285516739,0.019669895991683006,0.04895109310746193,0.014765801839530468,0.011714216321706772,0.0,0.009956041350960732,0.18052756786346436,0.0,0.0,0.0,0.12075456976890564,0.02706344611942768,0.08851329982280731,0.04185963049530983,0.06545939296483994,0.03698986396193504,0.0,0.40705350041389465,0.003625457873567939,0.0,0.018215756863355637,0.015149587765336037,0.06635263562202454,0.0,0.00030928850173950195,0.0,0.04010475054383278,0.1192208081483841,0.0,0.1697646677494049,0.025743680074810982,0.08734287321567535,0.0,0.048789750784635544,0.3501681983470917,0.001773457508534193,0.10318022966384888,0.10880561918020248,0.17617306113243103,0.046455658972263336,0.02980436384677887,0.11954766511917114,0.13433954119682312,0.03225843608379364,0.28305551409721375,0.0,0.0,0.269117146730423,0.003362098941579461,0.0,0.029458127915859222,0.0,0.0,0.07615089416503906,0.0,0.0,0.0,0.0,0.005104228854179382,0.0,0.24198506772518158,0.052102118730545044,0.0,0.0,0.013243897818028927,0.0,0.0007304495666176081,0.08655800670385361,0.0009076214046217501,0.10912290215492249,0.0,0.12127231806516647,0.0,0.010841090232133865,0.06917192786931992,0.0,0.03436831012368202,0.0,0.030287962406873703,0.18696735799312592,0.0,0.04460045322775841,0.01838064193725586,0.14137668907642365,0.0,0.07447635382413864,0.04670560359954834,0.0,0.0,0.1379859894514084,0.0,0.0,0.014541425742208958,0.5895103216171265,0.15394526720046997,0.0,0.01798224449157715,0.39989346265792847,0.0,0.0,0.0010164607083424926,0.24929293990135193,0.0,0.04550570622086525,0.0,0.0018153106793761253,0.0,0.004976228345185518,0.0949869230389595,0.0,0.0,0.238341823220253,0.03832290694117546,0.0,0.0,0.20408053696155548,0.0,0.016025280579924583,0.02491355501115322,0.038576457649469376,0.0662638396024704,0.004064730368554592,0.0211652684956789,0.03018299862742424,0.0,0.0,0.27753791213035583,0.0,0.0,0.0004936119657941163,0.05226830393075943,0.02962760627269745,0.0,0.07434971630573273,0.0,0.0,0.2012515813112259,0.018963968381285667,0.0,0.021121332421898842,0.0,0.0,0.05817006155848503,0.37521058320999146,0.0,0.0,0.18942759931087494,0.05868944525718689,0.024152226746082306,0.06266158819198608,0.0,0.07134134322404861,0.010552073828876019,0.0,0.0,0.0,0.07731157541275024,0.0042614019475877285,0.0,0.006062172818928957,0.07919995486736298,0.05914623662829399,0.05589495599269867,0.1305702179670334,0.0015014230739325285,0.11025775969028473,0.013787006959319115,0.0,0.15380918979644775,0.004359976854175329,0.01624312810599804,0.09794151037931442,0.0,0.0,0.12856900691986084,0.035857006907463074,0.0,0.03605354204773903,0.42100989818573,0.07115162163972855,0.05516711249947548,0.0,0.06406238675117493,0.14062345027923584,0.12440580129623413,0.09917119890451431,0.0,0.09920238703489304,0.02769802138209343,0.09733659029006958,0.026852350682020187,0.08261336386203766,0.39550864696502686,0.0,0.5041680335998535,0.0,0.0,0.014150627888739109,0.39204856753349304,0.1274830847978592,0.17249518632888794,0.11504245549440384,0.0,0.010709800757467747,0.010604899376630783,0.023508120328187943,0.0,0.035204652696847916,0.033852469176054,0.0,0.0,0.00019926279492210597,0.0,0.07970422506332397,0.0,0.0,0.07636989653110504,0.05180080235004425,0.20901988446712494,0.0,0.0,0.0,0.0,0.0,0.0,0.44559726119041443,0.0,0.0,0.0,0.0,0.16566863656044006,0.0,0.0,0.0,0.12222810089588165,0.0020476197823882103,0.005710563622415066,0.2329631745815277,0.33578094840049744,0.0,0.011400085873901844,0.006812404375523329,0.054246921092271805,0.0,0.0,0.0,0.0,0.05392538011074066,0.010236266069114208,0.0,0.0,0.011365324258804321,0.0036567808128893375,0.14591644704341888,0.1581464409828186,0.0,0.00222007161937654,0.0,0.0022442007903009653,0.0,0.3374400734901428,0.020014092326164246,0.2912179231643677,0.0,0.05327405035495758,0.0,0.0035026741679757833,0.0,0.04104464501142502,0.0,0.10499551147222519,0.004869192373007536,0.019988274201750755,0.021463243290781975,0.0,0.00419633649289608,0.0,0.09276539087295532,0.0,0.04000081121921539,0.027230707928538322,0.0,0.0,0.0031788654159754515,0.0,0.0,0.9032031893730164,0.1827860027551651,0.0,0.0,0.02696983888745308,0.0,0.0,0.033595457673072815,0.0890548899769783,0.0,0.0,0.6112977862358093,0.00027791678439825773,0.0,0.0,0.01748766005039215,0.0,0.0,0.0,0.0017197298584505916,0.0,0.0,0.0,0.44556817412376404,0.03754851222038269,0.0,0.046172648668289185,0.0,0.0005288052489049733,0.0,0.0,0.0,0.00045005083666183054,0.006850617006421089,0.3595540225505829,0.020797591656446457,1.1796433925628662,0.0,0.003803578671067953,0.00859597884118557,0.0005013537593185902,0.0,0.03085700049996376,2.279069185256958,0.016942152753472328,0.0,0.0027072750963270664,0.030311398208141327,0.007760162465274334,0.0,0.0,0.020196251571178436,0.0015635538147762418,0.0,0.5036410093307495,0.0,0.009095929563045502,0.016274593770503998,0.0,0.0,0.0,0.08036186546087265,0.19318348169326782,0.06842736154794693,0.0,0.1541176587343216,0.0,0.0,0.0,0.0,0.0,0.2198297530412674,0.0035918389912694693,0.015023181214928627,0.0,0.0,0.1966400146484375,0.007501369807869196,0.024527736008167267,0.07785797864198685,0.45534586906433105,0.0,0.0,0.19865980744361877,0.0,0.0,0.0,0.0,0.0,0.04724477231502533,0.0,0.0679921954870224,0.0,0.0,0.0,0.0,0.0,0.13050538301467896,0.03194912523031235,0.9654284715652466,0.0,0.03839610517024994,0.0006628346163779497,0.020562563091516495,0.1049848347902298,0.0,0.03995627164840698,0.0,0.0,0.4635202884674072,0.0,0.02408898063004017,0.0,0.0,0.0,0.0,0.028218083083629608,0.014153108932077885,0.0,0.0019047062378376722,0.0,0.0,0.0,0.010818435810506344,0.0,0.0,0.0,0.0,0.0,0.015455779619514942,0.19726963341236115,0.0,0.07449839264154434,0.0,0.0,0.0,0.00705055333673954,0.0,0.05091243237257004,0.0,0.004216694738715887,0.03455042466521263,0.005354253109544516,0.0,0.0,0.005056140478700399,0.1532737761735916,0.0,0.07631822675466537,0.02836717665195465,0.0,0.017188744619488716,0.0,0.015149762853980064,0.0,0.01999109424650669,0.0,0.0,0.0,0.02128572016954422,0.0,0.0,0.0,0.04822908341884613,0.04200371727347374,0.0,0.28758305311203003,0.07965078204870224,0.0,0.0,0.0,0.0050244866870343685,0.1366240531206131,0.0,0.014866807498037815,0.04224163666367531,0.0306879710406065,0.0,0.031279753893613815,0.0,0.03444569557905197,0.0,0.0,0.0012393164215609431,0.061771802604198456,0.1995716691017151,0.026937350630760193,0.0,0.024730756878852844,0.325774222612381,0.0036359047517180443,0.004725233186036348,0.0,0.3050910234451294,0.08117076754570007,0.043633054941892624,0.028222238644957542,0.0,0.0,1.11329984664917,0.4609299600124359,0.0869346559047699,0.0,0.0,0.0,0.0,0.0,0.0210023932158947,0.008801762014627457,0.5703691840171814,0.007982495240867138,0.1357405185699463,0.0,0.0,0.0,0.00901705026626587,0.043927956372499466,0.0,0.0,0.04719000309705734,0.3472457528114319,0.0,0.004023921675980091,0.3150448203086853,0.00991047639399767,0.514506459236145,0.05996976047754288,0.0,0.3639867305755615,0.053000498563051224,0.014815401285886765,0.0,0.3194027841091156,0.01656489446759224,0.0,0.017922308295965195,0.006174142472445965,0.0,0.0,0.14622893929481506,0.0,0.0,0.33943554759025574,0.03609141334891319,0.0,0.0,0.10020849108695984,0.014122917316854,0.007072776090353727,0.0,0.0,0.0,0.07141569256782532,0.004146665334701538,1.8452405129210092e-05,0.0,0.07493846863508224,0.0024898338597267866,0.0,0.0045835161581635475,0.0,0.0,0.0,0.0,0.003106367541477084,0.3241482079029083,0.0,0.0,0.00397075479850173,0.0,0.16425254940986633,0.0,0.0,0.006708915811032057,0.0,0.07479248195886612,7.083200034685433e-05,0.0,0.0,0.0,0.0027082592714577913,0.0,0.0,0.0,0.0070256381295621395,0.0,0.0,0.0,0.0124235013499856,0.0,0.006186408922076225,0.0,0.04385958984494209,0.012474056333303452,0.01992143504321575,0.007877476513385773,0.05302305147051811,0.0,0.016663894057273865,0.0,0.21081310510635376,0.0,0.02839118428528309,0.13687530159950256,0.10357673466205597,0.0,0.0,0.0,0.013942674733698368,0.0,0.19127731025218964,0.03036055527627468,0.015349913388490677,0.0,0.02793402038514614,0.09049715846776962,0.04194069281220436,0.0,0.027632925659418106,0.0,0.0,0.13211844861507416,0.08582277595996857,0.0012284344993531704,0.01616719178855419,0.0,0.02012016624212265,0.0063493940979242325,0.06334385275840759,0.013422807678580284,0.0,0.0,0.11651745438575745,0.1839447170495987,0.02837720885872841,0.001320047420449555,0.0,0.012956950813531876,0.0,0.5699928998947144,0.01497900951653719,0.017069421708583832,0.0,0.17116424441337585,0.12429182976484299,0.12672528624534607,0.0,0.11767255514860153,0.0,0.0,0.1847100853919983,0.14899414777755737,0.0,0.08373771607875824,0.0,0.8394399285316467,0.0,0.0,0.012243642471730709,0.01105121336877346,0.0,0.0012183046201243997,0.0,0.0,0.03463687747716904,0.005235947202891111,0.22994689643383026,0.0006370163173414767,0.06906352192163467,0.0,0.007375006563961506,0.0023450416047126055,0.06875656545162201,0.36772480607032776,0.0036545232869684696,0.017151394858956337,0.1279604136943817,0.0,0.025236940011382103,0.006910939235240221,0.0,0.0,0.12142468243837357,0.01653238572180271,0.0,0.0,0.018161842599511147,0.18742233514785767,0.0017778468318283558,0.0,0.0,0.03200202062726021,0.09629400074481964,0.0018855166854336858,0.0011240297462791204,0.0,0.03840440511703491,0.0,0.0,0.015286846086382866,0.09010552614927292,0.0028540659695863724,0.07705048471689224,0.004748635459691286,0.0718095451593399,0.6400653123855591,0.02701135352253914,0.1799134761095047,0.010190911591053009,0.07768002152442932,0.01791701465845108,0.0,0.0,0.0,0.04111924767494202,0.02735951356589794,0.026677057147026062,0.002738339826464653,0.044077228754758835,0.0025013976264744997,0.34703391790390015,0.09163489192724228,0.0,0.04890360310673714,0.010449311695992947,0.21535709500312805,0.33214664459228516,0.0524090901017189,0.0446985624730587,0.5954170227050781,0.03389719873666763,0.7062637209892273,0.08810732513666153,0.0,0.0,0.0,0.09323818236589432,0.0,0.1869894415140152,0.0,0.00036107777850702405,0.03809155896306038,0.0,0.024119911715388298,1.1870980262756348,0.15029922127723694,0.013550009578466415,0.0,0.059105806052684784,0.0,0.05579417198896408,0.027023930102586746,0.0030539464205503464,0.0,0.4321403205394745,0.056673504412174225,0.011966092512011528,0.02341047301888466,0.0,0.0,0.058856941759586334,0.0,0.14401187002658844,0.06546644866466522,0.0,0.19070965051651,0.013384988531470299,0.024096837267279625,0.0,0.00016109466378111392,0.005224338732659817,0.0,0.6731932163238525,0.3504367470741272,0.0012569332029670477,0.06304455548524857,0.14782331883907318,0.027282554656267166,0.08624828606843948,0.008250807411968708,0.03284198418259621,0.0012719344813376665,0.0,0.0020777296740561724,0.0,0.018697543069720268,0.0,0.04307664930820465,0.0,0.06879499554634094,0.07383858412504196,0.024586880579590797,0.0,0.04130205512046814,0.014964913949370384,0.023858699947595596,0.1520146280527115,0.016328925266861916,0.0006633424782194197,0.1244756281375885,0.0,0.013663998804986477,0.07723402231931686,0.011032471433281898,0.042470987886190414,0.005780939012765884,0.0,0.011272473260760307,0.4434967041015625,0.0,0.0551927424967289,0.01784856617450714,0.0,0.0,0.0,0.012173464521765709,0.0,0.0,0.013455991633236408,0.036223892122507095,0.009139914065599442,0.00287237879820168,0.010357242077589035,0.0,0.5812029838562012,0.0822773277759552,0.01541637908667326,0.2456691712141037,0.050307825207710266,0.0007756668492220342,0.008850052021443844,0.0,0.02385573834180832,0.0,0.0,0.03358376398682594,0.010909056290984154,0.0021607649978250265,0.0,0.0030512213706970215,0.0,0.017772285267710686,0.0,0.10487651824951172,0.056802310049533844,0.02181367389857769,0.04157020524144173,0.20766964554786682,0.08748920261859894,0.024799510836601257,0.19245442748069763,0.0388014055788517,0.0,0.11488015204668045,0.0,0.0,0.0,0.04409002885222435,0.011130915023386478,0.00017211675003636628,0.0776396170258522,0.16118313372135162,0.0,0.0,0.0,0.0429682619869709,0.0,0.011383681558072567,0.037215594202280045,0.00429410208016634,0.0,0.04490228742361069,0.017453420907258987,0.008713959716260433,0.023732565343379974,0.0,0.0,0.006020929664373398,0.0,0.012228106148540974,0.1576661616563797,0.0003439736319705844,0.4447152614593506,0.030213024467229843,0.021975770592689514,0.18174752593040466,0.0,0.02857799455523491,0.0,0.0,0.009723708964884281,0.010705904103815556,0.13548073172569275,0.401108056306839,0.008467747829854488,0.007982630282640457,0.0,0.0,0.013712252490222454,0.0,0.007669007871299982,0.0,0.0,0.4361284673213959,0.0,0.009417648427188396,0.0,0.0,0.1981225162744522,0.0,0.0,0.0,0.0,0.22419114410877228,0.018804892897605896,0.04519354924559593,0.0,0.0,0.0054177092388272285,0.004412464331835508,0.0,0.0,0.06540129333734512,0.014540653675794601,0.03956091031432152,0.03232976794242859,0.0,0.003805319080129266,0.034459080547094345,0.0,0.0234319306910038,0.0,0.0,0.02418896183371544,0.06625814735889435,0.09615878760814667,0.00540637131780386,0.03531188145279884,0.05144675076007843,0.05221310630440712,0.0,0.053608488291502,0.6697595715522766,0.013851461000740528,0.2753850817680359,0.058531489223241806,0.12317375838756561,0.016357243061065674,0.2335982471704483,0.0,0.00942183006554842,0.0,0.06502809375524521,0.03820807486772537,0.024625498801469803,0.0,0.03538529574871063,0.0,0.055787406861782074,0.007994570769369602,0.01731826364994049,0.0006541472394019365,0.4521825313568115,0.01960723102092743,0.03552462160587311,0.00010384261258877814,0.0,0.07793962955474854,0.0,0.049157656729221344,0.021456746384501457,0.0,0.0392700731754303,0.02972525544464588,0.0,0.0222666934132576,0.05986771732568741,0.022085396572947502,0.006455032620579004,0.0,0.03457276150584221,0.004049885086715221,0.02061271108686924,0.0,0.005446362309157848,0.0,0.09001393616199493,0.0824638158082962,0.713155210018158,0.0,0.0,0.0,0.0,0.0,0.1295536905527115,0.0,0.0,0.0,0.0,0.0,0.0,0.15581858158111572,0.0,0.0,0.19992145895957947,0.020296506583690643,0.015573732554912567,0.029662003740668297,0.10366300493478775,0.0,0.15870514512062073,0.0,0.0005867010331712663,0.0,0.02399778552353382,0.0,0.0,0.32592421770095825,0.0,0.0,0.07776844501495361,0.0,0.0,0.0,0.0,0.0,0.0,0.02160167694091797,0.031710900366306305,0.004911696072667837,0.0,0.0,0.026150424033403397,0.008340553380548954,0.0,0.0035044432152062654,0.03912192955613136,0.027540521696209908,0.04951407015323639,0.06617924571037292,0.0,0.0683722272515297,0.0,0.0,0.0,0.08210094273090363,0.0,0.005315966438502073,0.05503625422716141,0.0,0.009580105543136597,0.0,0.0,0.13329753279685974,0.0,0.0,0.0,0.0,0.0,0.0,0.010530013591051102,0.0009484112379141152,0.013148319907486439,0.6454266905784607,0.0,0.006359348073601723,0.007608664222061634,0.0,0.003200044622644782,0.13804477453231812,0.0,0.1267252266407013,0.1970694661140442,0.0,0.0,0.007797487545758486,0.0,0.0,0.0,0.0,0.3695332407951355,0.0,0.0,0.012584524229168892,0.0,0.0,0.34529098868370056,0.06857211887836456,0.007126689422875643,0.0,0.006934101693332195,0.15414418280124664,0.3435116112232208,0.0,0.0,0.009805056266486645,0.0,0.0,0.002024864312261343,0.0,0.0,0.006256431341171265,0.0,0.010449719615280628,0.0,0.0,0.20286646485328674,0.0,0.031216828152537346,0.024736132472753525,0.03702234849333763,0.0,0.41388699412345886,0.1527554839849472,0.0,0.09039191156625748,0.0,0.004174194764345884,0.0,0.004689061548560858,0.05222088843584061,0.0,0.0,0.0429537296295166,0.0,0.020591318607330322,0.02252672240138054,0.04708663001656532,0.0,0.04536939784884453,0.008214764297008514,0.10251712799072266,0.0,0.00592398876324296,0.042498521506786346,0.0,0.0769006535410881,0.0,0.0408589206635952,0.0030501624569296837,0.0,0.0,0.004363517742604017,0.05713251978158951,0.0,0.0,0.015922777354717255,0.0,0.02203911729156971,0.0,0.0,0.0,0.0,0.005857635755091906,0.00046701074461452663,0.0016362019814550877,0.0,0.0,0.09077774733304977,0.03699541091918945,0.044093597680330276,0.0013770604273304343,0.014774841256439686,0.0009820658015087247,0.0,0.0,0.30196431279182434,0.0,0.045037902891635895,0.03253063187003136,0.010576236993074417,0.0,0.3530721664428711,0.0035983086563646793,0.07770397514104843,0.0
0.0,0.021173717454075813,0.3487168550491333,0.0,0.0,0.0,0.027674928307533264,0.016841070726513863,0.0,0.07221821695566177,0.0,0.032104525715112686,0.03943854197859764,0.31392213702201843,0.09513189643621445,0.18249252438545227,0.0034336757380515337,0.025726385414600372,0.0,0.2268253117799759,0.050989776849746704,0.0,0.05196449160575867,0.11293710768222809,0.0668068379163742,0.1070002093911171,0.0,0.0,0.0,0.0,0.43374738097190857,0.11172772198915482,0.001375682302750647,0.0,0.24984358251094818,0.18633338809013367,0.009944874793291092,0.03984140604734421,0.0,0.066916324198246,0.3267296552658081,0.0,0.011988623067736626,0.15272587537765503,0.48684588074684143,0.01076057180762291,0.046902142465114594,0.0,0.2613973021507263,0.0,0.0,0.17690905928611755,0.009754495695233345,0.1397048532962799,0.054763007909059525,0.0,0.0,0.0,0.06727223843336105,0.01671873964369297,0.0,0.49621185660362244,0.10203088074922562,0.0,0.0008038032101467252,0.3294787108898163,0.08974294364452362,0.010858094319701195,0.008144683204591274,0.0,0.18236617743968964,0.010561075061559677,0.008897610008716583,0.0869993269443512,0.021344304084777832,0.10234954208135605,0.3755345940589905,0.004255220759660006,0.1435115784406662,0.4525319039821625,0.0,0.09226970374584198,0.0,0.10678163170814514,0.013175117783248425,0.2523290812969208,0.04809962213039398,0.0005909919855184853,0.0,0.011194326914846897,0.016335632652044296,0.0013952874578535557,0.21585200726985931,0.41078510880470276,0.011565408669412136,0.21471261978149414,0.0383816733956337,0.0,0.0024667680263519287,0.0,0.009888418018817902,0.03771807625889778,0.1291540116071701,0.029821695759892464,0.08425126224756241,0.002133352681994438,0.014692561700940132,0.0,0.0,0.016489626839756966,0.06234056130051613,0.01937427558004856,0.003509840928018093,0.15866754949092865,0.004148514475673437,0.43675363063812256,0.0,0.09030941128730774,0.0,0.17530357837677002,0.019898036494851112,0.013788866810500622,0.3185977041721344,0.026517117395997047,0.002749762497842312,0.002010249998420477,0.23757724463939667,0.0368279330432415,0.1523846685886383,0.007828955538570881,0.0911237895488739,0.0,0.06281077116727829,0.029726454988121986,0.0616975799202919,0.07703278213739395,0.01404428482055664,0.0,0.026851050555706024,0.0,0.10114645957946777,0.03711548075079918,0.0,0.015868229791522026,0.24446111917495728,0.0,0.0386587493121624,0.2883707284927368,0.02154698595404625,0.07912447303533554,0.10483118146657944,0.0,0.07312458008527756,0.06611203402280807,0.0,0.06493128091096878,0.0,0.060324668884277344,0.14348828792572021,0.10476692020893097,0.0066605317406356335,0.0075819785706698895,0.02630050666630268,0.43711167573928833,0.06788915395736694,0.0,0.22896140813827515,0.004054422490298748,0.12972572445869446,0.36707308888435364,0.10236401855945587,0.030017957091331482,0.04628957435488701,0.2494230717420578,0.057433776557445526,0.04050326719880104,0.5252918004989624,0.018894962966442108,0.0,0.3033831715583801,0.0,0.0,0.030751852318644524,0.01129891537129879,0.011160685680806637,0.34402450919151306,0.19325339794158936,0.06033164635300636,0.042122982442379,0.29215794801712036,0.04561449959874153,0.050881195813417435,0.0,0.012206039391458035,0.02068948559463024,0.029137855395674706,0.03293600678443909,0.030867677181959152,0.23869507014751434,0.0009475612896494567,0.1474117636680603,0.021488986909389496,0.0,0.1486986130475998,0.0,0.024919362738728523,0.030008545145392418,0.035519931465387344,0.05554256588220596,0.10004319250583649,0.14197343587875366,0.00394611619412899,0.20638765394687653,0.00684870732948184,0.033973585814237595,0.020049497485160828,0.030133554711937904,0.03763885423541069,0.0,0.005044641438871622,0.048931632190942764,0.037017662078142166,0.1964445859193802,0.13478313386440277,0.006216392386704683,0.188948854804039,0.009293003007769585,0.01259423978626728,0.07816435396671295,0.13699117302894592,0.19445133209228516,0.0,0.17925745248794556,0.05347432196140289,0.14878423511981964,0.2772016227245331,0.017604870721697807,0.11604557186365128,0.04831986501812935,0.00045894444338046014,0.0,0.0494636669754982,0.11045196652412415,0.0,0.034631844609975815,0.053909994661808014,0.05213957279920578,0.039694782346487045,0.0,0.025216244161128998,0.00896876584738493,0.0018658339977264404,0.0,0.02107786387205124,0.008934264071285725,0.09404364228248596,0.0,0.0893307700753212,0.08843240886926651,0.5109336376190186,0.0,0.009964113123714924,0.033263225108385086,0.0,0.10094939172267914,0.03456837311387062,0.07364816963672638,0.0953940600156784,0.005976221524178982,0.029614407569169998,0.06895621120929718,0.0017792105209082365,0.0,0.10093963891267776,0.014708046801388264,0.0,0.06062249094247818,0.013752131722867489,0.1161622628569603,0.11706695705652237,0.007511809002608061,0.0,0.014132687821984291,0.1532953828573227,0.03050164133310318,0.6506385207176208,0.0,0.0,0.15003608167171478,0.05769709497690201,0.160624161362648,0.16456152498722076,0.03813234716653824,0.0,0.057948339730501175,0.0,0.21483318507671356,0.0,0.28979507088661194,0.002742280950769782,0.031459204852581024,0.033911801874637604,0.17543847858905792,0.15858392417430878,0.16496053338050842,0.004939332138746977,0.007929570972919464,0.034725435078144073,0.0,0.0,0.0012366723967716098,0.13344939053058624,0.014885975979268551,0.17823217809200287,0.042469967156648636,0.3010618984699249,0.030185909941792488,0.0,0.16814450919628143,0.032709650695323944,0.0,0.022160392254590988,0.0,0.0,0.6811062097549438,0.0,0.0,0.013184590265154839,0.0,0.0,0.00660474319010973,0.06356203556060791,0.0,0.0,0.11939218640327454,0.0,0.0,0.0,0.008366633206605911,0.0866800844669342,0.07582450658082962,0.0,0.0,0.00030430196784436703,0.0,0.0,0.0,0.010633163154125214,0.0,0.0,0.19803176820278168,0.0,0.0913286954164505,0.02134333923459053,0.30137431621551514,0.0,0.0,0.0,0.03338662534952164,0.011793989688158035,0.0015647083055227995,0.0,0.0,0.0,0.0,0.007258630823343992,0.0813235342502594,0.05598689615726471,0.0,0.0,0.47928792238235474,0.0,0.0,0.08082450181245804,0.00917883962392807,0.0,0.017703382298350334,0.0,0.008447513915598392,0.2471223771572113,0.06844133883714676,0.0,0.0,0.0,0.010017993859946728,0.0,0.0,0.07206416875123978,0.0,0.0,0.32256919145584106,0.0,0.0,0.0,0.0,0.0,0.1628812998533249,0.0,0.1094302386045456,0.017774568870663643,0.006305196322500706,0.02128736674785614,0.0,0.0009115237626247108,0.0034030843526124954,0.0,0.029749851673841476,0.0,0.0,0.03352247178554535,0.0,0.0,0.0,0.0,0.004975574091076851,0.0,0.0,0.0,0.0,0.0,0.03601669892668724,0.0,0.026488466188311577,0.0,0.009287864901125431,0.11015459150075912,0.03105688840150833,0.004988166503608227,0.010216648690402508,0.11397985368967056,0.0,0.0029888676945120096,0.0,0.09606558084487915,0.0,0.0,0.0,0.0026188730262219906,0.003444127971306443,0.0,0.0,0.0,0.003913048654794693,0.017167525365948677,0.0,0.0,0.12494346499443054,0.0,0.033576883375644684,0.04815725237131119,0.024759018793702126,0.0,0.0,0.027860717847943306,0.0,0.0,0.0,0.0,0.025497425347566605,0.0,0.008059242740273476,0.16730886697769165,0.0,0.0,0.07294099777936935,0.26450732350349426,0.046150218695402145,0.0,0.0,0.0,0.0,0.0,0.021493980661034584,0.0,0.017661990597844124,0.0,0.0,0.01492350548505783,0.050835564732551575,0.0,0.0,0.0,0.14816813170909882,0.0,0.07052396982908249,0.23448188602924347,0.0107765793800354,0.0,0.0,0.0,0.03037101775407791,0.0,0.0,0.0,0.0,0.0,0.0,0.023986179381608963,0.025240572169423103,0.0,0.0,0.0,0.011707400903105736,0.016624443233013153,0.02402774803340435,0.0,0.0,0.000248029304202646,0.13992929458618164,0.01214128639549017,0.03671877086162567,0.01104800496250391,0.0,0.008278261870145798,0.0,0.0,0.17427881062030792,0.024880027398467064,0.0,0.018795445561408997,0.0,0.0,0.5222691297531128,0.0,0.0,0.0,0.0,0.0,0.0,0.023734869435429573,0.024664344266057014,0.0,0.00242249364964664,0.0010794365080073476,0.0,0.09326395392417908,0.0,0.0,0.0,0.029457205906510353,0.013070314191281796,0.00904558040201664,0.0,0.047316331416368484,0.0,0.0,0.015525035560131073,0.0,0.004721667617559433,0.0,0.0024606073275208473,0.011665724217891693,0.0004425568913575262,0.17224854230880737,5.2665473049273714e-05,0.008284782990813255,0.0,0.0,0.029373012483119965,0.0,0.001554250717163086,0.1190573200583458,0.04630279541015625,0.0,0.23030021786689758,0.04117652773857117,0.011668652296066284,0.0,0.08172515779733658,0.2544024586677551,0.0,0.0492866151034832,0.038950540125370026,0.0,0.0,0.019194621592760086,0.0,0.0,0.0,0.0015927576459944248,0.0808841735124588,0.0,0.07157118618488312,0.0,0.12647117674350739,0.046285029500722885,0.12140607833862305,0.026727931573987007,0.0,0.0,0.0,0.0030351453460752964,0.0046022068709135056,0.0,0.018956048414111137,0.18156550824642181,0.0071656773798167706,0.051397986710071564,0.0,0.0,0.0,0.0,0.0,0.006196681410074234,0.0,0.0,0.0,0.37155380845069885,0.005966876167804003,0.05357952043414116,0.0,0.15902893245220184,0.0,0.0,5.832522947457619e-05,0.011850263923406601,0.0037612200248986483,0.09111660718917847,0.0,0.0,0.0,0.0,0.0,0.0,0.014918639324605465,0.011515134945511818,0.0,0.018965741619467735,0.0,0.055772487074136734,0.037797845900058746,0.002756326226517558,0.0,0.0,0.0,0.0,0.0,0.0,0.0,0.0,0.0,0.0,0.104373037815094,0.016398116946220398,0.0016572922468185425,0.0,0.0,0.0,0.046944759786129,0.0,0.0,0.008507969789206982,0.0,0.0,0.006298161577433348,0.0,0.0,0.07750154286623001,0.007065415848046541,0.10960640758275986,0.01949075050652027,0.0,0.21279571950435638,0.0,0.05584387853741646,0.0,0.0023920894600450993,0.12100856751203537,0.0,0.01690361090004444,0.07401668280363083,0.0,0.032070137560367584,0.0,0.0,0.0,0.0,0.0,0.0,0.041604671627283096,0.0,0.046189047396183014,0.0,0.0,0.0,0.13670308887958527,0.010621296241879463,0.0,0.0,0.0,0.03617555648088455,0.08700677752494812,0.004495412111282349,0.0,0.06395385414361954,0.06012300029397011,0.0,0.0,0.0,0.0274493508040905,0.0,0.0,0.41149628162384033,0.08925175666809082,0.014378721825778484,0.0,0.038798004388809204,0.0,0.10518689453601837,0.0,0.0,7.43709506423329e-06,0.0011296146549284458,0.031427573412656784,0.2133520096540451,0.1286580115556717,0.04413852095603943,0.0,0.013548166491091251,0.07424802333116531,0.0,0.0,0.0,0.0533941425383091,0.001069873571395874,0.03438306972384453,0.0,0.0882640928030014,0.0,0.17318712174892426,0.0,0.0,0.0,0.2846706211566925,0.0565037839114666,0.0,0.022811345756053925,0.5165334939956665,0.0,0.03274412453174591,0.0,0.011120716109871864,0.0,0.0,0.0,0.0,0.23302805423736572,0.0,0.10244670510292053,0.0,0.0,0.009750514291226864,0.0016678833635523915,0.0,0.014059565030038357,0.00026471077580936253,0.0,0.29429423809051514,0.08278582245111465,0.0,0.0,0.00034320889972150326,0.0888543352484703,0.0,0.38445866107940674,0.0,0.0,0.002969164866954088,0.07859466224908829,0.0021610117983072996,0.11346535384654999,0.16921888291835785,0.09494852274656296,0.1434876024723053,0.0325898751616478,0.0,0.004575760569423437,0.030953364446759224,0.016882937401533127,0.013311078771948814,0.0,0.0,0.16245070099830627,0.017313413321971893,0.04302852600812912,0.0,0.014728647656738758,0.10568934679031372,0.22518527507781982,0.00577381020411849,0.07488377392292023,0.047079287469387054,0.054082125425338745,0.0017269599484279752,0.0,0.0,0.08904239535331726,0.0,0.0,0.15705037117004395,0.028601091355085373,0.045624617487192154,0.0,0.023003898561000824,0.0,0.0,0.029662854969501495,0.049007296562194824,0.07850750535726547,0.0,0.1603027582168579,0.0,0.0,0.0,0.012861471623182297,0.05408960208296776,0.1701306700706482,0.015193574130535126,0.11588875949382782,0.03917419910430908,0.0,0.0,0.0036462973803281784,0.0,0.0,0.0009175282903015614,0.0,0.0,0.0,0.060488101094961166,0.18000349402427673,0.0,0.0,0.01232600212097168,0.020041655749082565,0.0,0.16218070685863495,0.0,0.0,0.027352459728717804,0.03922200947999954,0.0,0.046050120145082474,0.013093066401779652,0.2585219144821167,0.0,0.00018629312398843467,0.5018426775932312,0.0,0.016153609380126,0.010591782629489899,0.0,0.0,0.0,0.02645593136548996,0.009614855982363224,0.0,0.133830264210701,0.0,0.0,0.00018513679970055819,0.0,0.0,0.009582719765603542,0.0,0.011809340678155422,0.0016102754743769765,0.0045357574708759785,0.0,0.0,0.3878989815711975,0.0,0.0,0.0,0.0,0.0,0.0,0.7564926147460938,0.046433910727500916,0.011544854380190372,0.0175327118486166,0.07707224041223526,0.0,0.010073639452457428,0.0,0.21821099519729614,0.016073372215032578,0.050998564809560776,0.016103504225611687,0.015177476219832897,0.014252780936658382,0.007078536786139011,0.1689160168170929,0.0,0.02401372231543064,0.0,0.12690529227256775,0.05963529646396637,0.08320344984531403,0.006867809221148491,0.04474570229649544,0.03676924854516983,0.0,0.4746744632720947,0.0,0.0,0.014647495932877064,0.0024651139974594116,0.0913429707288742,0.0,0.004228729754686356,0.013399133458733559,0.08835428953170776,0.08869808912277222,0.0,0.12516453862190247,0.0193630401045084,0.05767041817307472,0.0,0.02210088074207306,0.38106635212898254,0.04055115580558777,0.15091200172901154,0.038246601819992065,0.17228107154369354,0.044854678213596344,0.028319939970970154,0.11597675085067749,0.13643667101860046,0.010543279349803925,0.19651398062705994,0.0,0.0,0.3501722812652588,0.021019987761974335,0.0,0.01566125452518463,0.0,0.0,0.09408467262983322,0.0,0.0051795197650790215,0.0,0.0,0.0,0.0,0.21712997555732727,0.07069090008735657,0.0,0.0,0.017860379070043564,0.0,0.005942108575254679,0.07118137180805206,0.0,0.1157965362071991,0.0,0.16358520090579987,0.0,0.01943889632821083,0.0515461303293705,0.0,0.03128838166594505,0.002228773897513747,0.04058290645480156,0.14623862504959106,0.0037192534655332565,0.07015852630138397,0.05102735385298729,0.09028071165084839,0.0,0.09333927929401398,0.020531095564365387,0.0064325714483857155,0.0,0.20088379085063934,0.0,0.0,0.003524404251947999,0.5474237203598022,0.13565316796302795,0.0005853730253875256,0.041341252624988556,0.39752447605133057,0.0,0.0025384353939443827,0.002357142511755228,0.27585315704345703,0.0,0.049836400896310806,0.0,0.002257945481687784,0.0,0.0,0.11578051745891571,0.0017716670408844948,0.0,0.12576551735401154,0.03237554058432579,0.0,0.010748591274023056,0.2625557482242584,0.0,0.01056753285229206,0.0005050438921898603,0.03623010590672493,0.04349861294031143,0.02779873088002205,0.014180066995322704,0.04391913488507271,0.0,0.009385962039232254,0.2817561626434326,0.0,0.0,0.0,0.06213842332363129,0.04569548740983009,0.0,0.11433465778827667,0.0,0.0,0.3651783764362335,0.0,0.0,0.023508992046117783,0.0,0.0,0.009650081396102905,0.4167057275772095,0.0,0.0,0.20167206227779388,0.06645873934030533,0.03163863718509674,0.0744602158665657,0.0,0.04506446793675423,0.039019543677568436,0.0,0.0,0.0,0.05814358592033386,0.0,0.0,0.0,0.056669894605875015,0.0910530686378479,0.013713724911212921,0.14590999484062195,0.0,0.03480007126927376,0.013476109132170677,0.0,0.19286808371543884,0.0020916806533932686,0.0,0.12529872357845306,0.0,0.0,0.12987011671066284,0.01700579933822155,0.006339984480291605,0.015785567462444305,0.42401227355003357,0.04628788307309151,0.05603008344769478,0.0,0.04544844478368759,0.13384367525577545,0.02356552518904209,0.10819417983293533,0.0,0.04320435971021652,0.007831807248294353,0.04293735325336456,0.04808557406067848,0.0663335919380188,0.4091077446937561,0.0,0.43323665857315063,0.0,0.012971756048500538,0.031551968306303024,0.27437907457351685,0.125609889626503,0.1563016027212143,0.12094859778881073,0.0,0.0,0.012747726403176785,0.010269053280353546,0.0,0.030878320336341858,0.03149079903960228,0.0,0.0,0.003636406734585762,0.0,0.15553122758865356,0.0,0.0,0.0904591754078865,0.021327577531337738,0.3227090835571289,0.0,0.0,0.01538621261715889,0.0,0.0,0.0,0.4770723283290863,0.0,0.0,0.0,0.0,0.15459729731082916,0.0,0.0,0.0,0.0671113133430481,0.00848366692662239,0.01548603642731905,0.3301893472671509,0.3736282289028168,0.0,0.0008065414149314165,0.0,0.04558001458644867,0.0,0.0,0.0,0.0,0.05508651211857796,0.0031217599753290415,0.0,0.0,0.01591058447957039,0.006252622697502375,0.15487736463546753,0.1383717805147171,0.0,0.0,0.0,0.002302423818036914,0.0,0.38704928755760193,0.028577590361237526,0.30948397517204285,0.0,0.05330642685294151,0.0036395967472344637,0.012815930880606174,0.0,0.03955112025141716,0.0,0.09543538838624954,0.02661767229437828,0.014283671043813229,0.022830937057733536,0.0,0.0045149922370910645,0.0,0.061246439814567566,0.0,0.04077436402440071,0.01960240863263607,0.0,0.0,0.005731707904487848,0.0,0.0,0.9671424627304077,0.18056489527225494,0.0,0.0,0.027481116354465485,0.0036396877840161324,0.0,0.0714993104338646,0.1012706533074379,0.0,0.0,0.5741691589355469,0.0,0.0,0.0,0.008879804983735085,0.0,0.0,0.0,0.0,0.0,0.0,0.0,0.5239752531051636,0.0310274176299572,0.0,0.08109881728887558,0.0,0.004283664282411337,0.0,0.0,0.0,0.0,0.00526182958856225,0.257335901260376,0.028416572138667107,1.3023664951324463,0.0,0.0,0.008210999891161919,0.0,0.0,0.016309136524796486,2.312217950820923,0.013233363628387451,0.0,0.0,0.028819892555475235,0.003307614242658019,0.0,0.0,0.03832670673727989,0.004497945308685303,0.0,0.4474479556083679,0.0,0.0,0.028271770104765892,0.0,0.0,0.0,0.06719610095024109,0.16866283118724823,0.033355068415403366,0.0,0.16131652891635895,0.0,0.0,0.0,0.0,0.0,0.1008785218000412,0.014016819186508656,0.026133451610803604,0.0,0.0,0.15444868803024292,0.021614279597997665,0.02166479080915451,0.033755816519260406,0.4836731255054474,0.0,0.022985562682151794,0.18399402499198914,0.0013655924703925848,0.014408290386199951,0.0,0.006814371328800917,0.0,0.04684419557452202,0.0,0.0,0.0,0.0,0.0,0.01015064213424921,0.0,0.07472260296344757,0.03420153260231018,1.0333999395370483,0.0,0.02980079874396324,0.0,0.00777798518538475,0.07373826205730438,0.0,0.03899595886468887,0.0,0.0,0.5043859481811523,0.0,0.016191208735108376,0.0,0.0,0.0,0.0,0.03531596064567566,0.006233811378479004,0.0,0.0,0.0,0.0,0.0,0.001681481022387743,0.0033695537131279707,0.0,0.0,0.0025621855165809393,0.0,0.01221013069152832,0.21825911104679108,0.0,0.0945267379283905,0.0,0.0,0.0,0.0,0.0,0.04656074568629265,0.0,0.0011476421495899558,0.03142578899860382,0.0033839631360024214,0.0,0.0,0.02685576118528843,0.010671260766685009,0.0,0.09230516105890274,0.01183265820145607,0.0,0.009494964964687824,0.0,0.018236620351672173,0.0,0.022273486480116844,0.0,0.0,0.0,0.03635309264063835,0.0,0.0,0.0,0.03062140941619873,0.0,0.0,0.26873382925987244,0.09325851500034332,0.0,0.0,0.0,0.0,0.09198834747076035,0.0,0.009232346899807453,0.09032945334911346,0.027642259374260902,0.0,0.01838589645922184,0.0,0.021074771881103516,0.0,0.0,0.0,0.032522667199373245,0.21869711577892303,0.04359707981348038,0.0,0.009801391512155533,0.3280652165412903,0.0,0.008128375746309757,0.0,0.27562862634658813,0.09657327830791473,0.04759471118450165,0.0716785416007042,0.0,0.0,1.0828514099121094,0.4540043771266937,0.1030222624540329,0.0,0.0,0.0003777408564928919,0.0,0.0,0.01595914550125599,0.0035736393183469772,0.6077271103858948,0.006216962356120348,0.12849952280521393,0.0,0.0014617121778428555,0.0,0.010865306481719017,0.04948046803474426,0.0,0.0,0.03774772956967354,0.2111075222492218,0.0,0.016753006726503372,0.38240501284599304,0.011518481187522411,0.4983835220336914,0.05128322169184685,0.0,0.32716166973114014,0.057460661977529526,0.06043531000614166,0.0,0.3294204771518707,0.023834075778722763,0.0,0.0025470899417996407,0.0,0.0,0.0,0.04271896928548813,0.0,0.0005685505457222462,0.3724265992641449,0.010391888208687305,0.0,0.0,0.11365608125925064,0.01599060371518135,0.0,0.0,0.0,0.0,0.08497101068496704,0.05412866547703743,0.0,0.0,0.05562879145145416,0.0028662108816206455,0.0,0.0,0.0,0.0,0.0,0.01306015532463789,0.0,0.32997626066207886,0.0,0.0,0.025175027549266815,0.0,0.15918120741844177,0.0,0.0,0.007224026136100292,0.0,0.07275883853435516,0.002413431415334344,0.0,0.0,0.0,0.0,0.0,0.0,0.0,0.0006646740366704762,0.0,0.0,0.0,0.014371136203408241,0.0,0.0,0.0,0.03947924077510834,0.01596766524016857,0.036384209990501404,0.0056672003120183945,0.05290929973125458,0.0,0.024623269215226173,0.0,0.1278652846813202,0.016053909435868263,0.029665255919098854,0.09674344211816788,0.10661245137453079,0.0,0.0,0.0,0.00838492438197136,0.0,0.23975932598114014,0.04127540439367294,0.02465410903096199,0.0,0.01869160681962967,0.04258860647678375,0.032849717885255814,0.005426594987511635,0.021351899951696396,0.0,0.0,0.07821521162986755,0.08278053998947144,0.0011165497126057744,0.016839560121297836,0.0,0.022480115294456482,0.0283922478556633,0.05863858386874199,0.014900502748787403,0.0,0.0,0.14788129925727844,0.0771547257900238,0.023716866970062256,0.007204120047390461,0.0,0.0030146955978125334,0.0,0.610584557056427,0.027070073410868645,0.013061399571597576,0.0,0.14231598377227783,0.09088189899921417,0.0648798942565918,0.00014379501226358116,0.06546088308095932,0.0,0.0,0.22040635347366333,0.2198806256055832,0.0,0.08055467903614044,0.030689528211951256,0.765227198600769,0.0,0.004798452835530043,0.0,0.003438501385971904,0.0093230614438653,0.007996766828000546,0.0,0.0,0.03690408170223236,0.0040808324702084064,0.22464512288570404,0.0,0.09023435413837433,0.0,0.0011393427848815918,0.01091779675334692,0.12466206401586533,0.3481767773628235,0.0,0.05067659541964531,0.1406572014093399,0.0,0.016351711004972458,0.007100589107722044,0.0,0.0,0.09851663559675217,0.02317465841770172,0.0,0.0,0.025979550555348396,0.22715269029140472,0.015314752236008644,0.0,0.0045503126457333565,0.043226633220911026,0.10517802834510803,0.014097858220338821,0.0012827968457713723,0.0,0.01148067507892847,0.0,0.006652574986219406,0.018965162336826324,0.12566252052783966,0.003810553578659892,0.07885187119245529,0.00966699980199337,0.08598174899816513,0.6535547375679016,0.034815430641174316,0.06279274821281433,0.006960317958146334,0.04314778745174408,0.004184970632195473,0.0,0.0,0.0,0.05158326029777527,0.013996114954352379,0.03375852480530739,0.012035949155688286,0.033434752374887466,0.0,0.38881075382232666,0.16284506022930145,0.0,0.04535898193717003,0.016080573201179504,0.19382315874099731,0.2915932834148407,0.037473343312740326,0.043145399540662766,0.5624444484710693,0.017363345250487328,0.9220662117004395,0.06926634162664413,0.0,0.0,0.0,0.09013625979423523,0.0,0.06501956284046173,0.0,0.0,0.04166765138506889,0.0,0.028380246832966805,1.2175084352493286,0.15863549709320068,0.03425561264157295,0.0,0.05704127624630928,0.0,0.06030347943305969,0.023531276732683182,0.0,0.0,0.3843575716018677,0.03723619878292084,0.02460118941962719,0.008598433807492256,0.0,0.0,0.05034114420413971,0.0,0.08154851198196411,0.06389181315898895,0.0,0.2201136350631714,0.0,0.04694221541285515,0.0,0.0012055612169206142,0.011573927477002144,0.0,0.7115195393562317,0.5010981559753418,0.0,0.06928960978984833,0.19086092710494995,0.020496733486652374,0.20788021385669708,0.014605308882892132,0.012171311303973198,0.0047542680986225605,0.0,0.0014418077189475298,0.0,0.03266645595431328,0.0,0.04977590963244438,0.0,0.05792032554745674,0.0590454563498497,0.0,0.0,0.04862474277615547,0.03338848054409027,0.02429487742483616,0.22237032651901245,0.011842337436974049,0.0,0.12256864458322525,0.0,0.03134441003203392,0.09921789169311523,0.0,0.04213867336511612,0.005797456484287977,0.0,0.0,0.4413391053676605,0.0,0.08481046557426453,0.008272280916571617,0.0,0.0,0.0,0.012824870645999908,0.0,0.0,0.011266741901636124,0.016206741333007812,0.04988137260079384,0.0,0.014026651158928871,0.0,0.685014545917511,0.10887153446674347,0.009081780910491943,0.20269429683685303,0.05654214322566986,0.0,0.005960116162896156,0.0,0.048497267067432404,0.0,0.00899430736899376,0.035633958876132965,0.005009653978049755,0.0,0.0,0.0006752645713277161,0.0,0.0013433480635285378,0.004607251845300198,0.111600361764431,0.047614630311727524,0.023181546479463577,0.015057899989187717,0.13966451585292816,0.0889592170715332,0.009168922901153564,0.12397371232509613,0.028341708704829216,0.0,0.07998249679803848,0.0,0.006794834043830633,0.0,0.01700621284544468,0.005421442911028862,0.0,0.055699266493320465,0.18633738160133362,0.0,0.0,0.0,0.04528643935918808,0.0,0.0,0.0223596952855587,0.01126831490546465,0.005377024412155151,0.06351592391729355,0.009728377684950829,0.0024820410180836916,0.02298806980252266,0.0,0.0,0.0,0.0,0.011790513060986996,0.2642888128757477,0.008190779946744442,0.4107329547405243,0.020520204678177834,0.01283035147935152,0.2578648626804352,0.0,0.0,0.0,0.0,0.0075019728392362595,0.01393790915608406,0.11401301622390747,0.447127103805542,0.0,0.003878416959196329,0.0,0.0,0.00912570022046566,0.0,0.00016298532136715949,0.0,0.0,0.4064458906650543,0.0,0.006055058911442757,0.0,0.0,0.17288771271705627,0.01747151091694832,0.0,0.0,0.0,0.21757254004478455,0.013383090496063232,0.04347648099064827,0.0048583196476101875,0.0,0.009255634620785713,0.04016728326678276,0.0,0.0,0.09034951031208038,0.027601270005106926,0.018197758123278618,0.01452165562659502,0.0,0.0,0.05416392162442207,0.0,0.04228900372982025,0.00022624731354881078,0.0,0.009650957770645618,0.03308335691690445,0.0899040699005127,0.0,0.02173331193625927,0.08435393124818802,0.042345594614744186,0.0,0.023428739979863167,0.5812915563583374,0.010182976722717285,0.2831941843032837,0.039710838347673416,0.18134859204292297,0.01908305287361145,0.3694190979003906,0.0,0.003860138589516282,0.0,0.025907577946782112,0.010436458513140678,0.012045767158269882,0.0,0.011493690311908722,0.0,0.039695415645837784,0.008013051003217697,0.06120903789997101,0.0,0.38554733991622925,0.031100761145353317,0.036143284291028976,0.001725066569633782,0.001099548302590847,0.058094777166843414,0.0041032349690794945,0.049122799187898636,0.019967541098594666,0.0,0.009200339205563068,0.01224360428750515,0.0,0.0033502911683171988,0.07221242040395737,0.0,0.008385378867387772,0.0012573361163958907,0.0137808658182621,0.021483052521944046,0.03784674033522606,0.0,0.012590336613357067,0.00023003578826319426,0.06316021829843521,0.078521229326725,0.8013109564781189,0.0,0.0,0.0,0.0,0.0,0.04408934712409973,0.0,0.0,0.0,0.0,0.0,0.0185154527425766,0.15353670716285706,0.0,0.0033388722222298384,0.11865241825580597,0.08382521569728851,0.1219680905342102,0.02502726949751377,0.07331684976816177,0.0,0.1758546680212021,0.0,0.0,0.025910068303346634,0.014757766388356686,0.01127908006310463,0.0,0.2751302123069763,0.0,0.0,0.08861354738473892,0.0,0.013393981382250786,0.0,0.0,0.0,0.0,0.015812156721949577,0.05184764042496681,0.029034169390797615,0.0,0.0,0.021528607234358788,0.001998879946768284,0.0,0.0,0.10688400268554688,0.023506835103034973,0.09904486685991287,0.09830024838447571,0.0,0.04776691272854805,0.0,0.0,0.0,0.12642817199230194,0.0,0.0,0.06887003779411316,0.010761857032775879,0.002774419728666544,0.0,0.0,0.06424770504236221,0.0,0.0,0.0,0.0,0.0,0.0,0.01549858134239912,0.006750202272087336,0.007487452123314142,0.6173701882362366,0.0,0.014897432178258896,0.001231818227097392,0.0,0.0,0.2008330523967743,0.0,0.11885472387075424,0.3608155846595764,0.0,0.0,0.033346522599458694,0.0,0.0,0.0,0.0,0.38910943269729614,0.0,0.0,0.0,0.0,0.0,0.46026280522346497,0.11531155556440353,0.017163606360554695,0.0,0.0035570787731558084,0.1212453842163086,0.30173489451408386,0.0,0.0,0.01047514658421278,0.0,0.0,0.0,0.0,0.0,0.008173431269824505,0.001914261607453227,0.0,0.0,0.0,0.2791208326816559,0.0,0.024691948667168617,0.019576065242290497,0.015653088688850403,0.0,0.38460224866867065,0.1961582601070404,0.0,0.19975519180297852,0.004580290522426367,0.0,0.0,0.007826989516615868,0.055113956332206726,0.0,0.0,0.03634404018521309,0.0,0.0168714951723814,0.019127095118165016,0.022430505603551865,0.0,0.0,0.0,0.1573290079832077,0.015536719933152199,0.017607200890779495,0.09464892745018005,0.0,0.13950292766094208,0.035575367510318756,0.08130128681659698,0.03359435871243477,0.0,0.0,0.01205552089959383,0.07221442461013794,0.0,0.0,0.03987034037709236,0.0,0.011483878828585148,0.0,0.0,0.0,0.0,0.007366983685642481,0.0032507730647921562,0.00447592930868268,0.0,0.0,0.10113201290369034,0.03716256469488144,0.07292284816503525,0.018395207822322845,0.010584310628473759,0.005892419721931219,0.0,0.0,0.2601075768470764,0.0,0.07384111732244492,0.06796129792928696,0.015488066710531712,0.0,0.4009799659252167,0.0,0.020810909569263458,0.0
0.0030518746934831142,0.01361698005348444,0.3872813880443573,0.0,0.0,0.0,0.0047270916402339935,0.015034489333629608,0.0,0.068219393491745,0.004875147249549627,0.06298413872718811,0.048015233129262924,0.24715976417064667,0.12451263517141342,0.19178982079029083,0.007146915420889854,0.013910825364291668,0.0,0.24121834337711334,0.021555056795477867,0.0,0.03269705921411514,0.2324545532464981,0.07228421419858932,0.1280967742204666,0.0,0.0022757411934435368,0.0,0.0013734721578657627,0.42893436551094055,0.08219155669212341,0.0,0.001919169444590807,0.22179128229618073,0.19414378702640533,0.0,0.03408248350024223,0.0,0.0947430357336998,0.30707797408103943,0.0,0.011479878798127174,0.14410845935344696,0.4671666622161865,0.003743506735190749,0.05579892173409462,0.0,0.23640665411949158,0.0,0.0,0.18096663057804108,0.01067100279033184,0.14844341576099396,0.04517931863665581,0.0,0.0,0.0,0.0705208107829094,0.004162714350968599,0.0008121835999190807,0.40994030237197876,0.08628173172473907,0.0,0.0008154380484484136,0.35175639390945435,0.10291273146867752,0.020071130245923996,0.0246396753937006,0.0,0.19023481011390686,0.018972167745232582,0.0041313027031719685,0.0719602108001709,0.008771972730755806,0.08229687809944153,0.39355728030204773,0.0038737196009606123,0.13398811221122742,0.4413856267929077,0.0,0.11160154640674591,0.0,0.09226550906896591,0.0,0.2976144254207611,0.025660190731287003,0.0,0.0,0.017414918169379234,0.015917504206299782,0.004628734663128853,0.2261548936367035,0.3883745074272156,0.00152417307253927,0.16034725308418274,0.032007526606321335,0.001225919695571065,0.001578064518980682,0.009343665093183517,0.005806169472634792,0.036081619560718536,0.12099999189376831,0.021378571167588234,0.0843673124909401,0.01317593827843666,0.020116357132792473,0.0,0.0,0.00777169456705451,0.018634267151355743,0.021502641960978508,0.0,0.17719286680221558,0.009246664121747017,0.4127236604690552,0.0,0.08586082607507706,0.0,0.12776349484920502,0.030166564509272575,0.008703305386006832,0.35434338450431824,0.04159203916788101,0.0007554924231953919,0.010375828482210636,0.23278024792671204,0.03499004617333412,0.15018035471439362,0.0017096352530643344,0.13210147619247437,0.004819703288376331,0.06001484766602516,0.018155589699745178,0.04090381786227226,0.08450651168823242,0.006501632742583752,0.0,0.0025061953347176313,0.0,0.10280851274728775,0.04384366422891617,0.0,0.02743462473154068,0.23956707119941711,0.0,0.02452193573117256,0.28103572130203247,0.0,0.0402553454041481,0.08446364104747772,0.0,0.04988200590014458,0.05054919421672821,0.0,0.07111033797264099,0.011401405557990074,0.05180957913398743,0.16241005063056946,0.09389301389455795,0.00605904683470726,0.0038157207891345024,0.035795778036117554,0.3810776472091675,0.09554547071456909,0.0,0.21174459159374237,0.006277179811149836,0.1500408798456192,0.3768051862716675,0.1250736564397812,0.05177986994385719,0.05803694203495979,0.2565549612045288,0.04550532251596451,0.05253317952156067,0.5818024277687073,0.0209499504417181,0.0,0.3299289345741272,0.0,0.01082643959671259,0.042905502021312714,0.02323526330292225,0.004712934605777264,0.2797904908657074,0.19048954546451569,0.059846822172403336,0.035937562584877014,0.34837231040000916,0.0638941079378128,0.05319583788514137,0.015898747369647026,0.008985362015664577,0.01680620387196541,0.022178087383508682,0.026414403691887856,0.011043067090213299,0.3004190921783447,0.0009013891103677452,0.13630065321922302,0.010150867514312267,0.0,0.136396586894989,0.0,0.03351544961333275,0.04296770691871643,0.01410047896206379,0.03991995006799698,0.09113630652427673,0.15696384012699127,0.0031116127502173185,0.2301163226366043,0.011104048229753971,0.01118968054652214,0.02647080458700657,0.06035366654396057,0.03989298641681671,0.0,0.021289682015776634,0.0568094477057457,0.004356137476861477,0.15568122267723083,0.1619516909122467,0.00035045266849920154,0.17736032605171204,0.007692265324294567,0.010435589589178562,0.08451339602470398,0.0983516052365303,0.1720268577337265,0.0,0.20907585322856903,0.05617530643939972,0.11662827432155609,0.3048657476902008,0.023089366033673286,0.0894690528512001,0.040558937937021255,0.0,0.0,0.0699646845459938,0.08061534911394119,0.0,0.05470072850584984,0.055594302713871,0.04191769286990166,0.044702399522066116,0.0,0.014904485084116459,0.004749862942844629,0.0,0.007408859673887491,0.01113460585474968,0.008858497254550457,0.09842335432767868,0.0,0.0904771238565445,0.06762437522411346,0.47253429889678955,0.0,0.00984859187155962,0.009681790135800838,0.014511900022625923,0.11830896139144897,0.01587684638798237,0.0856938585639,0.1441648304462433,0.0035365414805710316,0.042041607201099396,0.09407056868076324,0.005453469697386026,0.0,0.11619829386472702,0.0507819838821888,0.0,0.05103189870715141,0.015415558591485023,0.11772802472114563,0.19410185515880585,0.020131299272179604,0.0,0.014300491660833359,0.15171918272972107,0.0362410731613636,0.6562284231185913,0.0,0.0,0.19165194034576416,0.09304700791835785,0.1618950217962265,0.16057193279266357,0.04799368232488632,5.66947455808986e-05,0.06120552867650986,0.02091200090944767,0.1815500110387802,0.0,0.29542598128318787,0.0,0.030902745202183723,0.0355411022901535,0.1580594927072525,0.17233991622924805,0.14717693626880646,0.004243695642799139,0.032489482313394547,0.034468602389097214,0.0,0.0,0.0,0.14082062244415283,0.006540237460285425,0.17750759422779083,0.04615858569741249,0.28707602620124817,0.021177615970373154,0.00847361795604229,0.16645336151123047,0.03292427584528923,0.0,0.017820246517658234,0.0,0.0,0.7390559315681458,0.0,0.0,0.05204451456665993,0.0,0.0,0.0,0.04875682666897774,0.0,0.0,0.037513211369514465,0.0,0.0,0.0,0.010928851552307606,0.04558167979121208,0.08490027487277985,0.0015985369682312012,0.0,0.0,0.0,0.0,0.0,0.0023896240163594484,0.0,0.0,0.1826370656490326,0.0,0.11337555944919586,0.0644029900431633,0.339142769575119,0.0,0.0,0.0,0.049060650169849396,0.00540098687633872,0.0007406085496768355,0.0,0.0,0.0,0.0,0.012117383070290089,0.07727213203907013,0.03524644672870636,0.0,0.0,0.5372903943061829,0.0,0.0,0.07455470412969589,0.0269921962171793,0.0,0.011947428807616234,0.0,0.016813714057207108,0.17605331540107727,0.04209127277135849,0.0,0.0,0.0,0.017140306532382965,0.0,0.0,0.04912938177585602,0.0,0.0,0.29455244541168213,0.0,0.0,0.0,0.0,0.0,0.18988454341888428,0.0,0.09867040812969208,0.008526626974344254,0.0,0.03999732434749603,0.0,0.004362726584076881,0.0,0.0,0.03861450403928757,0.0,0.0,0.05719303712248802,0.0,0.0,0.0,0.0,0.028475472703576088,0.0,0.0,0.0,0.0,0.0,0.02305670827627182,0.0,0.04674708470702171,0.0,0.0,0.1258889138698578,0.035506363958120346,0.01325739175081253,0.0,0.12854322791099548,0.0,0.0,0.0,0.1428380161523819,0.0,0.0,0.0,0.013137963600456715,0.001883273129351437,0.0,0.0,0.0,0.016017066314816475,0.01135197188705206,0.0,0.0,0.13857245445251465,0.0,0.03730281814932823,0.032395459711551666,0.01710653305053711,0.0,0.0,0.029593264684081078,0.0,0.0,0.0,0.0,0.019848575815558434,0.006480356678366661,0.0,0.21288099884986877,0.0,0.0,0.054225992411375046,0.2619284987449646,0.08489654213190079,0.0,0.0034048291854560375,0.00719673465937376,0.0,0.0,0.012819834053516388,0.0,0.017542270943522453,0.0,0.0,0.032013677060604095,0.07681004703044891,0.0,0.0,0.0,0.1239713653922081,0.0006130438996478915,0.032464589923620224,0.20663893222808838,0.006284376606345177,0.0,0.0,0.0,0.029306726530194283,0.0,0.0,0.0,0.0,0.0,0.0,0.008237707428634167,0.016092099249362946,0.0,0.0,0.0,0.007254068274050951,0.015966715291142464,0.02240864560008049,0.0,0.0,0.00567302480340004,0.13700975477695465,0.0336792916059494,0.033148590475320816,0.016802385449409485,0.0,0.007273081690073013,0.0,0.0,0.20859989523887634,0.03176600858569145,0.0,0.01677287369966507,0.0,0.0,0.4359554052352905,0.0,0.00772490818053484,0.0,0.0,0.0,0.0,0.02345142513513565,0.01655682548880577,0.0,0.0007653415086679161,0.0014166453620418906,0.0,0.11426020413637161,0.0,0.0,0.0,0.0077173179015517235,0.00653672032058239,0.03985749930143356,0.0,0.08375139534473419,0.0,0.0,0.034507740288972855,0.0,0.0,0.0,0.0,0.022988557815551758,0.0046971263363957405,0.28952446579933167,0.00985015369951725,0.006801505107432604,0.0,0.0,0.04150889068841934,0.0,0.019322996959090233,0.05194897949695587,0.07520396262407303,0.0,0.21056319773197174,0.0496099516749382,0.0012267923448234797,0.0,0.04909280687570572,0.2781098484992981,0.0,0.022991204634308815,0.04962377995252609,0.0,0.015801044180989265,0.024354062974452972,0.007663013879209757,0.0,0.0,0.004113254602998495,0.06023792177438736,0.0,0.0704648569226265,0.0,0.14152143895626068,0.028684750199317932,0.1275801807641983,0.025035740807652473,0.0,0.0,0.0,0.005142786540091038,0.00492985500022769,0.0,0.0,0.19717173278331757,0.003057831432670355,0.06252270936965942,0.0,0.0,0.0,0.0,0.0,0.025372419506311417,0.010451417416334152,0.0,0.0,0.4536910951137543,0.011572047136723995,0.03201572597026825,0.0,0.04963120073080063,0.0,0.0,0.02526981197297573,0.08022589981555939,0.003841671859845519,0.028859196230769157,0.0,0.0,0.0,0.0,0.0,0.001066755037754774,0.0016108250711113214,0.009273159317672253,0.0,0.0024156251456588507,0.0,0.061542410403490067,0.03274689242243767,0.022023044526576996,0.0,0.0,0.0,0.0,0.0,0.005122821312397718,0.0,0.0,0.0,0.0,0.14407961070537567,0.024746665731072426,0.0,0.0,0.0,0.0,0.019026830792427063,0.0,0.0,0.01157384179532528,0.0,0.0,0.030317852273583412,0.0,0.0,0.08955635875463486,0.0025839919690042734,0.13549363613128662,0.019239164888858795,0.0,0.2290894091129303,0.0019508623518049717,0.1517162173986435,0.003493274562060833,0.010570376180112362,0.14607571065425873,0.0,0.019562114030122757,0.07285423576831818,0.0,0.03266387805342674,0.006311542354524136,0.0,0.0,0.0,0.0,0.0,0.011083216406404972,0.0,0.047853413969278336,0.0,0.0,0.0,0.11944297701120377,0.006500266958028078,0.0,0.0,0.0,0.04284859821200371,0.08677759766578674,0.026497788727283478,0.007159058935940266,0.06165440380573273,0.031243935227394104,0.0,0.0,0.008224700577557087,0.03438076376914978,0.0,0.0,0.39030513167381287,0.11972116678953171,0.029582826420664787,0.0,0.0250902958214283,0.0,0.1364479959011078,0.0028636478818953037,0.0,0.0005151771474629641,0.0,0.012608540244400501,0.1735670268535614,0.1582554280757904,0.031158747151494026,0.0,0.02808564156293869,0.09930681437253952,0.0,0.0,0.0,0.02957061305642128,0.0,0.018811164423823357,0.0,0.10725317895412445,0.0,0.24389027059078217,0.0,0.0,0.0,0.3227424621582031,0.054557524621486664,0.0,0.05429243668913841,0.5565517544746399,0.0,0.01663164421916008,0.0,0.015233505517244339,0.0,0.0,0.0,0.016136860474944115,0.2676309645175934,0.0,0.12923823297023773,0.0,0.0,0.0024200123734772205,0.003276403062045574,0.0,0.01082609687000513,0.002162184100598097,0.0,0.2913339138031006,0.08536992967128754,0.0,0.0,0.0,0.08003576099872589,0.0,0.37414848804473877,0.0,0.0,0.001703212270513177,0.06995145976543427,0.0,0.09498632699251175,0.11317674815654755,0.08619508147239685,0.15509603917598724,0.022393854334950447,0.0067703984677791595,0.0069648693315684795,0.017882997170090675,0.03274811804294586,0.008401738479733467,0.0,0.0,0.19860167801380157,0.020377948880195618,0.039790257811546326,0.0,0.015431983396410942,0.061299532651901245,0.24088913202285767,0.0035846794489771128,0.03398912772536278,0.009828307665884495,0.02811286225914955,0.0,0.0,0.0,0.08619574457406998,0.0,0.0,0.14276330173015594,0.02481471374630928,0.02066231332719326,0.0,0.020942792296409607,0.0,0.0,0.04571826010942459,0.06748533993959427,0.08274729549884796,0.0,0.20590296387672424,0.0,0.0,0.0,0.0,0.08659559488296509,0.2416858673095703,0.03498772159218788,0.10567901283502579,0.05988754332065582,0.0,0.0,0.0,0.0,0.0,0.010242248885333538,0.010742967948317528,0.0,0.0,0.06532755494117737,0.16548794507980347,0.0,0.0,0.018971970304846764,0.01326299924403429,0.0,0.1800246685743332,0.0,0.0,0.034357886761426926,0.036328427493572235,0.0,0.03411202132701874,0.0010633671190589666,0.2583277225494385,0.0,0.00027045965543948114,0.5454838275909424,0.0,0.028356576338410378,0.0,0.0,0.0,0.0,0.049350887537002563,0.015476792119443417,0.0,0.1757756769657135,0.0,0.0,0.0,0.0,0.0,0.015487337484955788,0.0,0.04427627474069595,0.0032018686179071665,0.001797471079044044,0.0017493485938757658,0.0,0.3883657455444336,0.0,0.0,0.0,0.0,0.0,0.007533906493335962,0.6830435991287231,0.06074818596243858,0.0,0.011072658002376556,0.0771535187959671,0.014200467616319656,0.008879750967025757,0.0,0.20588144659996033,0.01074191089719534,0.07500259578227997,0.01631316728889942,0.01695207878947258,0.015873374417424202,0.013901691883802414,0.1747380495071411,0.0,0.0,0.0,0.11872018873691559,0.03818637132644653,0.11134879291057587,0.018573913723230362,0.09197375178337097,0.045163512229919434,0.0,0.4087689220905304,0.0,0.0,0.05967942625284195,0.0025100402999669313,0.11834002286195755,0.0,0.0028530610725283623,0.0,0.09942440688610077,0.1721629649400711,0.000874089018907398,0.110793836414814,0.021317381411790848,0.08529931306838989,0.0,0.014336595311760902,0.3863324820995331,0.0,0.12709496915340424,0.10602457076311111,0.19240917265415192,0.07653085887432098,0.028000671416521072,0.100242480635643,0.14690470695495605,0.024020500481128693,0.20396669209003448,0.0,0.0,0.32501912117004395,0.0008714675786904991,0.0,0.022143924608826637,0.0,0.0,0.11198053508996964,0.0,0.005713403224945068,0.003008973551914096,0.0,0.0,0.0,0.25496453046798706,0.07384919375181198,0.0,0.0,0.01618187502026558,0.0,0.00432874821126461,0.0897517204284668,0.0,0.08174286037683487,0.0,0.17745374143123627,0.0,0.01345637533813715,0.05755488574504852,0.0,0.026612157002091408,0.0,0.05020543932914734,0.15411671996116638,0.0006174328736960888,0.09896640479564667,0.021924609318375587,0.11115762591362,0.0,0.09748083353042603,0.046902965754270554,0.0026011220179498196,0.0,0.2282305359840393,0.0,0.0,0.0063874926418066025,0.5568110942840576,0.14356409013271332,0.0030361139215528965,0.002805587137117982,0.42199257016181946,0.0023736655712127686,0.008387369103729725,0.0,0.2348143458366394,0.0,0.03552229329943657,0.0,0.0,0.0,0.0,0.08158273994922638,0.0,0.0,0.14352089166641235,0.04573294520378113,0.0,0.0038841760251671076,0.2596952021121979,0.0,0.012973841279745102,0.002703022910282016,0.024347946047782898,0.03468595817685127,0.0383923277258873,0.020298529416322708,0.06748883426189423,0.0,0.010560662485659122,0.25773510336875916,0.0,0.0,0.0,0.0891474187374115,0.07860343903303146,0.0,0.09187532216310501,0.0,0.0,0.3398767411708832,0.0,0.0,0.015334703028202057,0.0,0.0,0.03017139993607998,0.40306055545806885,0.003341506700962782,0.0,0.20497912168502808,0.06524109095335007,0.007645928766578436,0.07820644229650497,0.002171897329390049,0.07690267264842987,0.005930490326136351,0.0,0.0,0.005663539748638868,0.07349463552236557,0.0,0.0,0.0,0.09404845535755157,0.10066171735525131,0.024190278723835945,0.2013983577489853,0.0,0.02768486551940441,0.008931205607950687,0.0,0.19442512094974518,0.0,0.002174345776438713,0.08996357023715973,0.0004582238325383514,0.0,0.1203775405883789,0.02839750237762928,0.000746921868994832,0.030108435079455376,0.5071830749511719,0.057697512209415436,0.056198205798864365,0.0,0.0616801455616951,0.1754578799009323,0.03204776719212532,0.08366785198450089,0.0,0.07974252849817276,0.00768693583086133,0.046247825026512146,0.02683008275926113,0.08118563890457153,0.31970053911209106,0.0011986660538241267,0.43328097462654114,0.0,0.007470524404197931,0.016981301829218864,0.3535654842853546,0.14175839722156525,0.13964758813381195,0.12818561494350433,0.0,0.013104014098644257,0.01888040453195572,0.008065099827945232,0.0,0.024048512801527977,0.021300245076417923,0.0,0.0,0.007571560796350241,0.0,0.17517930269241333,0.0,0.0,0.09541752189397812,0.025062434375286102,0.2775968015193939,0.0,0.0,0.004790022503584623,0.0,0.0,0.0,0.45655015110969543,0.0,0.0,0.0,0.0,0.23775434494018555,0.0,0.0,0.0,0.06715462356805801,0.0031153846066445112,0.017466284334659576,0.3581724464893341,0.3093668818473816,0.0,0.009991203434765339,0.0,0.02889847196638584,0.0,0.0,0.0,0.0,0.0751362293958664,0.006330418400466442,0.0,0.000448682316346094,0.006250633392482996,0.0076008751057088375,0.07459235191345215,0.1326768845319748,0.0,0.000508437748067081,0.0,0.010422131977975368,0.0,0.3306083679199219,0.021907910704612732,0.28378498554229736,0.0,0.056969135999679565,0.0032028346322476864,0.009081902913749218,0.0015846628230065107,0.03726921230554581,0.0,0.062389735132455826,0.03587784245610237,0.014241860248148441,0.04662381485104561,0.0,0.002972428686916828,0.0,0.09742040932178497,0.0,0.06583187729120255,0.03692050650715828,0.0,0.0,0.0,0.0,0.0,0.8711450099945068,0.1934061199426651,0.0,0.0,0.012656087055802345,0.0,0.008728420361876488,0.05616724118590355,0.10011573880910873,0.0,0.0,0.5838270783424377,0.0,0.0,0.0,0.0002529227640479803,0.0,0.0,0.0,0.0,0.0,0.0,0.0,0.46219131350517273,0.017974941059947014,0.0,0.07110507041215897,0.0,0.019232382997870445,0.0,0.0,0.0,0.0,0.0,0.4536373019218445,0.014814335852861404,1.0920641422271729,0.0,0.005766760092228651,0.006789082195609808,0.0,0.0,0.03416476398706436,2.3094403743743896,0.014018218964338303,0.0,0.0017534899525344372,0.043066564947366714,0.027511462569236755,0.0,0.0,0.0184746365994215,0.0,0.0,0.6453094482421875,0.0,0.0012740737292915583,0.028162561357021332,0.0,0.0,0.0,0.08903255313634872,0.17612184584140778,0.02827398106455803,0.0,0.17179037630558014,0.0,0.0,0.0,0.0,0.0,0.11080659925937653,0.0053926315158605576,0.008653624914586544,0.0,0.0,0.1971806287765503,0.01837364211678505,0.01451418548822403,0.05973144620656967,0.5882493853569031,0.0,0.051806993782520294,0.14600972831249237,0.0,0.0019871057011187077,0.0,0.0,0.0,0.03522607684135437,0.0,0.0,0.0,0.0,0.0,0.007991384714841843,0.0,0.09162276238203049,0.019547583535313606,1.131261944770813,0.0,0.02304174192249775,0.0,0.05102882906794548,0.03970368206501007,0.0,0.04138149693608284,0.0,0.0,0.5199411511421204,0.0,0.027055954560637474,0.0,0.0,0.0,0.0,0.05274195969104767,0.0032736517023295164,0.0,0.005714190658181906,0.0,0.0,0.0,0.0,0.0,0.0,0.0,0.007161931600421667,0.0,0.007212362252175808,0.23776882886886597,0.0,0.07270258665084839,0.0,0.003990647848695517,0.0,0.0028269148897379637,0.0,0.07017272710800171,0.0,0.008920229971408844,0.022083276882767677,0.012164412997663021,0.0,0.0,0.03919749706983566,0.06651691347360611,0.0,0.07578733563423157,0.01642053760588169,0.0,0.023853857070207596,0.0,0.009926801547408104,0.0,0.019955148920416832,0.0,0.0,0.0,0.025102367624640465,0.0,0.0,0.0,0.05495049059391022,0.00035827577812597156,0.0003371644124854356,0.2479388266801834,0.08638207614421844,0.0,0.0,0.0,0.0030796059872955084,0.06800507754087448,0.0,0.016285981982946396,0.12810415029525757,0.02050606906414032,0.0,0.021281925961375237,0.0,0.017981860786676407,0.0,0.0,0.0,0.01634499430656433,0.221464142203331,0.03344796970486641,0.0,0.0,0.3245183229446411,0.002240207279101014,0.0055413139052689075,0.0,0.25974807143211365,0.11157672852277756,0.03600288927555084,0.011135504581034184,0.0,0.0,1.0948467254638672,0.37679523229599,0.10218105465173721,0.0,0.0,0.0003266334533691406,0.0,0.0,0.030239762738347054,0.001933633117005229,0.6429281830787659,0.0,0.11551772803068161,0.0,0.0,0.0,0.004638328682631254,0.06065456569194794,0.0,0.0,0.03321165591478348,0.12911121547222137,0.0,0.031014805659651756,0.41186633706092834,0.012333238497376442,0.5598741769790649,0.05067520588636398,0.010879937559366226,0.3244677484035492,0.050266895443201065,0.05093233659863472,0.0,0.3570859134197235,0.021470384672284126,0.0,0.004044769797474146,0.0007734865066595376,0.0,0.0,0.11847348511219025,0.0,0.0018316019559279084,0.3372742831707001,0.01639140583574772,0.0,0.0,0.13826416432857513,0.017384804785251617,0.0,0.0,0.0,0.0,0.10673680901527405,0.028356345370411873,0.0,0.0,0.0871749296784401,0.0,0.0,0.005954356398433447,0.0,0.0,0.0,0.001842205529101193,0.0007319974829442799,0.25608140230178833,0.001719691208563745,0.0,0.01154374610632658,0.0,0.14491912722587585,0.0,0.0,0.0,0.0,0.08982782065868378,0.0006153026479296386,0.0,0.0030717395711690187,0.0,0.0,0.0,0.0,0.0,0.0022166683338582516,0.0,0.0,0.0,0.014546248130500317,0.0,0.00755023118108511,0.0,0.06281167268753052,0.0056256745010614395,0.024299606680870056,0.0053421976044774055,0.05401836335659027,0.0,0.04296991974115372,0.0,0.1339924931526184,0.0050016059540212154,0.032004669308662415,0.07516466826200485,0.11607544124126434,0.0013836645521223545,0.0035940981470048428,0.0,0.005102689377963543,0.0034773778170347214,0.2217065989971161,0.03430221229791641,0.022066840901970863,0.0,0.02114410139620304,0.03574647381901741,0.03885071724653244,0.0,0.02268042042851448,0.0,0.0,0.07976573705673218,0.09925094246864319,0.0,0.014394865371286869,0.0,0.017807839438319206,0.008136694319546223,0.06389696896076202,0.024400172755122185,0.0,0.004126520361751318,0.15567483007907867,0.09557165205478668,0.012643719092011452,0.0,0.0,0.007811827585101128,0.0,0.5702667236328125,0.017625566571950912,0.015024662017822266,0.0,0.12194637209177017,0.07572490721940994,0.12540733814239502,0.004705460742115974,0.07977714389562607,0.0,0.0,0.2650304138660431,0.2796593904495239,0.0,0.09242814779281616,0.0047773574478924274,0.731507420539856,0.0,0.019151026383042336,0.0,0.004753966350108385,0.006783998105674982,0.0,0.0,0.0,0.13306789100170135,0.0018358880188316107,0.24626675248146057,0.0,0.06864950060844421,0.0,0.002847459400072694,0.01177514810115099,0.08535164594650269,0.24092189967632294,0.0,0.03403459116816521,0.1834190934896469,0.0,0.06614959985017776,0.0005622219759970903,0.0,0.0,0.08684249967336655,0.002592905191704631,0.0,0.0,0.023524504154920578,0.18929897248744965,0.014619899913668633,0.0,0.0075644515454769135,0.04610986262559891,0.13857053220272064,0.005377566907554865,0.0,0.0,0.02148582972586155,0.0,0.009876412339508533,0.026071272790431976,0.11663257330656052,0.0,0.08479562401771545,0.009398994036018848,0.07929906249046326,0.6345143914222717,0.051934849470853806,0.06763278692960739,0.016910584643483162,0.051405638456344604,0.020336942747235298,0.0,0.0,0.0,0.06320559978485107,0.03434641286730766,0.04965807870030403,0.004560306202620268,0.03616904094815254,0.003078607376664877,0.41213276982307434,0.1219445988535881,0.0,0.03406410291790962,0.007659756578505039,0.19062218070030212,0.32951289415359497,0.047855786979198456,0.048319168388843536,0.6618553400039673,0.00951019860804081,0.7536717057228088,0.06612405180931091,0.0,0.0,0.0,0.08928516507148743,0.0,0.07310810685157776,0.0,0.0,0.017226843163371086,0.0,0.02772286906838417,1.14035165309906,0.1331573724746704,0.018349481746554375,0.0,0.056130558252334595,0.0,0.0586102120578289,0.011656994931399822,0.0032354474533349276,0.0,0.43892180919647217,0.028571495786309242,0.024717075750231743,0.019272826611995697,0.0,0.0,0.04501652345061302,0.002156759612262249,0.09728475660085678,0.08451055735349655,0.0,0.22180065512657166,0.0,0.05348611995577812,0.0,0.0001371145190205425,0.002216529566794634,0.0,0.715057373046875,0.4320161044597626,4.633664957509609e-06,0.07630216330289841,0.19294330477714539,0.0416901558637619,0.12190257757902145,0.005769062787294388,0.01776246726512909,0.002575523220002651,0.0,0.0,0.0,0.012217121198773384,0.0,0.029986977577209473,0.0037456441204994917,0.05862851068377495,0.09232470393180847,0.014742854982614517,0.0,0.0601811558008194,0.02247309684753418,0.025269770994782448,0.148136168718338,0.011171672493219376,3.72409813280683e-05,0.13843125104904175,0.0,0.01787889003753662,0.09624142944812775,0.0,0.035720549523830414,0.0,0.0,0.011025446467101574,0.44542789459228516,0.0,0.09069028496742249,0.00683829840272665,0.0,0.0,0.0,0.006232151761651039,0.0,0.0,0.02802816592156887,0.016575796529650688,0.0333707220852375,0.006238157860934734,0.016456935554742813,0.0,0.6822904348373413,0.10180187970399857,0.005563652608543634,0.1782425045967102,0.06431756168603897,0.002350637223571539,0.008181316778063774,0.0,0.018866604194045067,0.0,0.006995431147515774,0.041865043342113495,0.0,0.004427878651767969,0.0,0.0,0.0,0.004777661524713039,0.0,0.10196035355329514,0.03135436400771141,0.02364816889166832,0.033154554665088654,0.15353940427303314,0.07103846222162247,0.030815424397587776,0.13170258700847626,0.04445157200098038,0.0005773913580924273,0.10208798199892044,0.0,0.0,0.0,0.03077135980129242,0.018083220347762108,0.0,0.061822615563869476,0.2720715403556824,0.0,0.0,0.0,0.054704807698726654,0.0,0.0,0.046123113483190536,0.006399992853403091,0.007747361436486244,0.045442018657922745,0.018516380339860916,0.011169190518558025,0.008391733281314373,0.0,0.0,0.005728826392441988,0.0,0.03293497487902641,0.24871301651000977,0.02023986540734768,0.47733983397483826,0.02365291677415371,0.033617109060287476,0.27279233932495117,0.0,0.016666404902935028,0.0,0.0,0.0,0.0,0.07643485069274902,0.38357529044151306,0.0062790364027023315,0.00881244894117117,0.0,0.0043720100075006485,0.015981920063495636,0.0,0.0022697211243212223,0.0,0.0,0.44685131311416626,0.0,0.016513381153345108,0.0,0.0,0.23260116577148438,0.017278112471103668,0.0,0.0,0.0,0.17174775898456573,0.010377118363976479,0.051729410886764526,0.0,0.0,0.009007377550005913,0.02063010446727276,0.0,0.0,0.08010101318359375,0.0174380112439394,0.021446824073791504,0.004614525940269232,0.0,0.0,0.05859095975756645,0.0,0.02751675434410572,0.0,0.0,0.005866718478500843,0.04092781990766525,0.10126058757305145,0.0,0.02576279640197754,0.09282872825860977,0.05863627418875694,0.0,0.04983297735452652,0.5940201878547668,0.01380906905978918,0.2670915126800537,0.032753631472587585,0.16366107761859894,0.02922535501420498,0.37028372287750244,0.0,0.0,0.0,0.04246307536959648,0.003774466458708048,0.022729607298970222,0.0,0.016216978430747986,0.0,0.04782547801733017,0.006478440947830677,0.054692916572093964,0.009942683391273022,0.5376425981521606,0.027400439605116844,0.0570916049182415,0.0,0.0008297729655168951,0.06842514872550964,0.0,0.05669290944933891,0.012991934083402157,0.0,0.004492496140301228,0.031128864735364914,0.0,0.0,0.058147281408309937,0.007926092483103275,0.009003846906125546,0.006518940906971693,0.014947018586099148,0.015767470002174377,0.03363318368792534,0.0,0.0,0.0,0.06162206828594208,0.09098584949970245,0.717674970626831,0.0,0.0,0.0033119693398475647,0.0,0.0,0.08685426414012909,0.0,0.0,0.0,0.0,0.0,0.013444512151181698,0.10751785337924957,0.0,0.008407145738601685,0.17897188663482666,0.04443681612610817,0.23913198709487915,0.06615028530359268,0.10293436050415039,0.0,0.18075773119926453,0.0,0.0,0.013632952235639095,0.02656623348593712,0.00912264734506607,0.0,0.3329775631427765,0.0,0.0,0.10888209193944931,0.0,0.0031381272710859776,0.0,0.0,0.0022767854388803244,0.0,0.024176543578505516,0.07202481478452682,0.015123444609344006,0.0,0.0,0.01643061451613903,0.011120136827230453,0.0,0.0,0.08716076612472534,0.01708154007792473,0.08272426575422287,0.08052188903093338,0.0,0.03072226792573929,0.0,0.0,0.0,0.08000539988279343,0.0,0.0,0.03593321889638901,0.007987703196704388,0.009742834605276585,0.0,0.0,0.04990555718541145,0.0,0.0,0.0,0.0,0.0,0.0,0.0230877622961998,0.008542994037270546,0.0226808600127697,0.6020772457122803,0.0,0.015756167471408844,0.0009464597678743303,0.0,0.003802123013883829,0.20794400572776794,0.0,0.06739268451929092,0.387222558259964,0.0,0.0,0.020947275683283806,0.0,0.001139082945883274,0.0,0.0,0.35839545726776123,0.0,0.0,0.0,0.0,0.0,0.5256410837173462,0.14878059923648834,0.008877674117684364,0.0,0.003915972542017698,0.06935639679431915,0.3305765390396118,0.0,0.0,0.008684863336384296,0.0,0.0,0.0007158296066336334,0.0,0.0,0.008556818589568138,0.0,0.0,0.0,0.0,0.2853313684463501,0.0,0.05466051027178764,0.024262510240077972,0.028235165402293205,0.0,0.365327924489975,0.17346960306167603,0.007205678150057793,0.15345807373523712,0.0,0.0002576720726210624,0.0,0.005268098320811987,0.05200813338160515,0.0,0.0,0.05054159089922905,0.0,0.04562556743621826,0.026063885539770126,0.02430286444723606,0.0,0.0034207224380224943,0.00868065282702446,0.15737071633338928,0.019965268671512604,0.0066867852583527565,0.047603607177734375,0.0,0.12946559488773346,0.03840950131416321,0.07943283766508102,0.07772713154554367,0.0,0.0,0.010021304711699486,0.06972512602806091,0.0,0.0,0.03785152733325958,0.0,0.031437188386917114,0.0,0.0,0.0,0.0,0.004601783584803343,0.034230414777994156,0.0,0.0,0.0,0.09896336495876312,0.052226871252059937,0.07604372501373291,0.011681212112307549,0.015661820769309998,0.006947160232812166,0.0,0.0004784327757079154,0.27860379219055176,0.0,0.07432367652654648,0.08945263177156448,0.020814089104533195,0.0,0.49706149101257324,0.0,0.034733567386865616,0.0
0.0,0.015504035167396069,0.3308826684951782,0.0,0.0,0.0,0.022200079634785652,0.01217708084732294,0.008421034552156925,0.10433027893304825,0.0,0.05566538870334625,0.019785882905125618,0.3010930120944977,0.10105529427528381,0.14722107350826263,0.006851000711321831,0.009457452222704887,0.0,0.25486868619918823,0.048251815140247345,0.0,0.05920376256108284,0.1548425406217575,0.04992896690964699,0.09342510253190994,0.0,0.0,0.0,0.0,0.4692501127719879,0.12612710893154144,0.0049034846015274525,0.004192485939711332,0.23342208564281464,0.17347511649131775,0.00290866126306355,0.039003752171993256,0.0,0.09623751044273376,0.3649149239063263,0.0,0.009698019362986088,0.14023692905902863,0.4857838451862335,0.007734525017440319,0.04992940276861191,0.0,0.2987787127494812,0.0,0.0,0.17355434596538544,0.013910913839936256,0.1486411988735199,0.04319898784160614,0.0,0.0,0.0,0.07033278793096542,0.01940085180103779,0.0,0.4811501204967499,0.07906899601221085,0.0,0.003032173030078411,0.36121031641960144,0.13533668220043182,0.013912093825638294,0.014198383316397667,0.0,0.18155650794506073,0.020689845085144043,0.0051102591678500175,0.13445237278938293,0.0,0.07572731375694275,0.431571364402771,0.0078805573284626,0.16063442826271057,0.4343944787979126,0.0,0.0938432589173317,0.0,0.05411650612950325,0.02576422691345215,0.21966776251792908,0.04164142534136772,0.0,0.0,0.022651484236121178,0.014774191193282604,0.024963926523923874,0.16269786655902863,0.45716819167137146,0.008765491656959057,0.1765337437391281,0.05959911271929741,0.0,0.00044655741658061743,0.0,0.01764916628599167,0.041178617626428604,0.11991353332996368,0.010475421324372292,0.06681439280509949,0.0,0.016540402546525,0.0,0.0,0.01321382261812687,0.03832455351948738,0.011473449878394604,0.0,0.17618010938167572,0.003191671334207058,0.3492540419101715,0.003982576075941324,0.07626274228096008,0.0,0.16037271916866302,0.02292589657008648,0.0003888416395056993,0.2779605984687805,0.047631312161684036,0.0008326518582180142,0.002712140092626214,0.31968897581100464,0.012287726625800133,0.10933899134397507,0.004389977548271418,0.11402364820241928,0.01192570012062788,0.05503176525235176,0.04093720763921738,0.04887343570590019,0.07194864004850388,0.005037758499383926,0.0,0.011673587374389172,0.0,0.07899968326091766,0.026642391458153725,0.0,0.02296331338584423,0.2134731262922287,0.0,0.04788618162274361,0.2964726984500885,0.016942989081144333,0.06079878658056259,0.07398660480976105,0.0,0.020079417154192924,0.0725586861371994,0.0,0.04495115578174591,0.0022048496175557375,0.05242808163166046,0.09929422289133072,0.08103901147842407,0.004546314012259245,0.0,0.011920652352273464,0.43959981203079224,0.06732725352048874,0.0,0.3002907633781433,0.0009411597275175154,0.11575061827898026,0.3598499596118927,0.1118869036436081,0.03280424699187279,0.054694175720214844,0.23383091390132904,0.050611015409231186,0.038478318601846695,0.5791916847229004,0.018865110352635384,0.0,0.2975029945373535,0.0,0.0020073484629392624,0.02972359023988247,0.008686874993145466,0.01324114203453064,0.29202696681022644,0.17623399198055267,0.062262002378702164,0.058374520391225815,0.3247779607772827,0.033794570714235306,0.03587791323661804,0.0073406933806836605,0.01400557067245245,0.017783215269446373,0.019012050703167915,0.02689647115767002,0.005087218247354031,0.24803048372268677,0.0,0.15893885493278503,0.015515604056417942,0.0,0.14011459052562714,0.0,0.02694026008248329,0.025203561410307884,0.024527138099074364,0.048879895359277725,0.09145314246416092,0.10767684131860733,0.0,0.22912807762622833,0.0,0.02015577256679535,0.024490464478731155,0.04220042750239372,0.02783774770796299,0.0,0.008394851349294186,0.04331541061401367,0.021538667380809784,0.17371457815170288,0.12163671851158142,0.0,0.1704925298690796,0.010115247219800949,0.022514348849654198,0.05028105154633522,0.10480570793151855,0.18166407942771912,0.0,0.1882285326719284,0.07347184419631958,0.13081634044647217,0.2586461305618286,0.01357643585652113,0.0838802307844162,0.02035454288125038,0.0,0.0,0.06917110085487366,0.06872344762086868,0.0,0.06405891478061676,0.0406528040766716,0.035323310643434525,0.043214306235313416,0.0,0.019142553210258484,0.00128267053514719,0.0,0.0,0.008115210570394993,0.0013762569287791848,0.08716540038585663,0.0,0.08308877795934677,0.06468194723129272,0.5234756469726562,0.0,0.015240063890814781,0.02546926587820053,0.0,0.11616353690624237,0.029328789561986923,0.09963497519493103,0.061852265149354935,0.003899076022207737,0.021434416994452477,0.06846620887517929,0.0015504478942602873,0.0,0.09629460424184799,0.04050818458199501,0.0,0.040253933519124985,0.01607612892985344,0.14191947877407074,0.15386095643043518,0.0,0.0,0.004060015548020601,0.15700304508209229,0.042205262929201126,0.6862157583236694,0.0,0.0,0.16373322904109955,0.03358045965433121,0.14751684665679932,0.21217133104801178,0.046844225376844406,0.0,0.03563039377331734,0.01212217565625906,0.23910051584243774,0.0,0.2906591296195984,0.014261117205023766,0.024502446874976158,0.03119581751525402,0.1780882328748703,0.12829698622226715,0.14948400855064392,0.0,0.016174323856830597,0.015346245840191841,0.0,0.0,0.0012127029476687312,0.09840256720781326,0.006142060738056898,0.19547176361083984,0.053614236414432526,0.3126125633716583,0.02965482324361801,0.0053970362059772015,0.18149548768997192,0.024939212948083878,0.004386103246361017,0.011474101804196835,0.0,0.0,0.7419038414955139,0.0,0.0,0.003542649792507291,0.0,0.0,0.0,0.07483332604169846,0.0,0.0,0.03342161700129509,0.0,0.0,0.0,0.0131045151501894,0.07105322182178497,0.07336514443159103,0.0018698584754019976,0.0,0.0,0.0,0.0,0.0,0.006948332767933607,0.0014465999556705356,0.0,0.1510234773159027,0.0,0.11501431465148926,0.014958973042666912,0.25266578793525696,0.0,0.0,0.0,0.04539110139012337,0.009147712960839272,0.007242677267640829,0.0023897921200841665,0.0,0.0,0.0,0.005992379039525986,0.07022516429424286,0.05104633420705795,0.0,0.0,0.43195682764053345,0.0,0.0,0.0810665413737297,0.011089533567428589,0.0,0.012022733688354492,0.0,0.003918361384421587,0.2151460200548172,0.05660061910748482,0.0,0.0,0.0,0.014076433144509792,0.0,0.0,0.06050180271267891,0.0,0.0,0.280665785074234,0.0,0.0,0.0,0.0,0.0,0.16329063475131989,0.0,0.0969732254743576,0.014661228284239769,0.0040734875947237015,0.008027482777833939,0.0,0.0,0.0,0.0,0.002340968931093812,0.0,0.0,0.035700611770153046,0.0,0.0,0.0,0.0,0.0058967350050807,0.0,0.0,0.0,0.0,0.0,0.06405078619718552,0.0,0.031052365899086,0.0,0.017026910558342934,0.060353364795446396,0.02090565115213394,0.0023994881194084883,0.015243690460920334,0.15692442655563354,0.0,0.0059455507434904575,0.0,0.07408193498849869,0.0,0.0,0.0,0.00047711789375171065,0.011809966526925564,0.007433976512402296,0.0,0.0,0.00700855627655983,0.003418068867176771,0.0,0.0,0.1301698535680771,0.0,0.04268001392483711,0.048533324152231216,0.048026952892541885,0.0,0.0,0.036150313913822174,0.0,0.004645626060664654,0.0,0.0,0.026395263150334358,0.0,0.00013137310452293605,0.18278898298740387,0.0,0.0,0.05794669687747955,0.21518994867801666,0.028749143704771996,0.0,0.0,0.00716891884803772,0.0,0.0,0.04014294967055321,0.0,0.018967656418681145,0.0,0.0,0.06051762029528618,0.02310539036989212,0.0,0.0,0.0,0.1183042973279953,0.0,0.05364029482007027,0.3306831419467926,0.011291592381894588,0.0,0.0,0.0,0.0413878932595253,0.0,0.0,0.0,0.0,0.0,0.0,0.024483008310198784,0.05174616351723671,0.0,0.0,0.0,0.01270090788602829,0.02487056329846382,0.015459136106073856,0.0,0.0,0.0,0.08293219655752182,0.026310276240110397,0.057581499218940735,0.02834414876997471,0.0,0.0,0.0,0.0,0.15399791300296783,0.0548495277762413,0.0,0.013708245940506458,0.0,0.0,0.38998931646347046,0.0,0.007700534071773291,0.0,0.0,0.0,0.0,0.02873285859823227,0.014103979803621769,0.0,0.0,0.0026490255258977413,0.0,0.15875087678432465,0.0,0.0,0.0,0.024536771699786186,0.011059336364269257,0.012510172091424465,0.0,0.05991443619132042,0.0,0.0,0.0047879088670015335,0.0,0.0,0.0,9.46462168940343e-05,0.016360662877559662,0.02065231278538704,0.13586099445819855,0.001211546710692346,0.034917257726192474,0.0,0.0,0.06379859894514084,0.0,0.03215666115283966,0.0702311247587204,0.033378634601831436,0.0,0.2111949920654297,0.03242463618516922,0.010931931436061859,0.0,0.05346522480249405,0.18655987083911896,0.0,0.02747311443090439,0.06886644661426544,0.0,0.0,0.0,0.014040670357644558,0.0,0.0,0.018761850893497467,0.12341596931219101,0.0,0.060282133519649506,0.0,0.12953150272369385,0.07074253261089325,0.12090618163347244,0.03635931760072708,0.0,0.0,0.0,0.0032785821240395308,0.012677362188696861,0.0,0.0013615632196888328,0.17443351447582245,0.002504404168576002,0.032450489699840546,0.0,0.0,0.0,0.0,0.0,0.0,0.0,0.0,0.0,0.3774617314338684,0.005690993741154671,0.028891775757074356,0.0,0.19812379777431488,0.0,0.0,0.01627681404352188,0.02383257821202278,0.015828272327780724,0.019015859812498093,0.0,0.0,0.0,0.0,0.0,0.0,0.017838412895798683,0.009699875488877296,0.0,0.00788888894021511,0.0,0.07771409302949905,0.013442464172840118,0.007382079493254423,0.0,0.0,0.0,0.0,0.0,0.0005081629496999085,0.0,0.0,0.0,0.0,0.13839511573314667,0.008189894258975983,0.0035550384782254696,0.0,0.0,0.0,0.04477124288678169,0.0,0.0,0.006953200325369835,0.0,0.0,0.021247487515211105,0.0,0.0,0.07738345861434937,0.013363964855670929,0.12606067955493927,0.022715933620929718,0.0,0.23572085797786713,0.0027247751131653786,0.10685130953788757,0.004372866358608007,0.0,0.0773664116859436,0.003348161466419697,0.05288786068558693,0.08877195417881012,0.0,0.019323892891407013,0.00037211179733276367,0.0,0.0,0.0,0.0,0.0,0.03014855831861496,0.0,0.052340067923069,0.0,0.0,0.0,0.15066078305244446,0.0024078371934592724,0.0,0.0,0.0,0.03494376689195633,0.12271887063980103,0.010404651053249836,0.0,0.05233481526374817,0.031157715246081352,0.0,0.0,0.002153141889721155,0.038717228919267654,0.000457748188637197,0.0,0.39417317509651184,0.062471937388181686,0.014516799710690975,0.0,0.03438142314553261,0.0,0.1066264882683754,0.0,0.0,0.0,0.0,0.013644890859723091,0.24557501077651978,0.12021125108003616,0.039955057203769684,0.0,0.017670001834630966,0.06254062801599503,0.0,0.0,0.0,0.040013112127780914,0.0,0.02755596674978733,0.0027744777034968138,0.04994015768170357,0.00042281628702767193,0.17348860204219818,0.0,0.0,0.0,0.2513757050037384,0.04524378851056099,0.0,0.0009167718817479908,0.4962644875049591,0.0,0.00336807151325047,0.0,0.012067168019711971,0.0,0.0,0.0,0.006785531062632799,0.2512259781360626,0.0,0.09690029174089432,0.0,0.0,0.00023709148808848113,0.005517811980098486,0.0,0.012187237851321697,0.0005122488946653903,0.0,0.2945880889892578,0.0845591127872467,0.0,0.0,0.005266258493065834,0.09291660040616989,0.007606449071317911,0.34200435876846313,0.0,0.0,0.00867251493036747,0.047492485493421555,0.0,0.11256429553031921,0.13039767742156982,0.10127535462379456,0.18773174285888672,0.021220294758677483,0.0,0.00867641344666481,0.026347989216446877,0.02704492025077343,0.014780418947339058,0.0,0.0,0.18073463439941406,0.01436291728168726,0.04171013459563255,0.0024699342902749777,0.03268330544233322,0.0862407237291336,0.2939756214618683,0.006517240311950445,0.055082179605960846,0.05387837812304497,0.045881133526563644,0.0002838289656210691,0.0,0.0,0.029805097728967667,0.0,0.001935872482135892,0.1672724336385727,0.025725746527314186,0.03385945037007332,0.0,0.04098891839385033,0.0,0.0,0.031780753284692764,0.11454769223928452,0.042236220091581345,0.002579563297331333,0.1569584459066391,0.0,0.0,0.0,0.016666354611516,0.0711665228009224,0.16743619740009308,0.01328231580555439,0.13401204347610474,0.045073799788951874,0.0,0.0,1.382946993544465e-05,0.0,0.0,0.0,0.009636754170060158,0.0,0.0,0.12092199176549911,0.19829274713993073,0.0,0.008409136906266212,0.02403116412460804,0.01715383678674698,0.0,0.22526922821998596,0.0,0.0,0.03695650398731232,0.02849019318819046,0.0,0.047388602048158646,0.012216441333293915,0.30007320642471313,0.0,0.010243210941553116,0.567335307598114,0.0,0.020283987745642662,0.00014959932013880461,0.0,0.0,0.0,0.05087272822856903,0.027214135974645615,0.0,0.1447436809539795,0.0,0.0,0.0038821471389383078,0.0,0.0,0.005753135774284601,0.0,0.018486633896827698,0.0,0.004507492762058973,0.0,0.0,0.3732836842536926,0.0,0.0,0.0,0.0,0.0,0.0,0.7263602614402771,0.05688900873064995,0.0002817690256051719,0.0195031575858593,0.08109340816736221,0.0,0.010765925981104374,0.0,0.2070319950580597,0.01904183439910412,0.0447884276509285,0.01789073459804058,0.012171976268291473,0.017283184453845024,0.012323110364377499,0.14788731932640076,0.0,0.024983175098896027,0.0,0.1077972948551178,0.040719904005527496,0.11148681491613388,0.0035844522062689066,0.08866202086210251,0.04157756641507149,0.0,0.413840115070343,0.0,0.0,0.02493077702820301,0.013406794518232346,0.0791531652212143,0.0,0.013935882598161697,0.0,0.07944566011428833,0.15306393802165985,0.0,0.159891739487648,0.019623205065727234,0.06621170789003372,0.0,0.034905724227428436,0.3868411183357239,0.028963055461645126,0.2022174596786499,0.05762026831507683,0.18422938883304596,0.06196434050798416,0.040378786623477936,0.11769577115774155,0.11934415996074677,0.014074468985199928,0.1683032214641571,0.0,0.0,0.3706076145172119,0.019284991547465324,0.0,0.02089191973209381,0.0,0.0,0.09005400538444519,0.0,0.0006412243819795549,0.0,0.0,0.0,0.0,0.2312813550233841,0.07048729062080383,0.0,0.0,0.01911512389779091,0.0,0.0011667454382404685,0.06986495107412338,0.001952607650309801,0.14929337799549103,0.0,0.1419006884098053,0.0,0.03481051325798035,0.06154106184840202,0.0,0.03552380949258804,0.0006718799704685807,0.031510673463344574,0.1893226057291031,0.0,0.07163923978805542,0.02853221818804741,0.06103501468896866,0.0,0.1312912404537201,0.038226768374443054,0.010994162410497665,0.0,0.24934057891368866,0.0,0.0,0.00333501398563385,0.629384458065033,0.15299607813358307,0.0,0.03277508541941643,0.3845261037349701,0.0,0.004046755377203226,0.0002975011011585593,0.2681140601634979,0.0,0.03275788947939873,0.0,0.0007929163984954357,0.0,0.0,0.07002024352550507,0.0,0.0,0.0940510481595993,0.030779913067817688,0.0,0.0014964175643399358,0.27600565552711487,0.010049726814031601,0.004116710275411606,0.0022671285551041365,0.03169439360499382,0.04308371618390083,0.0029331911355257034,0.011387522332370281,0.10226569324731827,0.0,0.007735159248113632,0.33032292127609253,0.0,0.0,0.007164742797613144,0.08222248405218124,0.06409594416618347,0.0,0.14322377741336823,0.0,0.0,0.3626156151294708,0.0004938947968184948,0.0,0.016280299052596092,0.0,0.0,0.0061032152734696865,0.4619458317756653,0.00015786364383529872,0.0,0.24340194463729858,0.07998351752758026,0.004535905551165342,0.07045622169971466,0.0,0.05629861727356911,0.03639877960085869,0.0,0.0,0.0,0.036606885492801666,0.009053951129317284,0.0,0.0,0.10082310438156128,0.11251070350408554,0.0006536102155223489,0.196538046002388,0.0,0.046921417117118835,0.014181391336023808,0.0,0.24244900047779083,0.004849076736718416,0.0025298274122178555,0.11785343289375305,0.0,0.0,0.13573944568634033,0.0358700193464756,0.006353179924190044,0.020696893334388733,0.3928375244140625,0.04755758121609688,0.05903519690036774,0.0,0.045893702656030655,0.1800069808959961,0.044373199343681335,0.092994324862957,0.0,0.04900602996349335,0.013074951246380806,0.06970329582691193,0.05269293859601021,0.0783778503537178,0.38403716683387756,0.0,0.35265496373176575,0.0,0.027748389169573784,0.03361796215176582,0.2797810733318329,0.11139137297868729,0.1974361091852188,0.11284676194190979,0.0,0.002573623089119792,0.013629942201077938,0.004857683088630438,0.0,0.036518536508083344,0.02906317263841629,0.0,0.0,0.005452543031424284,0.0,0.16200251877307892,0.0,0.0,0.10118269175291061,0.035933978855609894,0.3343253433704376,0.0,0.0,0.01217319630086422,0.0,0.0,0.0008569860365241766,0.4385702908039093,0.0,0.0,0.0,0.0,0.22994175553321838,0.0,0.0,0.0,0.05337966978549957,0.0066925217397511005,0.01893976517021656,0.32079508900642395,0.3303680419921875,0.0,0.009581247344613075,0.0,0.04337551072239876,0.0,0.0,0.0,0.0,0.059233151376247406,0.0,0.0,0.0029517554212361574,0.024785716086626053,0.013101504184305668,0.11486615240573883,0.10640484094619751,0.0,0.0,0.0,0.0,0.0,0.3513651192188263,0.032567813992500305,0.3005531430244446,0.0,0.07317031174898148,0.006564293056726456,0.004857282619923353,0.006217187736183405,0.04299567639827728,0.0,0.05521198734641075,0.01504741795361042,0.009331836365163326,0.025550324469804764,0.0,0.011052084155380726,0.0,0.0421728789806366,0.0,0.05629469081759453,0.03683800250291824,0.0,0.0,0.0,0.0,0.0,0.919535756111145,0.19526687264442444,0.0,0.0,0.027312912046909332,0.0,0.011091206222772598,0.030380362644791603,0.10143373161554337,0.0,0.0,0.5397371053695679,0.0,0.0,0.0,0.009550034999847412,0.0,0.0,0.0,0.0,0.0,0.0,0.0,0.5373241305351257,0.04004869982600212,0.0,0.06394458562135696,0.0,0.021503422409296036,0.0007029202533885837,0.0,0.0021679792553186417,0.0,0.002991998568177223,0.35324156284332275,0.028574617579579353,1.1785460710525513,0.0,0.0,0.006542729213833809,0.0,0.0,0.02189546823501587,2.306562900543213,0.018063116818666458,0.0,0.0,0.03645448014140129,0.0,0.0,0.0,0.07425657659769058,0.0,0.0,0.4887622594833374,0.0,0.0008778899791650474,0.05282117798924446,0.0,0.0,0.0,0.06879343837499619,0.23849254846572876,0.01968093402683735,0.0,0.14892537891864777,0.0,0.0,0.0,0.0,0.0,0.08377198874950409,0.012807529419660568,0.028010105714201927,0.005423611495643854,0.0,0.1921757310628891,0.02369791269302368,0.017186200246214867,0.05893353372812271,0.5223894715309143,0.0,0.026922687888145447,0.19764530658721924,0.004476217087358236,0.006639156490564346,0.0,0.0,0.0,0.02170540764927864,0.0,0.0,0.0,0.0,0.0,0.009516673162579536,0.0,0.08367758989334106,0.04404357820749283,1.049343466758728,0.0,0.03199610114097595,0.0,0.04691684618592262,0.06337090581655502,0.0,0.04522247239947319,0.0,0.0,0.5310453176498413,0.0,0.02683451399207115,0.0,0.0,0.0,0.0,0.025937197729945183,0.002727792365476489,0.0,0.0042563797906041145,0.0,0.0,0.0,0.0040318313986063,0.0,0.0,0.0,0.0,0.0019419873133301735,0.0002650856913533062,0.23315486311912537,0.0,0.05856575071811676,0.0,0.0,0.0,0.0,0.0,0.04000939056277275,0.0,0.004498033318668604,0.035079699009656906,0.0002561664441600442,4.760921001434326e-05,0.0,0.038518358021974564,0.005294042639434338,0.0,0.12066646665334702,0.009869316592812538,0.0,0.02617444284260273,0.0,0.02483723685145378,0.0,0.034511614590883255,0.0,0.0,0.0,0.042159728705883026,0.0,0.0,0.001066205557435751,0.028516678139567375,0.0,0.004225987009704113,0.28873685002326965,0.09877027571201324,0.0,0.0,0.0,0.0,0.0625772625207901,0.0,0.004760396666824818,0.1502072960138321,0.01999426819384098,0.0,0.02453070878982544,0.0,0.02345983497798443,0.0,0.0,0.0,0.016225310042500496,0.19633987545967102,0.04305742308497429,0.0,0.007129678037017584,0.2918277680873871,0.0027588128577917814,0.02476087026298046,0.0,0.24921484291553497,0.09156432747840881,0.03177619352936745,0.043939948081970215,0.0,0.0,1.004317283630371,0.38164570927619934,0.10972222685813904,0.0,0.0,0.0002616381680127233,0.0,0.0020184956956654787,0.01966562122106552,0.006474481895565987,0.6927073001861572,0.014193663373589516,0.12377620488405228,0.0,0.0,0.0,0.012612474150955677,0.04457547143101692,0.0,0.0014925908762961626,0.06543830037117004,0.1276589334011078,0.0,0.013195493258535862,0.36845332384109497,0.012119496241211891,0.45540115237236023,0.06233333423733711,0.001838992233388126,0.3585476279258728,0.055413298308849335,0.06685659289360046,0.0,0.3567669987678528,0.023317653685808182,0.0,0.0001920723880175501,0.0,0.0,0.0,0.11522239446640015,0.0,0.0,0.2513221502304077,0.000500636117067188,0.0,0.0,0.08810611814260483,0.021580273285508156,0.0,0.0,0.0,0.0,0.05848880857229233,0.04516805708408356,0.0,0.0,0.09159710258245468,0.006306717172265053,0.0,0.005934715270996094,0.0,0.0,0.0,0.0,0.0,0.3019399642944336,0.0007950484869070351,0.0,0.02321755886077881,0.0,0.13447460532188416,0.0,0.0,0.0053063128143548965,0.0,0.05068865418434143,0.00451692147180438,0.0,0.0,0.0,0.0,0.0,0.0,0.0,0.0,0.0,0.0,0.0,0.020043587312102318,0.0,0.0,0.0,0.03836837410926819,0.016750391572713852,0.04443551227450371,0.008723347447812557,0.038279131054878235,0.0,0.0445508249104023,0.0,0.14507679641246796,0.009821658954024315,0.04413037747144699,0.07868068665266037,0.08934003859758377,0.0,0.0,0.0,0.006777980364859104,0.0008502865093760192,0.3086835443973541,0.01922455243766308,0.014854545705020428,0.0,0.030554233118891716,0.03453219681978226,0.022892894223332405,0.0,0.0,0.0,0.0,0.08151096105575562,0.12004682421684265,0.015417142771184444,0.0003130555269308388,0.0,0.056347910314798355,0.03519951552152634,0.07985076308250427,0.037427183240652084,0.0,0.003297618590295315,0.14998045563697815,0.09524162113666534,0.025379158556461334,0.0,0.0,0.008200416341423988,0.0,0.6297363042831421,0.025305666029453278,0.027580713853240013,0.0,0.15774089097976685,0.09408252686262131,0.05498730018734932,0.001998170046135783,0.09643487632274628,0.0,0.0,0.2001493275165558,0.2633250951766968,0.0022036386653780937,0.0930185317993164,0.005258298013359308,0.7079571485519409,0.0,0.003069150261580944,0.002266800496727228,0.012249770574271679,0.006093280855566263,0.0,0.0,0.0,0.0752532035112381,0.0035123848356306553,0.2174551784992218,0.0,0.10593393445014954,0.0,0.0,0.00030968128703534603,0.08600809425115585,0.3221968412399292,0.0,0.0681176409125328,0.1342620998620987,0.001930639729835093,0.03421562537550926,0.015448980033397675,0.0,0.0,0.1013450175523758,0.04622798040509224,0.007692305836826563,0.0,0.027754539623856544,0.1778096705675125,0.02566610835492611,0.0,0.0,0.06957150250673294,0.10143265873193741,0.0,0.0,0.0,0.027554672211408615,0.0,0.009772753342986107,0.018907899037003517,0.12135288119316101,0.009125961922109127,0.07759939879179001,0.002598788822069764,0.0887516587972641,0.6710333824157715,0.043979939073324203,0.0641879141330719,0.0071623180992901325,0.05787982791662216,0.012652919627726078,0.0,0.0,0.0,0.03537239134311676,0.022575421258807182,0.04294459521770477,0.010589487850666046,0.03778894990682602,0.0008232444524765015,0.5165096521377563,0.15425758063793182,0.0,0.06475190073251724,0.011931893415749073,0.2097587138414383,0.3600062429904938,0.03897981345653534,0.029033254832029343,0.6104053258895874,0.010790560394525528,0.828062117099762,0.07152871787548065,0.0012642026413232088,0.0,0.0,0.08012405037879944,0.0,0.050435543060302734,0.0,0.0,0.013790812343358994,0.0,0.03756324201822281,1.266068696975708,0.18090051412582397,0.03694712743163109,0.0,0.06803859025239944,0.0,0.04730632156133652,0.03181853145360947,1.5282630556612276e-06,0.0,0.38051700592041016,0.037080079317092896,0.028095176443457603,0.015351878479123116,0.0,0.0,0.06440375000238419,0.0,0.1220368966460228,0.08551416546106339,0.0,0.2066384106874466,0.0,0.06711950898170471,0.0,0.0007146453717723489,0.0,0.0,0.5445736050605774,0.41076767444610596,0.0,0.0682339072227478,0.19591377675533295,0.03128400817513466,0.18510764837265015,0.004811625927686691,0.013331289403140545,0.0201724823564291,0.012620167806744576,0.009922935627400875,0.0,0.02612805925309658,0.0029491663444787264,0.04866575077176094,0.001380402478389442,0.050438590347766876,0.13761161267757416,0.014701182954013348,0.0,0.08482315391302109,0.04706614464521408,0.0310885738581419,0.2232779562473297,0.013910571113228798,0.0047745490446686745,0.12730512022972107,0.0,0.023951297625899315,0.11027123779058456,0.0,0.04661732167005539,0.014244461432099342,0.0,0.0,0.40106338262557983,0.0,0.08213776350021362,0.018874987959861755,0.0,0.0,0.0,0.016937242820858955,0.0,0.0,0.029908103868365288,0.009289429523050785,0.05335928872227669,0.0,0.021800881251692772,0.0,0.7481770515441895,0.11686956137418747,0.0062002562917768955,0.1624424308538437,0.05902788043022156,0.0,0.0013061905046924949,0.0,0.04190821945667267,0.0,0.007853162474930286,0.04396067187190056,0.026392823085188866,0.004916665609925985,0.0,0.0,0.0,0.003515832358971238,0.0,0.10472935438156128,0.05343719571828842,0.03317731246352196,0.024467743933200836,0.11324828118085861,0.0885455533862114,0.045946814119815826,0.13486824929714203,0.046281445771455765,0.0,0.07808312773704529,0.0,0.005580953322350979,0.00040796399116516113,0.013772479258477688,0.00239283568225801,0.0,0.06597036123275757,0.23440894484519958,0.0,0.0,0.0,0.048339687287807465,0.0,0.0008361393120139837,0.036430276930332184,0.005364894866943359,0.0006670737056992948,0.06077687442302704,0.012218390591442585,0.002596646547317505,0.029954979196190834,0.0,0.0,0.003881740616634488,0.008025920018553734,0.011625826358795166,0.2569788098335266,0.018455196171998978,0.3873218595981598,0.025417692959308624,0.02215196192264557,0.27943429350852966,0.0,0.0062624551355838776,0.0,0.0,0.0028417599387466908,0.0,0.09641286730766296,0.46733880043029785,0.0,0.002916347933933139,0.0,0.0014616119442507625,0.012005995959043503,0.0,0.008209756575524807,0.009525823406875134,0.0,0.4479678273200989,0.0,0.0,0.0,0.0,0.17355623841285706,0.020722050219774246,0.0,0.0,0.0,0.18781189620494843,0.02100672759115696,0.034779831767082214,0.005777435377240181,0.0,0.008590600453317165,0.05264866352081299,0.0005271911504678428,0.0,0.06885021179914474,0.015432169660925865,0.021778957918286324,0.015390433371067047,0.0,0.002105147810652852,0.062357351183891296,0.0,0.032227497547864914,0.0,0.0,0.006409089546650648,0.0473208986222744,0.0790882483124733,0.0,0.009750221855938435,0.10299897193908691,0.04406319558620453,0.0,0.04427848011255264,0.6128312945365906,0.013062452897429466,0.27286309003829956,0.06425842642784119,0.19538846611976624,0.01942947693169117,0.38754600286483765,0.0,0.01410064846277237,0.0,0.043165430426597595,0.017932340502738953,0.006114048883318901,0.0,0.02598700113594532,0.0,0.034384313970804214,0.018850717693567276,0.1151876151561737,0.005280658602714539,0.46775010228157043,0.020990056917071342,0.0532025471329689,0.0,0.008012048900127411,0.06582901626825333,0.007259347476065159,0.028128132224082947,0.024401580914855003,0.0,0.011877183802425861,0.016005730256438255,0.0,0.013842807151377201,0.06263260543346405,0.0,0.011110041290521622,0.01031404733657837,0.04189249128103256,0.02036566473543644,0.029782187193632126,0.0,0.005491130985319614,0.0038066443521529436,0.05667204037308693,0.09156861156225204,0.7863052487373352,0.0,0.0,0.0,0.0,0.0,0.05989932641386986,0.0,0.0,0.0,0.0,0.0,0.010790704749524593,0.1824367493391037,0.0,0.0011678802547976375,0.11248262226581573,0.02908838540315628,0.18854664266109467,0.08399218320846558,0.11321347206830978,0.0,0.16313663125038147,0.0,0.0,0.014865188859403133,0.02213663049042225,0.007715289480984211,0.0,0.2837165594100952,0.0,0.0,0.0786375030875206,0.0,0.005194727331399918,0.0,0.0,0.005646071396768093,0.0,0.014313111081719398,0.06228023022413254,0.03051198646426201,0.0,0.0,0.024744536727666855,0.004965348169207573,0.0,0.0,0.09779379516839981,0.016179481521248817,0.1211676374077797,0.09685547649860382,0.0004354858538135886,0.03090376779437065,0.0,0.0,0.0,0.16996410489082336,0.0,0.0,0.07340756058692932,0.0,0.0,0.0,0.0,0.07079571485519409,0.0,0.0,0.0,0.0,0.0,0.0,0.014705763198435307,0.002691596746444702,0.02523878589272499,0.560918927192688,0.0,0.012406482361257076,0.005594146437942982,0.0,0.0,0.17732395231723785,0.0,0.11569461226463318,0.4154512286186218,0.0,0.0017626786138862371,0.01809791661798954,0.0,0.0,0.0,0.0,0.44978976249694824,0.0,0.0,0.0009000969002954662,0.0,0.0,0.368900328874588,0.07664458453655243,0.010745524428784847,0.0,0.003034357912838459,0.11061906069517136,0.35175764560699463,0.0,0.0,0.011837716214358807,0.0,0.0,0.0,0.0,0.0,0.01876807026565075,0.0,0.0,0.0,0.0,0.3036106824874878,0.0,0.02885974943637848,0.04056571051478386,0.00613903533667326,0.0,0.32147300243377686,0.15626421570777893,0.0,0.19631806015968323,0.00021655201271642,0.0,0.0,0.0054257153533399105,0.04800861328840256,0.0,0.0,0.03291669487953186,0.0,0.05018420144915581,0.021091049537062645,0.007036833558231592,0.0,0.004964087158441544,0.009719917550683022,0.13572271168231964,0.037234243005514145,0.03475126624107361,0.05705758184194565,0.0,0.07781798392534256,0.043905362486839294,0.10674775391817093,0.06606898456811905,0.0,0.0,0.006267416290938854,0.05095946416258812,0.003416414838284254,0.0,0.02978416532278061,0.0,0.008855929598212242,0.0,0.0,0.0,0.0,0.003904704935848713,0.011373618617653847,0.013257553800940514,0.0,0.0,0.09243648499250412,0.07561801373958588,0.07114703953266144,0.026333624497056007,0.014230294153094292,0.0,0.0,0.0,0.2674771249294281,0.0,0.06865879148244858,0.04535101726651192,0.011665713973343372,0.0,0.38691020011901855,0.0,0.025935087352991104,0.0
0.0,0.004919158294796944,0.3695901930332184,0.001149202580563724,0.0,0.0,0.018819348886609077,0.013469734229147434,0.0,0.09289827197790146,0.0,0.0858178362250328,0.05095105618238449,0.24837222695350647,0.0911329835653305,0.1635257601737976,0.005249352660030127,0.019185805693268776,0.0,0.2991771996021271,0.03246835619211197,0.0,0.03849314898252487,0.1421976536512375,0.05668555572628975,0.08743936568498611,0.0,0.0,0.0,0.0,0.41820159554481506,0.0838976502418518,0.0011156678665429354,0.0,0.29958149790763855,0.18791191279888153,0.006764268968254328,0.04323196038603783,0.0,0.1071912944316864,0.3712001144886017,0.0,0.01321704126894474,0.12800465524196625,0.4900696277618408,0.0174805149435997,0.0393076166510582,0.0,0.24528352916240692,0.0,0.0,0.15897640585899353,0.0,0.15895231068134308,0.05181916058063507,0.0,0.0,0.0,0.06140607222914696,0.007412395440042019,0.0,0.4655746519565582,0.11583917587995529,0.0,0.0,0.3152269423007965,0.1173839196562767,0.019934652373194695,0.03552884981036186,0.004763567354530096,0.19442428648471832,0.01737099699676037,0.0063704014755785465,0.0832965075969696,0.016589852049946785,0.08986341208219528,0.36828672885894775,0.01036687009036541,0.12359552085399628,0.38979411125183105,0.0,0.11396320164203644,0.0,0.10952245444059372,0.0,0.2731676399707794,0.023177331313490868,0.0,0.0,0.01751459389925003,0.016280878335237503,0.010080256499350071,0.2307673692703247,0.3983522355556488,0.006786458659917116,0.20547528564929962,0.045820046216249466,0.00031036377185955644,0.0,0.0,0.02135339006781578,0.03925420716404915,0.10588609427213669,0.011977539397776127,0.0762057900428772,0.0,0.026052135974168777,0.0,0.0,0.013840019702911377,0.030799569562077522,0.003324526594951749,0.0,0.13844245672225952,0.004010453354567289,0.4846424162387848,0.0,0.09960399568080902,0.0,0.15450407564640045,0.009354722686111927,0.007128317374736071,0.31958866119384766,0.03265663981437683,0.005037934985011816,0.0,0.1930408626794815,0.02865128591656685,0.1500176340341568,0.006950859911739826,0.11918780952692032,0.0036829495802521706,0.031088056042790413,0.00464986078441143,0.05186993628740311,0.07953081279993057,0.004235648084431887,0.0,0.017791543155908585,0.0,0.0713205635547638,0.037515006959438324,0.0,0.02902396209537983,0.2198200225830078,0.0,0.012341124936938286,0.3204233944416046,0.0,0.03857392445206642,0.0520162470638752,0.0,0.08432821184396744,0.05863131955265999,0.0,0.05040867626667023,0.007054655347019434,0.022443966940045357,0.12067388743162155,0.07140184193849564,0.0018836611416190863,0.0023404741659760475,0.019829951226711273,0.40911903977394104,0.08222547173500061,0.0,0.2019936591386795,0.0019301963038742542,0.13818536698818207,0.31982487440109253,0.13604769110679626,0.03290989249944687,0.05936315655708313,0.22732532024383545,0.06871035695075989,0.049847058951854706,0.51495361328125,0.013613340444862843,0.0,0.3300410509109497,0.0,0.0,0.04181251674890518,0.007848720997571945,0.01042230799794197,0.2433020919561386,0.20397943258285522,0.054854124784469604,0.05025975778698921,0.3371398150920868,0.025905007496476173,0.04746433347463608,0.0,0.0023080110549926758,0.021362287923693657,0.018923591822385788,0.02125050127506256,0.036022793501615524,0.30189090967178345,0.007864532060921192,0.15097181499004364,0.016273168846964836,0.0,0.13790889084339142,0.0,0.015907324850559235,0.034215133637189865,0.009365453384816647,0.06526806950569153,0.11142223328351974,0.12897738814353943,0.0,0.2035624384880066,0.0,0.018829427659511566,0.022824520245194435,0.04757199436426163,0.016897037625312805,0.0,0.008365154266357422,0.045533645898103714,0.006748387590050697,0.1776401698589325,0.1775689274072647,0.003227227833122015,0.20558351278305054,0.011627602390944958,0.01421651616692543,0.10617538541555405,0.13864749670028687,0.16490286588668823,0.0,0.19495441019535065,0.05552234500646591,0.14830009639263153,0.2793945372104645,0.0024196242447942495,0.0957852303981781,0.04622551053762436,0.000412895082263276,0.0,0.07749461382627487,0.10525086522102356,0.0,0.060939446091651917,0.032691627740859985,0.021452683955430984,0.049873236566782,0.0,0.008946545422077179,0.017914054915308952,0.0,0.008152663707733154,0.013631770387291908,0.01271634828299284,0.08583610504865646,0.0,0.06655069440603256,0.05491025745868683,0.4635133445262909,0.0,0.0041691018268466,0.01640823297202587,0.00045902730198577046,0.1495399922132492,0.032830171287059784,0.09657848626375198,0.08635026961565018,0.007953798398375511,0.05571820214390755,0.080020472407341,0.005760321393609047,0.0,0.11225858330726624,0.01972593367099762,0.0,0.04904995858669281,0.012181148864328861,0.12372782081365585,0.1424674540758133,0.0,0.0,0.0054116202518343925,0.12153610587120056,0.02204085886478424,0.6041595339775085,0.0,0.006813423708081245,0.20911917090415955,0.07414544373750687,0.15744920074939728,0.19388273358345032,0.05832098796963692,0.0,0.04395248740911484,0.00949760153889656,0.22098056972026825,0.0,0.2925194501876831,0.0,0.025341155007481575,0.037594858556985855,0.17615149915218353,0.1270930916070938,0.15220187604427338,0.0,0.006422956008464098,0.030925296247005463,0.0,0.0,0.0,0.14442697167396545,0.013402695767581463,0.18202413618564606,0.033964041620492935,0.3124582767486572,0.03450736030936241,0.003733844729140401,0.21079330146312714,0.04079233109951019,0.0,0.02589956484735012,0.0,0.0,0.6962346434593201,0.0,0.0,0.026259059086441994,0.0,0.0,0.0,0.03145032003521919,0.0,0.0,0.06826392561197281,0.0,0.0,0.0,0.010891402140259743,0.06022709980607033,0.09180682897567749,0.0,0.0,0.0,0.0,0.0,0.0,0.0,0.0,0.0,0.17635898292064667,0.0,0.1207447350025177,0.026247425004839897,0.30009594559669495,0.0,0.0,0.0,0.05659814924001694,0.004407880362123251,0.005265377927571535,0.0,0.0,0.0,0.0,0.0,0.07397624850273132,0.06648800522089005,0.0,0.0,0.5055928230285645,0.0,0.0,0.0322529599070549,0.009480249136686325,0.0,0.0,0.0,0.0015175486914813519,0.18132461607456207,0.05861064791679382,0.0,0.0,0.005622432101517916,0.012274312786757946,0.0,0.0,0.07236406952142715,0.0,0.0,0.32963261008262634,0.0,0.0,0.0,0.0,0.0,0.15909071266651154,0.0,0.09869302064180374,0.0072389030829072,0.010880496352910995,0.008071294054389,0.0,0.005755795631557703,0.011393220163881779,0.0,0.029116125777363777,0.0,0.0,0.058740779757499695,0.0,0.0,0.0,0.0,0.013499762862920761,0.0,0.0,0.0,0.0,0.0,0.02739359624683857,0.0,0.06121693551540375,0.0,0.014455893076956272,0.1940116137266159,0.018895091488957405,0.00620221858844161,0.002775566652417183,0.13574987649917603,0.0,0.0,0.0,0.08108744770288467,0.0,0.0,0.0,0.0,0.0,0.0005081142298877239,0.0,0.0,0.012021093629300594,0.02125772461295128,0.0,0.0,0.11672548204660416,0.0,0.021236170083284378,0.0693596825003624,0.007979788817465305,0.0,0.0,0.02111976407468319,0.0,0.005769133102148771,0.0,0.0,0.03272102773189545,0.0,0.0029735213611274958,0.20816978812217712,0.0,0.0,0.0405326783657074,0.2962823510169983,0.08041145652532578,0.0,0.0,0.005371604114770889,0.0,0.0,0.006652208510786295,0.0,0.023022862151265144,0.0,0.0,0.028042443096637726,0.06486909836530685,0.0,0.0,0.0,0.16485731303691864,0.0013790762750431895,0.04584389552474022,0.22581742703914642,0.016636498272418976,0.0,0.0,0.0,0.02803093008697033,0.0,0.0,0.0,0.0,0.0,0.0,0.01042352244257927,0.02251311019062996,0.0,0.0,0.0,0.009716164320707321,0.012076380662620068,0.005432622041553259,0.0,0.0,0.0022629150189459324,0.15025989711284637,0.009342658333480358,0.0022376638371497393,0.017580823972821236,0.0,0.0007628130842931569,0.0,0.0,0.1533798724412918,0.03209700435400009,0.0,0.016438955441117287,0.0,0.0,0.4539773166179657,0.0,0.0006342860870063305,0.0,0.0,0.0,0.0,0.02197355590760708,0.05540437623858452,0.0,0.001920237555168569,0.0,0.0,0.12819984555244446,0.0,0.0,0.0,0.010748820379376411,0.010295317508280277,0.0048563433811068535,0.0,0.08512019366025925,0.0,0.0,0.020872091874480247,0.0,0.008401947095990181,0.0,0.0,0.015102450735867023,0.017289189621806145,0.1994643658399582,0.0,0.019449613988399506,0.0,0.0,0.025346916168928146,0.0,0.0,0.07594498991966248,0.043462496250867844,0.0,0.1825486123561859,0.04625839367508888,0.0,0.0,0.03799626603722572,0.26481950283050537,0.0,0.02439555898308754,0.07323489338159561,0.0,0.012060836888849735,0.028774399310350418,0.0,0.0,0.0,0.0,0.07917474955320358,0.0,0.07605753093957901,0.0,0.12212581932544708,0.03505060821771622,0.10061424970626831,0.0222504623234272,0.006410254165530205,0.0,0.0,0.0051244888454675674,0.003939321264624596,0.0,0.0,0.17071102559566498,0.009080559946596622,0.03552872687578201,0.0,0.0,0.0,0.0,0.0,0.00045976281398907304,0.0,0.0,0.0,0.41012534499168396,0.010912626050412655,0.027565965428948402,0.0,0.11374738067388535,0.0,0.0,0.010044796392321587,0.016483865678310394,0.004268181510269642,0.07202260196208954,0.0,0.0,0.0,0.0,0.0,0.0,0.004823962226510048,0.009223690256476402,0.0,0.008396003395318985,0.0,0.04397112503647804,0.03847283497452736,0.012782796286046505,0.0,0.0,0.006173920817673206,0.0,0.0,0.0029444408137351274,0.0,0.0,0.0,0.0,0.13978032767772675,0.037413641810417175,0.0,0.0,0.0,0.0,0.041391439735889435,0.0,0.0,0.01243407092988491,0.0,0.0,0.0028753578662872314,0.0,0.0,0.1315280795097351,0.0006522381445392966,0.1395469307899475,0.013978324830532074,0.0,0.18277645111083984,0.0,0.10332659631967545,0.0012688374845311046,0.005206863861531019,0.16998836398124695,0.0,0.039828523993492126,0.09817740321159363,0.0,0.028717176988720894,0.0026252781972289085,0.0,0.0,0.0,0.0,0.0,0.02663988620042801,0.0,0.04481448233127594,0.0,0.0,0.0,0.12008669227361679,0.007819108664989471,0.0,0.0,0.0,0.045633792877197266,0.07722051441669464,0.0013196223881095648,0.0024326317943632603,0.06799153983592987,0.0853676050901413,0.0,0.0,0.0,0.03731859102845192,0.0,0.0,0.42803820967674255,0.08435780555009842,0.021849391981959343,0.0,0.018896929919719696,0.0,0.10957005620002747,0.00858908612281084,0.0,0.009484674781560898,0.0006098512094467878,0.0061716483905911446,0.19688424468040466,0.13508141040802002,0.0459601916372776,0.0,0.010813240893185139,0.08719758689403534,0.0,0.011452593840658665,0.00021245762764010578,0.037770386785268784,0.0,0.017019642516970634,0.0,0.09633952379226685,0.0,0.2015547901391983,0.0,0.0,0.002348550595343113,0.2604142129421234,0.06901516765356064,0.0,0.04922778904438019,0.5338413119316101,0.0,0.030162567272782326,0.0,0.019821079447865486,0.0,0.0,0.0,0.02713514305651188,0.24166762828826904,0.0,0.17779290676116943,0.0,0.0,0.007682304363697767,8.428573346463963e-05,0.0,0.0,0.006342519540339708,0.0,0.26878464221954346,0.045643433928489685,0.0,0.0,0.0031635642517358065,0.10644643753767014,0.014862380921840668,0.40545541048049927,0.0,0.0,0.0,0.08743757009506226,0.002027868526056409,0.0899757444858551,0.12163976579904556,0.0761333480477333,0.18486757576465607,0.014269305393099785,0.0003592419670894742,0.007591865491122007,0.04190599545836449,0.026541275903582573,0.017391933128237724,0.0,0.0,0.178242027759552,0.010372831486165524,0.0334240160882473,0.0,0.02032993733882904,0.08155462890863419,0.2559279501438141,0.0,0.04544175788760185,0.032929785549640656,0.046828411519527435,0.0,0.0,0.0,0.06840314716100693,0.0,0.0032982861157506704,0.1415802240371704,0.0421772301197052,0.030075956135988235,0.0,0.022511687129735947,0.0,0.0,0.016271507367491722,0.06140930950641632,0.049239445477724075,0.0,0.1557745784521103,0.0,0.0,0.0,0.0021800680551677942,0.07612013816833496,0.2425132393836975,0.013584989123046398,0.11088598519563675,0.046621061861515045,0.0,0.0,0.0,0.0,0.0,0.0006477904389612377,0.006498021073639393,0.004188258666545153,0.0,0.05921425297856331,0.17715024948120117,0.0,0.0,0.0058341664262115955,0.014368336647748947,0.0,0.19167281687259674,0.0,0.014222972095012665,0.03484981879591942,0.031393393874168396,0.0,0.07339245080947876,0.013159885071218014,0.26262763142585754,0.0,0.0015996694564819336,0.48022979497909546,0.0,0.04917476326227188,0.003064969787374139,0.0,0.0,0.0,0.044570330530405045,0.02696581371128559,0.0,0.1559104174375534,0.0,0.0,0.002350926399230957,0.0,0.0,0.01312132366001606,0.0,0.01398526318371296,0.004910498857498169,0.005887328181415796,0.0,0.0,0.31418442726135254,0.0,0.0,0.0,0.005362542811781168,0.0,0.0,0.6040757894515991,0.06348217278718948,0.01774299144744873,0.011576751247048378,0.06557908654212952,0.0,0.010526994243264198,0.0,0.20786680281162262,0.013890576548874378,0.047027960419654846,0.015569417737424374,0.012432660907506943,0.009907502681016922,0.01482051145285368,0.1473223865032196,0.0,0.0,0.0,0.14428818225860596,0.06108230724930763,0.09353205561637878,0.013361424207687378,0.06124759092926979,0.04213909059762955,0.0,0.4251161813735962,0.0,0.0,0.020823223516345024,0.004680457524955273,0.08321235328912735,0.0,0.00569837586954236,0.0,0.08037710189819336,0.12760062515735626,0.0,0.14345574378967285,0.026032576337456703,0.08676192909479141,0.0,0.016573434695601463,0.3442577123641968,0.006054804194718599,0.11403747648000717,0.07822936028242111,0.15611591935157776,0.06508898735046387,0.021264823153614998,0.11402382701635361,0.15824899077415466,0.028462249785661697,0.20773501694202423,0.0,0.0,0.3685978353023529,0.03662722185254097,0.0,0.017607558518648148,0.0,0.0,0.08902165293693542,0.002210343722254038,0.00846906192600727,0.0038242684677243233,0.0,0.0,0.0,0.2050410807132721,0.07298732548952103,0.0,0.0,0.019001604989171028,0.0,0.002598625374957919,0.07908418029546738,0.002694451715797186,0.1279638409614563,0.0,0.1410447359085083,0.0,0.005935970693826675,0.06322281062602997,0.0,0.03206324949860573,0.0,0.052642837166786194,0.15897424519062042,0.0,0.10089296102523804,0.02772686444222927,0.06782568991184235,0.0,0.08395645767450333,0.02854815497994423,0.005523703061044216,0.0,0.19480761885643005,0.0,0.0,0.00444980850443244,0.5561054944992065,0.16998833417892456,0.0,0.02892143279314041,0.4028303027153015,0.008949699811637402,0.010127037763595581,0.0,0.2330159693956375,0.0,0.053213510662317276,0.0,0.0,0.0,0.0,0.105317622423172,0.004285786300897598,0.0,0.12010223418474197,0.026329798623919487,0.0,0.0008114838856272399,0.3184016942977905,0.0,0.016645707190036774,0.014176551252603531,0.046157315373420715,0.05698835477232933,0.06021121144294739,0.019657181575894356,0.05754300206899643,0.0,0.004557170905172825,0.28864824771881104,0.0,0.0,0.004700458142906427,0.0980677604675293,0.07434084266424179,0.0,0.0944603830575943,0.0,0.0,0.33877742290496826,0.0019384383922442794,0.0,0.025697050616145134,0.0,0.0,0.022358952090144157,0.45652949810028076,0.0,0.0020294294226914644,0.2569962441921234,0.07237821817398071,0.045649975538253784,0.09214863926172256,0.0011977761751040816,0.057649675756692886,0.020139209926128387,0.0,0.0,0.0,0.07167664915323257,0.0006300258683040738,0.0,0.0057479520328342915,0.061073336750268936,0.07254960387945175,0.018267342820763588,0.14521808922290802,0.0,0.03675500303506851,0.013048279099166393,0.0,0.19393199682235718,0.004981439094990492,0.0,0.10551769286394119,0.0031875704880803823,0.0,0.1515924334526062,0.05823685973882675,0.004861073102802038,0.019008273258805275,0.4510672092437744,0.07105034589767456,0.04868282377719879,0.0,0.05939752608537674,0.1280456930398941,0.032086364924907684,0.09757325053215027,0.0,0.05357125401496887,0.0015513134421780705,0.0436009019613266,0.035181961953639984,0.08024699240922928,0.3913813531398773,0.0,0.40691089630126953,0.0,0.01085295807570219,0.02778085321187973,0.2779422104358673,0.14776425063610077,0.1361415982246399,0.13760289549827576,0.0,0.011928060092031956,0.016871744766831398,0.006447224412113428,0.0,0.026884345337748528,0.02684507519006729,0.0,0.0,0.0026616337709128857,0.0,0.09100034832954407,0.0,0.0,0.10293427109718323,0.03068097122013569,0.27121880650520325,0.0,0.0,0.0049827732145786285,0.0,0.0,0.0,0.4533264636993408,0.0,0.0,0.0,0.0,0.19966579973697662,0.0,0.0,0.0,0.045406732708215714,0.011374568566679955,0.03641369938850403,0.3078819513320923,0.3443617522716522,0.0,0.007960319519042969,0.0,0.030654463917016983,0.0,0.0,0.0,0.0,0.04771851375699043,0.012810640037059784,0.0,0.006460451986640692,0.02204129658639431,0.0101530896499753,0.16959142684936523,0.21355047821998596,0.0,0.0,0.0,0.010946102440357208,0.0,0.28664350509643555,0.018795376643538475,0.275539755821228,0.0,0.054362036287784576,0.0016241432167589664,0.0058853342197835445,0.0,0.03499795123934746,0.0,0.04737145081162453,0.01289590634405613,0.011032624170184135,0.046985868364572525,0.0,0.010261672548949718,0.0,0.06179390847682953,0.0,0.06682904809713364,0.03271728381514549,0.0,0.0,0.0,0.0,0.0,0.9399858713150024,0.1718689501285553,0.0,0.0,0.015661871060729027,0.0,0.0,0.02765054628252983,0.08415136486291885,0.0,0.0,0.5960463881492615,0.0,0.0,0.0,0.003999652806669474,0.0,0.0,0.0,0.010755199007689953,0.0,0.0,0.0,0.5253714919090271,0.033420249819755554,0.0,0.06845100224018097,0.0,0.012777931988239288,0.0,0.0,0.0,0.0,0.007229129783809185,0.2176118791103363,0.02459605783224106,1.3035647869110107,0.0,0.0027184677310287952,0.003466093447059393,0.0,0.0,0.030046219006180763,2.2856972217559814,0.024195460602641106,0.0,0.0,0.025995347648859024,0.006754705682396889,0.0,0.0,0.004305281210690737,0.0001680421846685931,0.0,0.493671178817749,0.0,0.009381331503391266,0.023467199876904488,0.0,0.0,0.0,0.07423526048660278,0.2249360978603363,0.031457651406526566,0.0,0.14539623260498047,0.0,0.0,0.0,0.0,0.0,0.12213575094938278,0.012180157005786896,0.010171938687562943,0.0,0.0,0.14939403533935547,0.017544573172926903,0.014912945218384266,0.02676544152200222,0.5689756274223328,0.0,0.015979455783963203,0.15551018714904785,0.0,0.028257107362151146,0.0,0.002410585293546319,0.0,0.027654755860567093,0.0,0.0,0.0,0.0,0.0,0.0010253334185108542,0.0,0.1160435900092125,0.030148711055517197,1.0899213552474976,0.0,0.023962175473570824,0.0,0.011244511231780052,0.019471488893032074,0.0,0.03946872800588608,0.0,0.0,0.40974026918411255,0.0,0.016950733959674835,0.0,0.0,0.0,0.0,0.05866596847772598,0.014454010874032974,0.0,0.004580165725201368,0.0,0.0,0.0,0.0,0.011955421417951584,0.0,0.0,0.002018870785832405,0.0,0.008264121599495411,0.211959108710289,0.0,0.08067039400339127,0.0,0.0,0.0,0.007326257880777121,0.0,0.04377446323633194,0.0,0.0026106643490493298,0.05144958943128586,0.005144359078258276,0.0,0.0,0.017565758898854256,0.036369889974594116,0.0,0.07516057044267654,0.009781570173799992,0.0,0.008022747002542019,0.0,0.019953889772295952,0.0,0.014777617529034615,0.0,0.0,0.0,0.016542993485927582,0.0,0.0,0.0030507086776196957,0.025384988635778427,0.007262255065143108,0.0,0.33446991443634033,0.08565936982631683,0.0,0.0,0.0,0.0,0.058954402804374695,0.0,0.022086195647716522,0.1218075379729271,0.02750241942703724,0.0,0.016335291787981987,0.0,0.047426871955394745,0.0,0.0,0.0,0.04904571548104286,0.20708028972148895,0.039514973759651184,0.0,0.0129671236500144,0.21906150877475739,0.00863555632531643,0.0,0.0,0.283220112323761,0.09260502457618713,0.042607106268405914,0.06200740486383438,0.0,0.0,1.0841790437698364,0.4455057382583618,0.07922717928886414,0.0,0.0,0.0,0.0,0.0,0.00968581810593605,0.009858447127044201,0.5434690117835999,0.0,0.13021375238895416,0.0,0.0,0.0,0.01343452651053667,0.04285885766148567,0.0,0.0,0.06677201390266418,0.1866641640663147,0.0,0.030608883127570152,0.39421695470809937,0.00992253515869379,0.40929335355758667,0.05362323299050331,0.007901371456682682,0.3391674757003784,0.057333722710609436,0.049451932311058044,0.0,0.37502387166023254,0.02527506835758686,0.0,0.0,0.0,0.0,0.0,0.10472271591424942,0.0,0.004148195497691631,0.25733682513237,0.01884179189801216,0.0,0.0,0.1082838848233223,0.02007068693637848,0.0004463052609935403,0.0,0.0,0.0,0.09895341098308563,0.005516529083251953,0.0001738393330015242,0.0,0.11336632817983627,0.0,0.0,0.001758680329658091,0.0,0.0,0.0,0.0,0.0,0.2835666239261627,0.0,0.0,0.02516181953251362,0.0,0.1608598381280899,0.0,0.0,0.0,0.0,0.05842210724949837,0.004964478313922882,0.0,0.0,0.0,0.0,0.0,0.0,0.0,0.0,0.0,0.0,0.0,0.016641123220324516,0.0,0.011189906857907772,0.0,0.05049311742186546,0.008077043108642101,0.018594957888126373,0.012817807495594025,0.05887002870440483,0.0,0.0397539958357811,0.0,0.09949896484613419,0.0,0.022585978731513023,0.0810132771730423,0.09952846169471741,0.0,0.0,0.0,0.00593558419495821,0.004066241905093193,0.2668188214302063,0.03374610096216202,0.017355261370539665,0.0,0.027146659791469574,0.0676368996500969,0.04050995036959648,0.0,0.023794226348400116,0.0,0.0,0.03292636200785637,0.09247159957885742,0.0,0.017197653651237488,0.0,0.012017479166388512,0.011942434124648571,0.05629033222794533,0.03404169902205467,0.0,0.0,0.1548275202512741,0.10264728218317032,0.014507336542010307,0.004792325664311647,0.0,0.013286789879202843,0.0,0.6307538151741028,0.008098645135760307,0.011918019503355026,0.0,0.1190604716539383,0.07775704562664032,0.043422527611255646,0.0,0.0682719498872757,0.0,0.0,0.22626513242721558,0.2736474573612213,0.0,0.0897732526063919,0.00859943125396967,0.7622482180595398,0.0,0.0,0.0,0.00423384178429842,0.008862066082656384,0.00240420107729733,0.0,0.0,0.05094479024410248,0.003436465747654438,0.2247469574213028,0.0,0.08578500896692276,0.0,0.011632890440523624,0.017104050144553185,0.10084445774555206,0.26616063714027405,0.0,0.03486420214176178,0.12428281456232071,0.0,0.04014681652188301,0.007340033072978258,0.0,0.0,0.08832905441522598,0.03614513948559761,0.0,0.0,0.0295404139906168,0.19666549563407898,0.011780724860727787,0.0,0.0,0.03133358061313629,0.09693299233913422,0.00897954311221838,0.0010125654516741633,0.0,0.008848905563354492,0.0,0.0,0.022844186052680016,0.11318153142929077,0.0,0.07330720126628876,0.011571005918085575,0.08253642916679382,0.6406389474868774,0.0588921457529068,0.05123857408761978,0.008472107350826263,0.05038958042860031,0.016563687473535538,0.0,0.0,0.000933041563257575,0.027879606932401657,0.029277639463543892,0.040761638432741165,0.0,0.017235469073057175,0.002146628452464938,0.36704468727111816,0.1224345937371254,0.0,0.04213651269674301,0.011277973651885986,0.16293485462665558,0.2880623936653137,0.043697431683540344,0.031669359654188156,0.586918830871582,0.021959519013762474,0.7479067444801331,0.07151811569929123,8.896351209841669e-05,0.0,0.0,0.09603241086006165,0.0,0.04079936444759369,0.0,0.0,0.02186851017177105,0.0,0.022935917600989342,1.335390329360962,0.1531868577003479,0.014922061003744602,0.0,0.06385675072669983,0.0005135429091751575,0.0489187128841877,0.015779761597514153,0.0074138762429356575,0.0,0.39931705594062805,0.036607492715120316,0.039727527648210526,0.0483522042632103,0.0,0.0,0.039339579641819,0.0026186835020780563,0.08196286112070084,0.08562496304512024,0.0,0.22483859956264496,0.0,0.06359736621379852,0.0,0.007303578779101372,0.0019464892102405429,0.0,0.7760170102119446,0.392289400100708,0.0,0.07297992706298828,0.19051192700862885,0.014676538296043873,0.1475997269153595,0.0021656237076967955,0.023820824921131134,0.0029509079176932573,0.009035822004079819,0.0,0.0,0.020595131441950798,0.0,0.055594854056835175,0.0,0.05550817400217056,0.13852377235889435,0.015172647312283516,0.0,0.07926497608423233,0.04207465052604675,0.031685952097177505,0.1675863116979599,0.01932516135275364,0.0,0.12771600484848022,0.0,0.013410883024334908,0.0719161331653595,0.0,0.0447792150080204,0.006441567093133926,0.0,0.002822676906362176,0.42928650975227356,0.0,0.07255508750677109,0.008772258646786213,0.0,0.0,0.0,0.0161531213670969,0.0,0.0,0.021363750100135803,0.01382803451269865,0.010181753896176815,0.0,0.007551054935902357,0.0,0.7551555037498474,0.0980384349822998,0.003629805985838175,0.17205116152763367,0.1054764837026596,0.0,0.005208156071603298,0.0,0.023159462958574295,0.0,0.0089635094627738,0.040215421468019485,0.0,0.002161760348826647,0.0,0.00017225145711563528,0.0,0.002222080249339342,0.0,0.09905896335840225,0.03785615786910057,0.025183619931340218,0.020616287365555763,0.127458855509758,0.07759863883256912,0.0164304468780756,0.14231526851654053,0.036216769367456436,0.0,0.1168062686920166,0.009540473110973835,0.00048537610564380884,0.005383244715631008,0.027512073516845703,0.0069585395976901054,0.0,0.0680248811841011,0.22774766385555267,0.0,0.0,0.0,0.04454873129725456,0.0,0.0,0.038394130766391754,0.00647191284224391,1.3585090528067667e-05,0.047970131039619446,0.013511325232684612,0.008988109417259693,0.011258047074079514,0.0,0.0,0.004937801510095596,0.0,0.023028410971164703,0.24904119968414307,0.019311456009745598,0.42356202006340027,0.02483314834535122,0.020295098423957825,0.22055011987686157,0.0,0.014009445905685425,0.0,0.0,0.005808153189718723,0.0,0.14840859174728394,0.44341549277305603,0.009645313955843449,0.00690796971321106,0.0,0.0,0.013430706225335598,0.0,0.0,0.0,0.0,0.4312896430492401,0.0,0.0145078981295228,0.0,0.0,0.21267379820346832,0.017114736139774323,0.0,0.0,0.0,0.23591312766075134,0.001810536370612681,0.03850866109132767,0.0,0.0,0.01319634635001421,0.043499335646629333,0.0027847003657370806,0.0,0.07416633516550064,0.004469597712159157,0.01975482702255249,0.015706928446888924,0.0,0.0,0.06644784659147263,0.0,0.027359414845705032,0.0002538442495279014,0.0,0.04107081517577171,0.039591897279024124,0.08217277377843857,0.0038783622439950705,0.05199239403009415,0.09894826263189316,0.045333269983530045,0.0,0.03353855758905411,0.6546449065208435,0.0,0.2679990530014038,0.038488294929265976,0.1521022915840149,0.02584441751241684,0.3313082456588745,0.0,0.0031735110096633434,0.0,0.031696051359176636,0.022265713661909103,0.01074634213000536,0.0,0.029462849721312523,0.0,0.04333462566137314,0.006361324805766344,0.03866618871688843,0.0,0.4631737768650055,0.03142484650015831,0.029264578595757484,0.0,0.0,0.06419433653354645,0.003094508545473218,0.030551772564649582,0.017261212691664696,0.0,0.008045134134590626,0.00950423814356327,0.0,0.00988810695707798,0.055900074541568756,0.004797899629920721,0.010968243703246117,0.004625069908797741,0.017598571255803108,0.01991168223321438,0.011254481971263885,0.0,0.0,7.130682206479833e-05,0.112024687230587,0.06608814001083374,0.6837189197540283,0.0,0.0,0.0,0.0,0.0,0.07205169647932053,0.0,0.0,0.0,0.0,0.0,0.007936989888548851,0.13485991954803467,0.0,0.004686756059527397,0.24097222089767456,0.038408055901527405,0.19062700867652893,0.040401339530944824,0.04925276339054108,0.0,0.14233896136283875,0.0,0.0,0.013928349129855633,0.00453474186360836,0.0015246117254719138,0.0,0.34488293528556824,0.0,0.0,0.1121412068605423,0.0,0.0,0.0,0.0,0.0,0.0,0.026670033112168312,0.05223768204450607,0.014935595914721489,0.0,0.0,0.008271394297480583,0.012852013111114502,0.0,0.0,0.1383335143327713,0.01695345714688301,0.08729740232229233,0.1259772926568985,0.0,0.03881070017814636,0.0,0.0,0.0,0.10995995253324509,0.0,0.0,0.056974176317453384,0.006943506188690662,0.016338204964995384,0.0,0.0,0.026432055979967117,0.0,0.0,0.0,0.0,0.0,0.0,0.01479382999241352,0.00688668480142951,0.0157204270362854,0.5186034440994263,0.0,0.007777895778417587,0.0043344078585505486,0.004260626155883074,0.0,0.23899254202842712,0.0,0.06712856143712997,0.35843878984451294,0.0,0.001991968136280775,0.028596382588148117,0.0,0.0,0.0,0.0,0.34735652804374695,0.0,0.0,0.0,0.0,0.0,0.4084276556968689,0.1608249694108963,0.009332346729934216,0.0,0.0030895089730620384,0.0927513986825943,0.31439483165740967,0.0,0.0,0.006589741911739111,0.0,0.0,0.0,0.0,0.0,0.014834991656243801,0.0,0.0,0.0,0.0,0.27443400025367737,0.0,0.02054585888981819,0.03204197436571121,0.010777363553643227,0.0,0.27214354276657104,0.1316358596086502,0.0,0.14107610285282135,0.005529820919036865,0.0,0.0,0.005481494124978781,0.04601199924945831,0.0,0.0,0.021285496652126312,0.0,0.0236637182533741,0.02473566308617592,0.0077995057217776775,0.0,0.0012934374390169978,0.00391254760324955,0.19297608733177185,0.011978830210864544,0.011430113576352596,0.07003751397132874,0.0,0.07581333070993423,0.04044488072395325,0.1106582060456276,0.06574423611164093,0.0,0.0,0.005678496323525906,0.05387603119015694,0.0,0.0,0.020969118922948837,0.0,0.010655589401721954,0.0,0.0,0.0,0.0,0.006322081200778484,0.004826379474252462,0.0025443367194384336,0.0,0.0,0.07638096064329147,0.0672273188829422,0.0752815380692482,0.007426610216498375,0.011775839142501354,0.0,0.0,0.0,0.17834752798080444,0.0,0.06499921530485153,0.041458211839199066,0.00361431366764009,0.0,0.32063838839530945,0.0,0.03688429668545723,0.0
0.0,0.004942168015986681,0.33623751997947693,0.0,0.0,0.0,0.015079452656209469,0.017018362879753113,0.001469433307647705,0.07715335488319397,0.0,0.04035390913486481,0.03898974135518074,0.3051859438419342,0.13649775087833405,0.1583867371082306,0.005400747060775757,0.013750290498137474,0.0,0.25817739963531494,0.08776834607124329,0.0,0.038317129015922546,0.15739929676055908,0.037712160497903824,0.0933254063129425,0.0,0.0,0.0,0.0035859476774930954,0.44354140758514404,0.1553979218006134,0.0,0.0,0.2598901689052582,0.18223896622657776,0.012254783883690834,0.035388726741075516,0.0,0.06001408398151398,0.38583904504776,0.0,0.008338790386915207,0.1376229226589203,0.48030731081962585,0.01603088155388832,0.054547019302845,0.0,0.24439074099063873,0.0,0.009248442947864532,0.1801539957523346,0.011890137568116188,0.13702555000782013,0.039744991809129715,0.0,0.0,0.0,0.06897362321615219,0.017550315707921982,0.005903454031795263,0.4171314239501953,0.09052807092666626,0.0,0.005025410559028387,0.3370802402496338,0.09417857974767685,0.01767573319375515,0.008802521973848343,0.0,0.1633787304162979,0.015392615459859371,0.01722334325313568,0.12245967239141464,0.005858397576957941,0.09581563621759415,0.37788963317871094,0.003327808575704694,0.1930479109287262,0.4249914586544037,0.0,0.08728430420160294,0.0,0.10733003914356232,0.019867556169629097,0.24876022338867188,0.03876436874270439,0.0,0.0,0.022097837179899216,0.021026423200964928,0.018733525648713112,0.17579713463783264,0.48112231492996216,0.0,0.17067691683769226,0.04389520734548569,0.0,0.0,0.0,0.01439417339861393,0.03088289313018322,0.10939214378595352,0.02509351447224617,0.09712682664394379,0.003394944593310356,0.024554992094635963,0.0,0.0,0.005099945235997438,0.04466031491756439,0.016574664041399956,0.0,0.1504778414964676,0.008223021402955055,0.4272565543651581,0.0,0.09479880332946777,0.0,0.15267199277877808,0.01681738719344139,0.004814989399164915,0.3388647437095642,0.02218158170580864,0.010543471202254295,0.0,0.24808910489082336,0.02146073989570141,0.126941978931427,0.00818825513124466,0.10750669240951538,0.0,0.05672441050410271,0.0518435575067997,0.06786582618951797,0.0774589478969574,0.007657349109649658,0.00014526308223139495,0.012043318711221218,0.0,0.11058253049850464,0.050570737570524216,0.0,0.011527660302817822,0.22795771062374115,0.0,0.03741078823804855,0.25040411949157715,0.024431107565760612,0.06871592253446579,0.0903230607509613,0.0,0.05933510139584541,0.09287351369857788,0.0,0.053478144109249115,0.0013859891332685947,0.07146696746349335,0.151055246591568,0.11596515774726868,0.0022923292126506567,0.014094388112425804,0.011674824170768261,0.40805336833000183,0.07422291487455368,0.0,0.24752959609031677,0.004886100068688393,0.11849620193243027,0.35229602456092834,0.10567981004714966,0.0381343811750412,0.05970331281423569,0.23163367807865143,0.06045447289943695,0.03613351285457611,0.5501434803009033,0.015469865873456001,0.0,0.3084287941455841,0.0,0.0034407831262797117,0.03985830396413803,0.013565469533205032,0.015007940120995045,0.30345022678375244,0.1576870083808899,0.060174062848091125,0.05246530845761299,0.32482093572616577,0.057862214744091034,0.05205273628234863,0.0023678254801779985,0.007056331727653742,0.022280972450971603,0.03464854508638382,0.022658681496977806,0.018182100728154182,0.29541003704071045,0.0,0.13759298622608185,0.010703248903155327,0.0,0.19770777225494385,0.0,0.012455888092517853,0.022334454581141472,0.04370030015707016,0.04086901247501373,0.10675740242004395,0.13270694017410278,0.0,0.22165551781654358,0.0,0.03014085814356804,0.01651858538389206,0.0451124869287014,0.032847825437784195,0.0,0.007532296236604452,0.07316125184297562,0.007184343412518501,0.1673646867275238,0.14083480834960938,0.0,0.18333816528320312,0.009949292987585068,0.02719152718782425,0.0903279110789299,0.11548939347267151,0.17630606889724731,0.0,0.19764050841331482,0.07252377271652222,0.11554722487926483,0.32011517882347107,0.018051505088806152,0.09865240007638931,0.03612220659852028,0.0,0.005084957927465439,0.05675453692674637,0.09647911041975021,0.0,0.06131211668252945,0.04924207553267479,0.06488745659589767,0.060868702828884125,0.0,0.024073926731944084,0.021291296929121017,0.0005039972020313144,0.0,0.008118762634694576,0.0045613981783390045,0.09798580408096313,0.0,0.0854930430650711,0.10602495074272156,0.4806535243988037,0.0,0.03100205399096012,0.030882416293025017,0.0,0.1359202265739441,0.04455491900444031,0.09693527221679688,0.09999782592058182,0.0,0.018633311614394188,0.05830894038081169,0.012029404751956463,0.0,0.09898218512535095,0.029427042230963707,0.0,0.07089368999004364,0.019264142960309982,0.14703786373138428,0.1893559843301773,0.008619782514870167,0.0,0.010717742145061493,0.15270493924617767,0.03310292959213257,0.6716431379318237,0.0,0.0,0.19734764099121094,0.05115387961268425,0.15429042279720306,0.18688036501407623,0.055522508919239044,0.0009815013036131859,0.06658173352479935,0.010103578679263592,0.22797371447086334,0.0,0.2976658344268799,0.0,0.02151949144899845,0.04528944939374924,0.15353897213935852,0.1739368587732315,0.17155547440052032,0.0,0.013043778017163277,0.0186023972928524,0.0,0.0,0.0,0.1333344578742981,0.00446100952103734,0.19396428763866425,0.0293254517018795,0.30038222670555115,0.03666793182492256,0.0006245017284527421,0.1835383176803589,0.0309128537774086,0.0059059131890535355,0.03135637193918228,0.0,0.0,0.7719663381576538,0.0,0.0,0.010181093588471413,0.0,0.0,0.005607798229902983,0.06632157415151596,0.0,0.0,0.04412350058555603,0.0,0.0,0.0,0.012722578831017017,0.06653056293725967,0.0845085084438324,0.004863098729401827,0.0,0.0,0.0,0.0,0.0,0.00042892934288829565,0.0,0.0,0.17301183938980103,0.0,0.12327974289655685,0.02763417549431324,0.24017173051834106,0.0,0.0,0.0,0.044157303869724274,0.010129856877028942,0.002359413541853428,0.0,0.0,0.0,0.0,0.011883804574608803,0.07361616939306259,0.034410376101732254,0.0045578740537166595,0.0,0.48307284712791443,0.0,0.0,0.08068063110113144,0.0063437712378799915,0.0,0.005442208144813776,0.0,0.005040240474045277,0.20643480122089386,0.08927065879106522,0.0,0.0,0.0,0.009742474183440208,0.0,0.0,0.04640461131930351,0.0,0.0,0.2595863342285156,0.0,0.0,0.0,0.0,0.0,0.17832285165786743,0.0009888603817671537,0.10368726402521133,0.03823065012693405,0.024223994463682175,0.017660565674304962,0.0,0.003271173918619752,0.0,0.0,0.009860698133707047,0.0,0.0,0.052325062453746796,0.0,0.0,0.0,0.0,0.008700480684638023,0.0,0.0,0.0,0.0,0.0,0.043195195496082306,0.0,0.029288945719599724,0.0,0.003948829136788845,0.11677452176809311,0.02315361052751541,0.006681748665869236,0.0007707226322963834,0.12960802018642426,0.0,0.00806363020092249,0.0,0.07369641214609146,0.0,0.0,0.0,0.0,0.0009301131940446794,0.0,0.0,0.0,0.02038678713142872,0.012967378832399845,0.0,0.0,0.1455068439245224,0.0,0.032968562096357346,0.003372709732502699,0.013382290489971638,0.0,0.0,0.020617589354515076,0.0,0.011376380920410156,0.0,0.0,0.030332200229167938,0.0,0.0,0.21764619648456573,0.0,0.0,0.0771619901061058,0.21737773716449738,0.04021300747990608,0.0,1.9667148080770858e-05,0.002878945553675294,0.0,0.0,0.010305038653314114,0.0,0.01031410600990057,0.0,0.0,0.04368071258068085,0.05029553547501564,0.0,0.00011923610873054713,0.0,0.1483897864818573,0.0017826688708737493,0.04722912237048149,0.2663656175136566,0.010396020486950874,0.0,0.0,0.0,0.043333228677511215,0.0,0.0,0.0,0.0,0.0,0.0,0.008700051344931126,0.025105154141783714,0.0,0.0,0.0,0.027633212506771088,0.020510606467723846,0.02964247204363346,0.0,0.0,0.0,0.11236058920621872,0.035331498831510544,0.027346253395080566,0.0111875394359231,0.0,0.004443639423698187,0.0,0.005553382448852062,0.14460952579975128,0.044862743467092514,0.0,0.003589671803638339,0.0,0.00031091124401427805,0.3567684292793274,0.0,0.0,0.0,0.0,0.0,0.0,0.01660790853202343,0.020509080961346626,0.0,0.012840020470321178,0.0,0.0,0.17983920872211456,0.0,0.0,0.0,0.023512102663517,0.005710491444915533,0.010935056954622269,0.0,0.07327848672866821,0.0,0.0009542512707412243,0.0147471334785223,0.0,0.0049585821107029915,0.0,0.001976846484467387,0.01499873772263527,0.008327305316925049,0.17035029828548431,0.005932893604040146,0.01623402163386345,0.020194893702864647,0.0,0.04230301082134247,0.0,0.01691569574177265,0.06394506990909576,0.028696266934275627,0.0,0.21851389110088348,0.02949245646595955,0.01930689625442028,0.0,0.11092200130224228,0.24654681980609894,0.0,0.037394288927316666,0.08605653792619705,0.0,0.002090563764795661,0.017713621258735657,0.0,0.0,0.0,0.02555731125175953,0.10829561948776245,0.0,0.061342038214206696,0.0,0.1097198948264122,0.053971193730831146,0.11345677077770233,0.0470096729695797,0.0,0.0,0.0,0.004271304234862328,0.012922115623950958,0.0,0.02461049146950245,0.15977667272090912,0.024369049817323685,0.033324241638183594,0.0,0.0,0.0,0.0,0.0,0.018836140632629395,0.0,0.0,0.0,0.42024117708206177,0.015516942366957664,0.0035795783624053,0.0,0.16193287074565887,0.0,0.0,0.001348427264019847,0.04360486939549446,0.016375446692109108,0.03764742985367775,0.0,0.0,0.0,0.0,0.0,0.0,0.013042870908975601,0.008808880113065243,0.0,0.01335424929857254,0.0,0.08157062530517578,0.017606323584914207,0.006801025941967964,0.0,0.0,0.010308799333870411,0.0,0.0,0.0,0.0,0.0,0.0,0.0,0.09243360161781311,0.016413092613220215,0.0,0.0,0.0,0.0,0.04816367104649544,0.0,0.0,0.004485165700316429,0.0,0.0,0.018318362534046173,0.0,0.0,0.09395027160644531,0.0066231619566679,0.1065068319439888,0.01062833797186613,0.0,0.19232679903507233,0.0015416040550917387,0.15013796091079712,0.010444245301187038,0.0,0.1030641570687294,0.0006388488691300154,0.03750757873058319,0.04909851402044296,0.0,0.02931472845375538,0.0028619221411645412,0.0,0.0,0.0,0.0,0.0,0.019851399585604668,0.0,0.08407760411500931,0.0,0.0,0.0,0.16077633202075958,0.0005408314173109829,0.0,0.0,0.0,0.05054162070155144,0.12488210946321487,0.011917119845747948,0.01246711891144514,0.07779266685247421,0.05929930508136749,0.0,0.0,0.0,0.033230818808078766,0.001837915158830583,0.0,0.40856993198394775,0.04885847866535187,0.012988503091037273,0.0,0.03571334481239319,0.0,0.10752590000629425,0.001196553697809577,0.0,0.0,0.0,0.008517849259078503,0.19452311098575592,0.10324022173881531,0.04032181575894356,0.0,0.021774299442768097,0.08718449622392654,0.0,0.0,0.0,0.04411058500409126,0.0030662287026643753,0.02440163679420948,0.0014032861217856407,0.09391620755195618,0.0,0.23009836673736572,0.0,0.0,0.0,0.2456219494342804,0.05347122997045517,0.007543604355305433,0.006993400864303112,0.4984898269176483,0.0,0.013561985455453396,0.0,0.009499757550656796,0.0,0.0,0.0,0.01929463818669319,0.2559838891029358,0.0,0.12751036882400513,0.0,0.0,0.009955148212611675,0.006034250371158123,0.0,0.019153278321027756,0.0064871893264353275,0.0,0.31624695658683777,0.11751621216535568,0.0,0.0,0.0021508431527763605,0.06620916724205017,0.0,0.3710769712924957,0.0,0.0,0.0,0.10609063506126404,0.0,0.12462310492992401,0.13173453509807587,0.08596616983413696,0.16644933819770813,0.03811488300561905,0.005983123555779457,0.0034431570675224066,0.022891514003276825,0.026771865785121918,0.015718746930360794,0.0,0.0,0.2193535417318344,0.011889075860381126,0.03037688322365284,0.0,0.023753909394145012,0.06348901987075806,0.3027493953704834,0.0014986827736720443,0.02270764671266079,0.053849801421165466,0.029682090505957603,0.00446390500292182,0.0,0.0,0.059807028621435165,0.0,0.005032578483223915,0.13225789368152618,0.04040198400616646,0.025430303066968918,0.0,0.03388320282101631,0.0,0.0,0.03208107873797417,0.11900989711284637,0.06610359996557236,0.0034685423597693443,0.14890773594379425,0.0,0.0037755859084427357,0.0,0.01130068302154541,0.04831318557262421,0.18690553307533264,0.023113597184419632,0.11837272346019745,0.04752695932984352,0.0,0.0,0.0,0.0,0.0,0.0,0.005375416483730078,0.0,0.0,0.10744716972112656,0.1707020401954651,0.0008403229876421392,0.0,0.05470619350671768,0.01609860733151436,0.0,0.2485101819038391,0.0,0.0,0.027978165075182915,0.03978791832923889,0.0,0.052241068333387375,0.002438704948872328,0.2793680727481842,0.0,0.0,0.5583183765411377,0.0,0.030550610274076462,0.0042562889866530895,0.0,0.0,0.0,0.058482419699430466,0.03276090323925018,0.0,0.13584914803504944,0.0,0.0,0.0,0.0,0.0,0.007208283059298992,0.0,0.0,0.01844535768032074,0.0018436729442328215,0.0023108338937163353,0.0,0.3554514944553375,0.0,0.0,0.0,0.0,0.0,0.0,0.6627094149589539,0.07015670090913773,0.004077413119375706,0.015613220632076263,0.0760316252708435,0.0,0.014326440170407295,0.0,0.18383456766605377,0.03611369431018829,0.06665920466184616,0.012143988162279129,0.01180082093924284,0.017763974145054817,0.010854270309209824,0.15449829399585724,0.0,0.006096960511058569,0.0,0.13363231718540192,0.0255841426551342,0.09808217734098434,0.008093368262052536,0.074520543217659,0.034416381269693375,0.0,0.3889339566230774,0.0,0.0,0.045501671731472015,0.03161060810089111,0.08153410255908966,0.0,0.007361050229519606,0.0,0.07870006561279297,0.13312092423439026,0.0,0.11446385085582733,0.01318797841668129,0.07610687613487244,0.0,0.047696102410554886,0.39732447266578674,0.06849205493927002,0.18774592876434326,0.07030334323644638,0.1758255511522293,0.06735839694738388,0.04219060018658638,0.09707174450159073,0.13779932260513306,0.012681902386248112,0.1859414130449295,0.0,0.0,0.3705003261566162,0.0190436914563179,0.0,0.02995293401181698,0.0,0.0,0.07720096409320831,0.002490140264853835,0.006116692908108234,0.0,0.0,0.0,0.0,0.19815140962600708,0.07118089497089386,0.0,0.0,0.014243682846426964,0.0,0.0,0.07712255418300629,0.0,0.161702498793602,0.0,0.1638651341199875,0.0,0.010234386660158634,0.04733143001794815,0.0,0.032799698412418365,0.0,0.02445777878165245,0.13257476687431335,0.0,0.08215806633234024,0.030765848234295845,0.15065044164657593,0.0,0.1415948122739792,0.016716182231903076,0.023312320932745934,0.0,0.229120135307312,0.0,0.0,0.00047993913176469505,0.5323965549468994,0.16857880353927612,0.0,0.030357932671904564,0.3974108099937439,0.0,0.0,0.0,0.264256089925766,0.0,0.027655161917209625,0.0,0.0,0.0,0.0014629021752625704,0.07169105857610703,0.0009204793022945523,0.0,0.11084414273500443,0.02662828378379345,0.0,0.0,0.24297359585762024,0.0,0.01235948596149683,0.006036378908902407,0.02157299593091011,0.043693531304597855,0.002066252287477255,0.01246562134474516,0.12135781347751617,0.0,0.011424646712839603,0.34732168912887573,0.0,0.0,0.03457652032375336,0.0756630152463913,0.07428103685379028,0.0,0.1346004158258438,0.0,0.0,0.3005918860435486,0.009386229328811169,0.0,0.030887210741639137,0.0,0.0,0.01080726832151413,0.4494924545288086,0.0,0.0,0.2749328911304474,0.05904437229037285,0.056704770773649216,0.0888465866446495,0.0022499042097479105,0.04047319293022156,0.004097160883247852,0.0,0.0,0.0,0.0612073689699173,0.0045363581739366055,0.0,0.0,0.06490659713745117,0.12535160779953003,0.0009261012310162187,0.2061842381954193,0.0,0.022344952449202538,0.005769222974777222,0.0,0.27220287919044495,0.005323533900082111,0.008393402211368084,0.11004719138145447,0.0,0.0,0.10216964781284332,0.0323416143655777,0.007467992138117552,0.019225310534238815,0.40235671401023865,0.0510195717215538,0.05921950936317444,0.0,0.05005539953708649,0.19356684386730194,0.033365871757268906,0.09791645407676697,0.0,0.044450026005506516,0.01402779296040535,0.04349451884627342,0.0429120734333992,0.0888737291097641,0.4031140208244324,0.0,0.3351260721683502,0.0,0.01027874369174242,0.025299105793237686,0.2719784080982208,0.10371042042970657,0.262818306684494,0.10515535622835159,0.0,0.009865484200417995,0.024442018941044807,0.0063765025697648525,0.0,0.014974970370531082,0.03347461670637131,0.0,0.0,0.01087090466171503,0.0,0.20969049632549286,0.0,0.0,0.09164148569107056,0.016266394406557083,0.30780428647994995,0.0,0.0,0.013192794285714626,0.0,0.0,0.0,0.42725586891174316,0.0,0.0,0.0,0.0,0.16228464245796204,0.0,0.0,0.0,0.06770864129066467,0.00038388013490475714,0.013025074265897274,0.32789933681488037,0.34297236800193787,0.0,0.006435353774577379,0.0,0.02699216827750206,0.0,0.0,0.0,0.0,0.04365164786577225,0.010403177700936794,0.0,0.004689161665737629,0.02071082592010498,0.013437083922326565,0.12912726402282715,0.09920814633369446,0.0,0.003549845889210701,0.0,0.0,0.0,0.43745896220207214,0.015100601129233837,0.29623329639434814,0.0,0.06299129128456116,0.01193525455892086,0.013133411295711994,0.0037723288405686617,0.04155818000435829,0.0,0.0378309041261673,0.003751492826268077,0.02080739475786686,0.012623254209756851,0.0,0.005684628617018461,0.0,0.0744512751698494,0.0,0.03883122280240059,0.027070609852671623,0.0,0.0,0.0,0.0,0.0,0.9098354578018188,0.17302463948726654,0.0,0.0,0.03458185866475105,0.0,0.004516930785030127,0.05444041267037392,0.10513408482074738,0.0,0.0,0.5036305785179138,0.0,0.0,0.0,0.006594598293304443,0.0,0.0,0.0,0.014702953398227692,0.0,0.0,0.0,0.49091804027557373,0.032848574221134186,0.0,0.07029351592063904,0.0,0.00839145202189684,0.0,0.0,0.0,0.0,0.0017347908578813076,0.3651351034641266,0.014532222412526608,1.1155943870544434,0.0,0.0009533786796964705,0.01215262059122324,0.0,0.0,0.017523789778351784,2.3179163932800293,0.011983418837189674,0.0,0.0,0.038264885544776917,0.0006956136203370988,0.0,0.0,0.024218404665589333,0.005108668934553862,0.0,0.47521668672561646,0.0,0.0,0.014553322456777096,0.0,0.0,0.0,0.06801851093769073,0.22739112377166748,0.015000286512076855,0.0,0.13610658049583435,0.0,0.0,0.0,0.0,0.0,0.10423173755407333,0.0042467559687793255,0.02435007132589817,0.0,0.0,0.16722269356250763,0.017550749704241753,0.0066542611457407475,0.031974952667951584,0.49882298707962036,0.0,0.018404439091682434,0.14665155112743378,0.004170513246208429,0.003259100718423724,0.0,0.0,0.0,0.036435335874557495,0.0,0.0,0.0,0.0,0.0,0.014614435844123363,0.0,0.07056831568479538,0.043952617794275284,0.9705772399902344,0.0,0.04444890096783638,0.0,0.02668660134077072,0.0647895336151123,0.0,0.028694452717900276,0.0,0.0,0.500460684299469,0.0,0.01415632851421833,0.0,0.0,0.0,0.0,0.011860692873597145,0.001697194529697299,0.0,0.020265037193894386,0.0,0.0,0.0,0.0026861457154154778,0.006005219183862209,0.0,0.0,0.0014422890963032842,0.0,0.0076752216555178165,0.20009195804595947,0.0,0.05023891478776932,0.0,0.0,0.0,0.0,0.0,0.05433838441967964,0.0,0.0019246339797973633,0.025489775463938713,0.013318952172994614,0.001149727962911129,0.0,0.039162877947092056,0.013756435364484787,0.0,0.08886682242155075,0.009932540357112885,0.0,0.011975172907114029,0.0,0.020335625857114792,0.0,0.025077642872929573,0.0,0.0,0.0,0.02442960813641548,0.0,0.0,0.0,0.02151535078883171,0.0,0.0,0.25846290588378906,0.09068621695041656,0.0,0.0,0.006270908284932375,0.0,0.05786099284887314,0.0,0.019062204286456108,0.1495063602924347,0.043208666145801544,0.0,0.03724090754985809,0.001085958443582058,0.014944814145565033,0.0,0.0,0.0,0.03618378937244415,0.22038806974887848,0.030643291771411896,0.0,0.007395842112600803,0.30839458107948303,0.0,0.0017482424154877663,0.0,0.2669730484485626,0.09218110889196396,0.04830092564225197,0.03408034145832062,0.0,0.0,0.9800643920898438,0.418577641248703,0.08613787591457367,0.0,0.0,0.0002739262708928436,0.0,0.010927779600024223,0.02404480054974556,0.005653058178722858,0.7084327936172485,0.01200908049941063,0.1204233467578888,0.0,0.0,0.0,0.007380213588476181,0.06749656796455383,0.0,0.00210353615693748,0.041258860379457474,0.1679103523492813,0.0,0.007723900023847818,0.36968570947647095,0.01141509972512722,0.4386633038520813,0.06199269741773605,0.002407969208434224,0.3422470986843109,0.02985290065407753,0.05617992952466011,0.0,0.33368128538131714,0.023216722533106804,0.0,0.0,0.0025755995884537697,0.0,0.0,0.13792535662651062,0.0,0.006550362333655357,0.2683098614215851,0.014587960205972195,0.0,0.0,0.07724905759096146,0.00913681834936142,0.00026844264357350767,0.0,0.0,0.0,0.05455360561609268,0.045051705092191696,0.0,0.0,0.08997704833745956,0.009533261880278587,0.0,0.006381020415574312,0.0,0.0,0.0,0.006039436440914869,0.0,0.28843870759010315,0.0,0.0,0.02893793024122715,0.0,0.14038880169391632,0.0,0.0,0.002368535380810499,0.0,0.07009933143854141,0.0012355685466900468,0.0,0.0,0.0,0.0,0.0,0.0,0.0,0.0,0.0,0.0,0.0,0.03424572944641113,0.0,0.0,0.0,0.06488637626171112,0.007678953465074301,0.013192598707973957,0.00645321374759078,0.04821567237377167,0.0,0.0335053913295269,0.0,0.17171639204025269,0.013129319995641708,0.026515154168009758,0.06530144065618515,0.1028221920132637,0.0,0.0,0.0,0.005613395012915134,0.0,0.26871585845947266,0.03392885997891426,0.013139412738382816,0.0,0.040906306356191635,0.04852719604969025,0.021159827709197998,0.0,0.02593928575515747,0.0,0.0,0.09615149348974228,0.134979248046875,0.014316226355731487,0.005199270322918892,0.0,0.01564730703830719,0.018099825829267502,0.07115068286657333,0.014221280813217163,0.0,0.0,0.1425149291753769,0.10121557861566544,0.025510666891932487,0.0009620535420253873,0.0,0.007577536161988974,0.0,0.6214746236801147,0.0341840535402298,0.021263862028717995,0.0,0.15422271192073822,0.09827182441949844,0.06948576122522354,0.0034795410465449095,0.08487535268068314,0.0,0.0,0.23755747079849243,0.28007224202156067,0.01209261268377304,0.09426051378250122,0.025724323466420174,0.736055850982666,0.0,0.007959628477692604,0.011535221710801125,0.011773074977099895,0.01006100419908762,0.0,0.0,0.005884113255888224,0.059944555163383484,0.0027387666050344706,0.23287400603294373,0.0,0.11179325729608536,0.0,0.0,0.0045707207173109055,0.08610392361879349,0.28670746088027954,0.0,0.032857559621334076,0.10386848449707031,0.0,0.024896150454878807,0.0,0.0,0.0,0.08982086181640625,0.020338663831353188,0.000649387831799686,0.0,0.03254547342658043,0.19424813985824585,0.020808523520827293,0.0,0.0011686229845508933,0.03667907789349556,0.14234839379787445,0.0,0.006563541479408741,0.0,0.013515058904886246,0.003253056900575757,0.00221435958519578,0.02565610408782959,0.1468883752822876,0.012405886314809322,0.07107631862163544,0.0,0.09158656746149063,0.6746482849121094,0.04574491083621979,0.06981439888477325,0.003692245576530695,0.0898117646574974,0.02253388799726963,0.0,0.0,0.0,0.04013160616159439,0.03104003146290779,0.04742622375488281,0.010060441680252552,0.02933448739349842,0.0027266854885965586,0.43202894926071167,0.14093241095542908,0.0,0.05714397877454758,0.02503480762243271,0.17337392270565033,0.31557708978652954,0.043890971690416336,0.028126053512096405,0.5650621056556702,0.01685863733291626,0.7780571579933167,0.09165248274803162,0.0,0.0,0.0,0.09641571342945099,0.0,0.07154959440231323,0.0,0.0,0.034384921193122864,0.0,0.03421422839164734,1.2980400323867798,0.13514705002307892,0.047594498842954636,0.0,0.07003257423639297,0.0,0.05033491551876068,0.03654851019382477,0.0,0.0,0.4316776990890503,0.036220110952854156,0.04991596192121506,0.03313687443733215,0.0,0.0,0.041393622756004333,0.0,0.10013961791992188,0.05775664746761322,0.0,0.22365917265415192,0.002235176507383585,0.06457702070474625,0.0,0.0025710321497172117,0.004343743901699781,0.0,0.5302312970161438,0.42113903164863586,0.0,0.0734826922416687,0.19833163917064667,0.03699503093957901,0.22732917964458466,0.0085734399035573,0.005159775726497173,0.006828045938163996,0.0,0.008989901281893253,0.0,0.023742863908410072,0.0,0.053016290068626404,0.0,0.0451819933950901,0.13410277664661407,0.012687069363892078,0.0016375422710552812,0.07044898718595505,0.0324990376830101,0.01831206865608692,0.1955542117357254,0.015842806547880173,0.005504882428795099,0.1268712878227234,0.0,0.0020434181205928326,0.09260300546884537,0.0,0.05578804016113281,0.004882767330855131,0.0,0.0,0.4508063495159149,0.0,0.08485416322946548,0.00530121847987175,0.0,0.0,0.0,0.014503080397844315,0.0,0.0,0.01953969895839691,0.009184892289340496,0.03886377066373825,0.0,0.022405928000807762,0.0,0.7784343957901001,0.1208067238330841,0.015341243706643581,0.18010589480400085,0.060088351368904114,0.0031749636400491,0.0034236074425280094,0.0,0.030330954119563103,0.0,0.010285934433341026,0.023538654670119286,0.014117610640823841,0.0019749582279473543,0.0,0.0030645395163446665,0.0,0.004406468942761421,0.0,0.10480319708585739,0.0592174157500267,0.009946809150278568,0.02005866914987564,0.13325276970863342,0.0854697972536087,0.04073689505457878,0.15080389380455017,0.0361233651638031,0.0,0.07056708633899689,0.001869003172032535,0.01091330498456955,0.003996970597654581,0.024153685197234154,0.0057953596115112305,0.0,0.07960473001003265,0.19579635560512543,0.0,0.0,0.0,0.037575189024209976,0.0,0.001082542585209012,0.023352527990937233,0.002417483367025852,0.0,0.08161399513483047,0.011612184345722198,0.00035796582233160734,0.021834665909409523,0.0,0.0,0.0,0.0,0.019020261242985725,0.23076750338077545,0.01899368315935135,0.41234877705574036,0.03055727295577526,0.032645873725414276,0.2652907967567444,0.0,0.002833619015291333,0.0,0.0,0.006592724472284317,0.0016568064456805587,0.10440835356712341,0.40661585330963135,0.0010127652203664184,0.005826493725180626,0.0,0.0,0.010321361012756824,0.0,0.006902763620018959,0.0035228657070547342,0.0,0.43402016162872314,0.0,0.01830209605395794,0.0,0.0,0.199773371219635,0.02580680325627327,0.0,0.0,0.0,0.1881684809923172,0.013937372714281082,0.026277679949998856,0.005573744885623455,0.0,0.008429122157394886,0.03234341740608215,0.0,0.0,0.06814603507518768,0.022440627217292786,0.033966321498155594,0.020405609160661697,0.0,0.0,0.07888844609260559,0.0,0.04985148459672928,0.002298494568094611,0.0,0.020022356882691383,0.04621851071715355,0.09208475053310394,0.0,0.027498001232743263,0.11948969215154648,0.05242965742945671,0.0,0.022128889337182045,0.5971998572349548,0.016659872606396675,0.2732466757297516,0.07588540762662888,0.20260150730609894,0.01941022090613842,0.3599211573600769,0.0,0.019200682640075684,0.0,0.053252752870321274,0.025424465537071228,0.029597649350762367,0.0,0.02169155143201351,0.0,0.031005358323454857,0.006428248714655638,0.12294291704893112,0.0,0.3936244249343872,0.030702557414770126,0.08039497584104538,0.0011518016690388322,0.0,0.07312923669815063,0.0007769846706651151,0.06190811097621918,0.014957568608224392,0.0,0.01060576643794775,0.02017783559858799,0.0,0.010353224352002144,0.061798419803380966,0.0004707765474449843,0.0008734083385206759,0.007453009951859713,0.0525464303791523,0.01645647920668125,0.041417770087718964,0.0,0.002318959916010499,0.0023108781315386295,0.07061707973480225,0.10228213667869568,0.772927463054657,0.0,0.0,0.0,0.0,7.849097164580598e-05,0.03591473028063774,0.0,0.0,0.0,0.0,0.0,0.0176670141518116,0.1480887234210968,0.0,0.01325394306331873,0.13982895016670227,0.07407470047473907,0.21064887940883636,0.04464198648929596,0.07298610359430313,0.0,0.18797354400157928,0.0,0.0,0.04013139382004738,0.021022789180278778,0.002911738120019436,0.0,0.2542065382003784,0.0,0.0,0.09224957227706909,0.0,0.0,0.0003703772963490337,0.0,0.011903178878128529,0.0,0.0055602192878723145,0.028669018298387527,0.015602855943143368,0.0,0.0,0.028218219056725502,0.004428722895681858,0.0,0.0,0.12940938770771027,0.015618261881172657,0.11490505188703537,0.10459385067224503,0.0,0.0330871120095253,0.0,0.0,0.0,0.17957498133182526,0.0,0.0,0.07847149670124054,0.0,0.009503282606601715,0.0,0.0,0.05958916246891022,0.0,0.0,0.0,0.0,0.0,0.0,0.024948112666606903,0.007264459040015936,0.02774650976061821,0.5939672589302063,0.0,0.00862085074186325,0.003450678661465645,0.0,0.0017429685685783625,0.15362030267715454,0.0,0.11340878158807755,0.38461846113204956,0.0,0.0,0.038906555622816086,0.0,0.0,0.0,0.0,0.4085974097251892,0.0,0.0,0.0,0.0,0.0,0.432907372713089,0.12802501022815704,0.015248311683535576,0.0,0.005520715843886137,0.07715370506048203,0.346920371055603,0.0,0.0,0.008301316760480404,0.0,0.0,0.0,0.0,0.0,0.013101241551339626,0.0,0.0,0.002285778522491455,0.0,0.3140435516834259,0.0,0.02289482206106186,0.04104611277580261,0.001349294208921492,0.0,0.28635337948799133,0.15500247478485107,0.0,0.15333664417266846,0.0031783198937773705,0.00013824403868056834,0.0,0.006008376367390156,0.056485213339328766,0.0,0.0,0.0282105952501297,0.0,0.02062477171421051,0.020594894886016846,0.019738666713237762,0.0,0.0028058886528015137,0.004361648578196764,0.1703689992427826,0.022143220528960228,0.010312050580978394,0.07473432272672653,0.0,0.0882486030459404,0.027659330517053604,0.09096287935972214,0.035463083535432816,0.0,0.0,0.005774862598627806,0.07004977017641068,0.0,0.0,0.04626469686627388,0.0,0.004528626333922148,0.0,0.0,0.0,0.0,0.002743049757555127,0.016111882403492928,0.0,0.0,0.0,0.10988476127386093,0.04611698538064957,0.059821754693984985,0.025464287027716637,0.013764194212853909,0.00429905578494072,0.0,0.0,0.2908438444137573,0.0,0.06702817976474762,0.050306402146816254,0.007363174110651016,0.0,0.40869587659835815,0.0,0.027986271306872368,0.0
0.0,0.021257007494568825,0.366039514541626,0.0,0.0,0.0,0.01689903251826763,0.013922694139182568,0.0,0.07791054993867874,0.00023730992688797414,0.0540577657520771,0.03396027535200119,0.25136134028434753,0.09632733464241028,0.17313285171985626,0.0040383352898061275,0.026539288461208344,0.0,0.3470187485218048,0.03106028586626053,0.0,0.06255659461021423,0.19989515841007233,0.055138640105724335,0.11623489111661911,0.0,0.0,0.0,0.0,0.42662227153778076,0.10509862005710602,0.0010513401357457042,0.0,0.19586876034736633,0.18095546960830688,0.0,0.04095710813999176,0.0,0.08290302008390427,0.3611101508140564,0.0,0.002659865655004978,0.11863212287425995,0.4702320992946625,0.005186003632843494,0.04213679954409599,0.0,0.18687868118286133,0.0,0.0,0.22653169929981232,0.005139827728271484,0.13314856588840485,0.04700576141476631,0.0,0.0,0.0,0.09395429491996765,0.004816949367523193,0.0005387318087741733,0.43014201521873474,0.08597451448440552,0.0,2.0834208044107072e-05,0.3308693766593933,0.11555197089910507,0.017451023682951927,0.00550458300858736,0.0,0.1893509030342102,0.03163553774356842,0.0,0.11202669888734818,0.01952543295919895,0.08919892460107803,0.4149438738822937,0.0003630535211414099,0.13473822176456451,0.3628135919570923,0.0,0.07208412140607834,0.0,0.10601213574409485,0.004085924476385117,0.32993996143341064,0.07461784034967422,0.0,0.0,0.010998960584402084,0.0156671404838562,0.01825908198952675,0.22196274995803833,0.45756131410598755,0.0012715124757960439,0.19618290662765503,0.045546963810920715,0.0017659711884334683,0.0,0.0,0.016490096226334572,0.03504974767565727,0.12741966545581818,0.015801964327692986,0.1085742861032486,0.00507900258526206,0.022238926962018013,0.0,0.0,0.017604496330022812,0.025192327797412872,0.002770752878859639,0.0,0.18557780981063843,0.006912148091942072,0.40698203444480896,0.0,0.09433765709400177,0.0,0.1579701006412506,0.01769367977976799,0.007980349473655224,0.3157763183116913,0.021803254261612892,0.000602895044721663,0.0,0.2461910992860794,0.02772461622953415,0.14647972583770752,0.006714098621159792,0.11556772142648697,0.0,0.05075429752469063,0.0042413161136209965,0.048201389610767365,0.07256150990724564,0.005728819407522678,0.0,0.015670046210289,0.0,0.1114116832613945,0.0522286556661129,0.0,0.028927583247423172,0.24455109238624573,0.0,0.015268347226083279,0.29923927783966064,0.015349571593105793,0.0628725066781044,0.050749875605106354,0.0,0.06366139650344849,0.06048189476132393,0.0,0.07406724989414215,0.014350180514156818,0.0432794913649559,0.1720772385597229,0.09016210585832596,0.004700988996773958,0.0048382338136434555,0.02240854687988758,0.38472771644592285,0.10084020346403122,0.0,0.2502337396144867,0.0,0.11970751732587814,0.3367590606212616,0.12841621041297913,0.039045706391334534,0.076658695936203,0.21842941641807556,0.043321799486875534,0.04410335421562195,0.5581763982772827,0.023226166144013405,0.0,0.32050150632858276,0.0,0.0,0.041761819273233414,0.020343942567706108,0.015774119645357132,0.3349394202232361,0.183083176612854,0.051300715655088425,0.06343492120504379,0.3596038818359375,0.03995080292224884,0.05043693631887436,0.008777742274105549,0.00532453041523695,0.015969235450029373,0.021609274670481682,0.013720069080591202,0.01292340736836195,0.28592896461486816,0.009273819625377655,0.1342511773109436,0.010423356667160988,0.0,0.16055059432983398,0.0,0.026523541659116745,0.02119453437626362,0.04271650314331055,0.05824923887848854,0.07783275842666626,0.14485891163349152,0.0,0.21168434619903564,0.0,0.020653529092669487,0.016722097992897034,0.05450090765953064,0.04940816015005112,0.0,0.010381750762462616,0.054655399173498154,0.016268668696284294,0.18352855741977692,0.14665453135967255,0.0039575169794261456,0.19771355390548706,0.008216452784836292,0.039273444563150406,0.09233393520116806,0.15053001046180725,0.18210256099700928,0.0,0.19490814208984375,0.07058950513601303,0.11282641440629959,0.2669452726840973,0.016381658613681793,0.08655494451522827,0.02420622669160366,0.000463318225229159,0.0,0.06757938116788864,0.08872566372156143,0.0,0.08248874545097351,0.05227459967136383,0.03934839367866516,0.045871440321207047,0.0,0.024945709854364395,0.0018098497530445457,0.0,0.0,0.01122210267931223,0.012327061034739017,0.07741430401802063,0.0,0.06652835756540298,0.049089834094047546,0.5017498731613159,0.0,0.007371405139565468,0.019507242366671562,0.0,0.12821689248085022,0.022916512563824654,0.08825301378965378,0.07941015064716339,0.010298412293195724,0.046091269701719284,0.07054267823696136,0.007323477417230606,0.0,0.136543869972229,0.02316683530807495,0.0,0.07177460938692093,0.017248883843421936,0.14203931391239166,0.17005012929439545,0.0025455213617533445,0.0,0.013846686109900475,0.1483529806137085,0.037546783685684204,0.6208568811416626,0.0,0.0,0.16310162842273712,0.06308552622795105,0.18123804032802582,0.13556736707687378,0.030532967299222946,0.0,0.056504033505916595,0.011324625462293625,0.17599079012870789,0.0,0.2944749593734741,0.0,0.02848975360393524,0.043569546192884445,0.15047773718833923,0.17851361632347107,0.1543501913547516,0.0,0.014723777770996094,0.023026570677757263,0.0,0.0,0.0,0.1453407257795334,0.02201746217906475,0.19385111331939697,0.04375679790973663,0.3104977309703827,0.03877529129385948,0.00100536341778934,0.189096599817276,0.030228033661842346,0.004167596809566021,0.027979034930467606,0.0,0.0,0.7540999054908752,0.0,0.0,0.015421133488416672,0.0,0.0,0.0014274311251938343,0.04914943873882294,0.0,0.0,0.03988040238618851,0.0,0.0,0.0,0.006307167001068592,0.06575945019721985,0.07730214297771454,0.0,0.0,0.0,0.0,0.0,0.0,0.00030192016856744885,0.0014357876498252153,0.0,0.14597873389720917,0.0025085830129683018,0.10371242463588715,0.021605143323540688,0.30040302872657776,0.0,0.0,0.0,0.06962486356496811,0.0007667219615541399,0.009776230901479721,0.0,0.0,0.0,0.0,0.001417758408933878,0.08447162806987762,0.04754660651087761,0.0,0.0,0.5242390632629395,0.0,0.0,0.05830584838986397,0.015933196991682053,0.0,0.0,0.0,0.008726108819246292,0.17416560649871826,0.09822603315114975,0.0,0.0,0.0,0.009421740658581257,0.0,0.0,0.06021376699209213,0.0,0.007242984138429165,0.25134599208831787,0.0,0.0,0.0,0.0,0.0,0.1683838814496994,0.0,0.12686654925346375,0.016364241018891335,0.004024847876280546,0.046501342207193375,0.0,0.0,0.003673893865197897,0.0,0.01930447854101658,0.0,0.0,0.05019902065396309,0.0,0.0,0.0,0.0,0.022732123732566833,0.0,0.0,0.0,0.0,0.0,0.07304049283266068,0.0,0.04177441447973251,0.0,0.022229041904211044,0.12922799587249756,0.02357557788491249,0.0077659692615270615,0.01104643102735281,0.14587321877479553,0.0,0.0004407727101352066,0.0,0.1251404732465744,0.0,0.0,0.0,0.005788106471300125,0.0,0.008088609203696251,0.0,0.0,0.0164149422198534,0.018713628873229027,0.0,0.0,0.12206908315420151,0.0,0.01951565593481064,0.04061145707964897,0.02350172959268093,0.0,0.0,0.028283730149269104,0.0,0.0014168996131047606,0.0,0.0,0.026107637211680412,0.0,4.441470082383603e-05,0.21712897717952728,0.0,0.0,0.07850144058465958,0.25254860520362854,0.044008538126945496,0.0,0.0,0.010703022591769695,0.0,0.0,0.02745085023343563,0.0,0.021322371438145638,0.0,0.0,0.05663619935512543,0.05299568176269531,0.0,0.0,0.006951932795345783,0.09923096001148224,0.0013128339778631926,0.06064527481794357,0.20089863240718842,0.010354089550673962,0.0,0.0,0.0,0.013258205726742744,0.0,0.0,0.0,0.0,0.0,0.0,0.018396669998764992,0.02974824234843254,0.0,0.0,0.0,0.01025724783539772,0.030654771253466606,0.02017689310014248,0.0,0.0,0.001994931139051914,0.1338624507188797,0.019543755799531937,0.028259173035621643,0.023720961064100266,0.0,0.01158029306679964,0.0,0.0003612375003285706,0.1823340654373169,0.04170740023255348,0.0,0.015087569132447243,0.0,0.0,0.4243434965610504,0.0,0.0,0.0,0.0,0.0,0.0,0.016876164823770523,0.03716294839978218,0.0,0.0,0.0,0.0,0.11388707160949707,0.0,0.0,0.0,0.026642177253961563,0.006337566766887903,0.05856276676058769,0.0,0.08557981252670288,0.0,0.0,0.05786196142435074,0.0,0.0,0.0,0.0,0.026185696944594383,0.019419513642787933,0.17872242629528046,0.0,0.0,0.0,0.0,0.03178491070866585,0.0,0.005785507149994373,0.10169482976198196,0.055200181901454926,0.0,0.18500036001205444,0.049162931740283966,0.0,0.0,0.04561392962932587,0.2898155152797699,0.0,0.034425292164087296,0.07168462872505188,0.0,0.012102043256163597,0.009249132126569748,0.0028908015228807926,0.0033317855559289455,0.0,0.012274508364498615,0.09666353464126587,0.0,0.06001995876431465,0.0,0.14372363686561584,0.08570970594882965,0.10156352072954178,0.02841494232416153,0.0,0.0,0.0,0.002938003046438098,0.008151726797223091,0.0,0.011475631967186928,0.2105226367712021,0.0,0.047985564917325974,0.0,0.0,0.0,0.0,0.0,0.023158442229032516,0.003934127278625965,0.0,0.0,0.47156307101249695,0.009422322735190392,0.039756327867507935,0.0,0.13776451349258423,0.0,0.0,0.010622020810842514,0.06362973898649216,0.011126863770186901,0.058827754110097885,0.0,0.0,0.0,0.0,0.0,0.0,0.011879208497703075,0.0061585609801113605,0.0,0.0010952859884127975,0.0,0.06366322189569473,0.027569320052862167,0.022063665091991425,0.0,0.0,0.0,0.0,0.0,0.0,0.0,0.0,0.0,0.0,0.14462150633335114,0.015842048451304436,0.0,0.0,0.0,0.0,0.06851336359977722,0.0,0.0,0.01256475318223238,0.0,0.0,0.013334238901734352,0.0,0.0,0.09197602421045303,0.003331826301291585,0.1513219028711319,0.011382658034563065,0.0,0.2248065173625946,0.007655100431293249,0.12474760413169861,0.0,0.0,0.14228281378746033,0.0018789737951010466,0.020125990733504295,0.05476292595267296,0.0,0.03638437017798424,0.004024568013846874,0.0,0.0,0.0,0.0,0.0,0.02203451469540596,0.0,0.06292902678251266,0.0,0.0,0.0,0.11440464109182358,0.005393530707806349,0.0,0.0,0.0,0.04207868501543999,0.08060970902442932,0.022439511492848396,0.005977836903184652,0.07484912872314453,0.09308633953332901,0.0,0.0,0.000989441992715001,0.04137010499835014,0.00045750915887765586,0.0,0.41047894954681396,0.05591095611453056,0.03519811853766441,0.0,0.03660981357097626,0.0,0.11788824200630188,0.0,0.0,0.0028423515614122152,0.006460921838879585,0.0114554762840271,0.20514370501041412,0.15984703600406647,0.03494590148329735,0.0,0.013100680895149708,0.0966746136546135,0.0,0.0,0.0,0.04099564254283905,0.0,0.06439495086669922,0.0,0.09615782648324966,0.0,0.2092268168926239,0.0,0.0,0.0032042814418673515,0.27594447135925293,0.0495646670460701,0.0,0.021346798166632652,0.570992112159729,0.0,0.012073696590960026,0.0,0.018390048295259476,0.0,0.0,0.0,0.016740424558520317,0.2523285150527954,0.0,0.1556345820426941,0.0,0.0,0.006476571783423424,0.003958323039114475,0.0,0.011857935227453709,0.004301305860280991,0.0,0.3030741810798645,0.09637024998664856,0.0,0.0,0.0006193685694597661,0.11394292861223221,0.011234529316425323,0.3917555510997772,0.0,0.0,0.0034619485959410667,0.04452630132436752,0.003968704491853714,0.10741247981786728,0.10892226547002792,0.09644556045532227,0.17831453680992126,0.013284094631671906,0.00024847983149811625,0.006229349412024021,0.027703668922185898,0.03316695615649223,0.0062362998723983765,0.0,0.0,0.19249334931373596,0.009089743718504906,0.041670750826597214,0.0,0.012487893924117088,0.09481405466794968,0.27606770396232605,0.01319433655589819,0.05554191768169403,0.047876134514808655,0.03189542144536972,7.20787065802142e-05,0.0,0.0,0.08569017052650452,0.0,0.006711194291710854,0.12689152359962463,0.04204358905553818,0.033584073185920715,0.0,0.01800508052110672,0.0,0.0,0.03375290334224701,0.10488507151603699,0.067525215446949,0.0044486732222139835,0.19438587129116058,0.0,0.0,0.0,0.009114662185311317,0.04583767428994179,0.19125054776668549,0.041860561817884445,0.12415988743305206,0.04877854511141777,0.0,0.0017788123805075884,0.0005317950272001326,0.0,0.0,0.0011356991017237306,0.005585608538240194,0.001291172462515533,0.0,0.047270145267248154,0.1732303947210312,0.0,0.0,0.018724417313933372,0.013864219188690186,0.0,0.1674845665693283,0.0,0.0029520108364522457,0.047888029366731644,0.03252819925546646,0.0,0.02764546126127243,0.012948363088071346,0.24179214239120483,0.0,0.0,0.5346596240997314,0.0,0.04186345264315605,0.0028720165137201548,0.0,0.0,0.0,0.048170700669288635,0.03889030963182449,0.0,0.1253480315208435,0.0,0.0,0.007290711626410484,0.0,0.0,0.011958027258515358,0.0,0.0405801422894001,0.00686855660751462,0.01036144234240055,0.002568442840129137,0.0,0.3973703384399414,0.0,0.0,0.0,0.0,0.0,0.0,0.6872926950454712,0.07169219851493835,0.008042423985898495,0.019181005656719208,0.07896608859300613,0.0,0.011940650641918182,0.0,0.17681092023849487,0.03526266664266586,0.10558026283979416,0.014945280738174915,0.014577219262719154,0.00967730674892664,0.01506974920630455,0.14330147206783295,0.0,0.009458974935114384,0.0,0.14378638565540314,0.04455801099538803,0.11370916664600372,0.008738118223845959,0.0807829275727272,0.04451403021812439,0.0,0.47261402010917664,0.0,0.0,0.0423751100897789,0.018544666469097137,0.09454567730426788,0.0,0.006915593054145575,0.004940977320075035,0.09100473672151566,0.1833299696445465,0.0,0.1525135487318039,0.020723795518279076,0.07270845770835876,0.0,0.02762744575738907,0.34337979555130005,0.03938832879066467,0.14207704365253448,0.0803021639585495,0.1554269939661026,0.07534511387348175,0.019617056474089622,0.10823678225278854,0.12616309523582458,0.018995104357600212,0.20275864005088806,0.0,0.0,0.37528666853904724,0.007232306059449911,0.0,0.02573801577091217,0.0,0.0,0.1144493967294693,0.0021881081629544497,0.012378382496535778,0.0022697984240949154,0.0,0.0010236790403723717,0.0,0.21318115293979645,0.07755859941244125,0.0,0.0,0.015875380486249924,0.0,0.0049864924512803555,0.1075311005115509,0.006870517507195473,0.0787956640124321,0.0,0.18859578669071198,0.0,0.013036816380918026,0.04690057411789894,0.0,0.02873404696583748,0.0,0.0529155358672142,0.19667088985443115,0.0,0.08963264524936676,0.04517173767089844,0.15933245420455933,0.0,0.11121721565723419,0.04866582900285721,0.01715456135571003,0.0,0.26156431436538696,0.0,0.0,0.005017802119255066,0.6069220900535583,0.1799771934747696,0.0,0.015885138884186745,0.3270135819911957,0.0072763883508741856,0.0073817516677081585,0.0,0.2741498053073883,0.0,0.05877360701560974,0.0,0.00187285419087857,0.0,0.0,0.07607731968164444,0.0,0.003574963891878724,0.16319996118545532,0.029067637398838997,0.0,0.002344647655263543,0.2643251121044159,0.0,0.0,0.013166256248950958,0.025533687323331833,0.04949849471449852,0.043405815958976746,0.013493502512574196,0.08965431153774261,0.0,0.007158105261623859,0.3110623359680176,0.0,0.0,0.0005728688556700945,0.07575802505016327,0.07892764359712601,0.0,0.09520769864320755,0.0,0.0,0.33689621090888977,0.004477177280932665,0.0,0.03163446858525276,0.0,0.0,0.011497973464429379,0.4425237774848938,0.0,0.0,0.23698848485946655,0.06167005002498627,0.018258769065141678,0.07057461142539978,0.0,0.07880055159330368,0.013757433742284775,0.0,0.0,0.0,0.058631010353565216,0.00895252451300621,0.0,0.0017690438544377685,0.07149256020784378,0.08016134053468704,0.007121352944523096,0.20826449990272522,0.0,0.017394544556736946,0.023247014731168747,0.0,0.16763561964035034,0.001567996689118445,0.0060766106471419334,0.10363367199897766,0.0,0.0,0.15609586238861084,0.04837065562605858,0.004098802804946899,0.022129211574792862,0.46657225489616394,0.07260917872190475,0.052918940782547,0.0,0.050812214612960815,0.19099462032318115,0.05490507930517197,0.06300356984138489,0.0,0.05763864517211914,0.0037097239401191473,0.0389496274292469,0.01762055605649948,0.07623425871133804,0.37332412600517273,0.0,0.4463908076286316,0.0,0.011162097565829754,0.018969278782606125,0.273546040058136,0.09721942245960236,0.1075042188167572,0.09669242054224014,0.0,0.013356954790651798,0.012602465227246284,0.006244318559765816,0.0,0.03523479774594307,0.02742229774594307,0.0,0.0,0.007225412875413895,0.0,0.13578294217586517,0.0,0.0,0.09557846188545227,0.018804583698511124,0.25330814719200134,0.0,0.0,0.008068298920989037,0.0,0.0,0.0,0.4570828378200531,0.0,0.0,0.0,0.0,0.1846081167459488,0.0,0.0,0.0,0.06283526867628098,0.014856056310236454,0.012558616697788239,0.2253117710351944,0.33607542514801025,0.0,0.0034638214856386185,0.0,0.019218774512410164,0.0,0.0,0.0,0.0,0.045036233961582184,0.007900276221334934,0.0,0.01259641908109188,0.0052672154270112514,0.00501392362639308,0.1677650511264801,0.2169058918952942,0.0,0.0,0.0,0.0,0.0,0.34194493293762207,0.0319209061563015,0.2968294322490692,0.0,0.052916206419467926,0.003590063191950321,0.006121554411947727,0.0013098519993945956,0.03076476790010929,0.0,0.04512695223093033,0.0,0.010241780430078506,0.01933700032532215,0.0,0.004522192291915417,0.0,0.07318488508462906,0.0,0.06288290023803711,0.014976178295910358,0.0,0.0,0.0,0.0,0.0,0.9298100471496582,0.1867987960577011,0.0,0.0,0.02042209543287754,0.00045998365385457873,0.005239750258624554,0.07025579363107681,0.09338048845529556,0.0,0.0,0.5887572765350342,0.0,0.0,0.0,0.014278732240200043,0.0,0.0,0.0,0.007731047924607992,0.0033673173747956753,0.0,0.0,0.5300220251083374,0.014514053240418434,0.0,0.07866531610488892,0.0,0.015925969928503036,0.002328555565327406,0.0,0.0,0.001958594424650073,0.00487883435562253,0.3517182171344757,0.024597404524683952,1.2341463565826416,0.0,0.004693108610808849,0.0026173472870141268,0.0,0.0,0.02470504678785801,2.287240982055664,0.01168142817914486,0.0,0.00017776311142370105,0.02416885457932949,0.020339464768767357,0.0,0.0,0.030160561203956604,0.0,0.0,0.5402568578720093,0.0,0.007625277154147625,0.02097974717617035,0.0,0.0,0.0,0.057287950068712234,0.17698664963245392,0.044465869665145874,0.0,0.14629186689853668,0.0,0.0,0.0,0.0,0.0,0.07660125941038132,0.000971837027464062,0.011919625103473663,0.0,0.0,0.1787371039390564,0.026008673012256622,0.01807595230638981,0.045813657343387604,0.4798363745212555,0.0,0.02900722436606884,0.1886219084262848,0.0036705778911709785,0.020458007231354713,0.0,0.004400335252285004,0.0,0.06545326113700867,0.0,0.0,0.0,0.0,0.0,0.013311880640685558,0.0,0.07967745512723923,0.02760738879442215,1.0266268253326416,0.0,0.035575494170188904,0.0017181480070576072,0.018422923982143402,0.04197381064295769,0.0,0.04520650953054428,0.0,0.0,0.5716127753257751,0.0,0.012373695150017738,0.0,0.0,0.0,0.0,0.041682589799165726,0.007910494692623615,0.0,0.006663045380264521,0.0,0.0,0.0,0.0003595161542762071,0.0,0.0,0.0,0.0,0.0,0.020624663680791855,0.21857114136219025,0.0,0.08370716869831085,0.0,0.0,0.0,0.004747377708554268,0.0,0.04727189615368843,0.0,0.0022614288609474897,0.018054818734526634,0.01127901952713728,0.0,0.0,0.02886752411723137,0.043672189116477966,0.0,0.0703929215669632,0.014135329984128475,0.0,0.014035370200872421,0.0,0.016178693622350693,0.0,0.019091010093688965,0.0,0.0,0.0,0.02433248981833458,0.0,0.0,0.0,0.04814909026026726,0.0,0.0,0.2622933089733124,0.08504707366228104,0.0,0.0,0.0,0.0019258427200838923,0.035793736577034,0.0,0.010756387375295162,0.0896831676363945,0.02617456018924713,0.0,0.012017459608614445,0.0,0.043114423751831055,0.0,0.0,0.0,0.0380382165312767,0.19373422861099243,0.034956976771354675,0.0,0.004985662642866373,0.24291735887527466,0.0015506958588957787,0.001996614970266819,0.0,0.26756733655929565,0.09304604679346085,0.045310381799936295,0.03283579275012016,0.0,0.0,1.054905891418457,0.46029412746429443,0.07941432297229767,0.0,0.0,0.0,0.0,0.0,0.018124358728528023,0.0,0.5748382806777954,0.0023920440580695868,0.12917615473270416,0.0,0.0,0.0,0.00046453476534225047,0.042483460158109665,0.0,0.0,0.03983253613114357,0.16274908185005188,0.0,0.023310229182243347,0.35227540135383606,0.011872890405356884,0.5171753764152527,0.04955299198627472,0.005013715475797653,0.3397655487060547,0.04050697013735771,0.062226735055446625,0.0,0.3217153251171112,0.027380909770727158,0.0,0.0,0.0,0.0,0.0,0.12854672968387604,0.0,0.0,0.413686603307724,0.01340764481574297,0.0,0.0,0.09719505906105042,0.014626910910010338,0.0,0.004854466300457716,0.0,0.0,0.10015565901994705,0.011417926289141178,0.0,0.0,0.044707030057907104,0.0,0.0,0.0,0.0,0.0,0.0,0.0,0.0,0.26559072732925415,0.007368536200374365,0.0,0.005838268902152777,0.0,0.11790057271718979,0.0,0.0,0.00023308396339416504,0.0,0.05058252438902855,0.0042346687987446785,0.001127350376918912,0.0,0.0,0.0,0.0,0.0,0.0,0.0,0.0,0.0,0.0,0.012969220988452435,0.0,0.0,0.0,0.04370845481753349,0.011230110190808773,0.017724841833114624,0.011872613802552223,0.06079054996371269,0.0,0.026177769526839256,0.0,0.12489500641822815,0.012170571833848953,0.05158902704715729,0.09163407236337662,0.09261011332273483,0.0,0.0,0.0,0.005300095304846764,0.0,0.20618698000907898,0.026068808510899544,0.03542361408472061,0.0,0.025185508653521538,0.052000828087329865,0.04650436341762543,0.0,0.013558299280703068,0.0,0.0,0.05819522961974144,0.10988544672727585,0.0,0.0178935918956995,0.0,0.02380024828016758,0.01976640522480011,0.05707594379782677,0.032282356172800064,0.0,0.0,0.14422518014907837,0.10630685836076736,0.008124418556690216,0.0,0.0,0.009879570454359055,0.0,0.5872818231582642,0.018421605229377747,0.015817951411008835,0.0,0.15214888751506805,0.1008036732673645,0.04988905414938927,0.0,0.06396469473838806,0.0,0.0,0.20996445417404175,0.24645406007766724,0.00477537140250206,0.08159385621547699,0.020845793187618256,0.7441989183425903,0.0,0.0,0.005325391422957182,0.003716268576681614,0.003983740229159594,0.00023847579723224044,0.0,0.0,0.06897412985563278,0.007329204585403204,0.22924110293388367,0.0,0.08085361123085022,0.0,0.0010650706244632602,0.00421234080567956,0.09793002903461456,0.30967333912849426,0.0,0.04372595623135567,0.129164919257164,0.0077516259625554085,0.04279966652393341,0.002422232646495104,0.0,0.0,0.07972061634063721,0.024475878104567528,0.0,0.0,0.016737474128603935,0.20062494277954102,0.015544623136520386,0.0,0.003974434919655323,0.03524215146899223,0.13479574024677277,0.006413815077394247,0.0021472072694450617,0.0,0.014399386942386627,0.0,0.0008747386746108532,0.01200136449187994,0.11082277446985245,0.0,0.06497574597597122,0.0035070395097136497,0.07386015355587006,0.6318145990371704,0.0560184009373188,0.06969700753688812,0.005674696061760187,0.05904886871576309,0.0056378100998699665,0.0,0.0,0.0,0.07269712537527084,0.020968923345208168,0.03934874385595322,0.0,0.03636535257101059,0.004520750138908625,0.3489823639392853,0.1129818931221962,0.0,0.04973446950316429,0.017404776066541672,0.1849338710308075,0.3228611648082733,0.0417679101228714,0.03366711735725403,0.6108027100563049,0.015225176699459553,0.75457364320755,0.07269933074712753,0.0,0.0,0.0,0.09712585806846619,0.0,0.10784350335597992,0.0,0.0,0.02622036635875702,0.0,0.03811423480510712,1.2458405494689941,0.16647721827030182,0.02071843110024929,0.0,0.08069562911987305,0.0,0.041079167276620865,0.03406761586666107,0.0027756141498684883,0.0,0.441015362739563,0.03227575868368149,0.02154521644115448,0.02337668091058731,0.0,0.0,0.0511147603392601,0.0,0.08720897883176804,0.0517410933971405,0.0,0.20050087571144104,0.0,0.04187781736254692,0.0,0.00042137145646847785,0.0,0.0,0.6856092810630798,0.41225188970565796,0.0,0.06753604859113693,0.20219041407108307,0.0332779660820961,0.16370268166065216,0.007948631420731544,0.025250375270843506,0.008096158504486084,0.0,0.0006773662753403187,0.0,0.017226567491889,0.0,0.07108598947525024,0.0,0.06427455693483353,0.10457827895879745,0.019574593752622604,0.0,0.051340267062187195,0.023017000406980515,0.029875144362449646,0.17421001195907593,0.006902947556227446,0.0,0.12894245982170105,0.0,0.006197661627084017,0.08169583976268768,0.0,0.0324256531894207,0.01384469773620367,0.0,0.0017100811237469316,0.4645024538040161,0.0,0.07797230035066605,0.0160211268812418,0.0,0.0,0.0,0.0025295328814536333,0.0,0.0,0.004112739581614733,0.023732982575893402,0.01984483003616333,0.0,0.01521569024771452,0.0,0.7534786462783813,0.13889342546463013,0.014104488305747509,0.23724710941314697,0.0649074837565422,0.0,0.006998200435191393,0.0,0.018097693100571632,0.0,0.006402866914868355,0.036176085472106934,0.0,0.0,0.0,0.001722280983813107,0.0,0.0016867268132045865,0.0,0.11342611908912659,0.043341539800167084,0.013488521799445152,0.024240747094154358,0.12883196771144867,0.07676927745342255,0.01646067202091217,0.1237415000796318,0.041690465062856674,0.0,0.05814062058925629,0.0,0.004677761811763048,0.020737299695611,0.025452688336372375,0.010937655344605446,0.0,0.06508807092905045,0.23414790630340576,0.0,0.0,0.0,0.044802192598581314,0.0,0.0,0.032410893589258194,0.00807209126651287,0.0,0.06090594828128815,0.010894488543272018,0.00920780561864376,0.013950278982520103,0.0,0.0,0.0009572053095325828,0.002522601978853345,0.004905345384031534,0.23724210262298584,0.010554097592830658,0.4631912112236023,0.02265038527548313,0.0185982845723629,0.20925462245941162,0.0,0.008660509251058102,0.0,0.0,0.002830532845109701,0.005024471320211887,0.11894448101520538,0.3990958034992218,0.0,0.01457403227686882,0.0,0.0,0.014164240099489689,0.0,0.005364308133721352,0.0,0.0,0.4331812262535095,0.0,0.005396092310547829,0.0,0.0,0.19504079222679138,0.012312089093029499,0.0,0.0,0.0,0.21319520473480225,0.01037211436778307,0.046830080449581146,0.0010770582593977451,0.0,0.009410757571458817,0.03812994435429573,0.0,0.0,0.0812208354473114,0.02203301340341568,0.030116969719529152,0.005116273183375597,0.0,0.0,0.03917083516716957,0.0,0.02720046229660511,0.0,0.0,0.00918260682374239,0.04555845260620117,0.086774080991745,0.0,0.03401532769203186,0.06788968294858932,0.04756048694252968,0.0,0.053595613688230515,0.5671623349189758,0.0037532448768615723,0.2621172070503235,0.033374179154634476,0.16195990145206451,0.011163563467562199,0.36897605657577515,0.0,0.009222438558936119,0.0,0.04667679965496063,0.0007093739695847034,0.013006100431084633,0.0,0.01917567290365696,0.0,0.0413321778178215,0.01735605299472809,0.01764422468841076,0.002133020432665944,0.39868026971817017,0.023486392572522163,0.07371450215578079,0.0,0.0,0.061598047614097595,0.0,0.06459765136241913,0.012661688029766083,0.0,0.002533099614083767,0.02105649746954441,0.0,0.0014793670270591974,0.06512574106454849,0.0059183621779084206,0.0090198228135705,0.0036911130882799625,0.031738534569740295,0.013939674012362957,0.041273973882198334,0.0,0.0,0.0,0.07094539701938629,0.07034924626350403,0.781888484954834,0.0,0.0,0.0,0.0,0.0,0.10687180608510971,0.0,0.0,0.0,0.0,0.0,0.01457936316728592,0.13456885516643524,0.0,0.011028381995856762,0.20912910997867584,0.033724233508110046,0.23697486519813538,0.02132504992187023,0.15144558250904083,0.0,0.17667919397354126,0.0,0.0,0.0049445293843746185,0.004574017599225044,0.016583476215600967,0.0,0.35503315925598145,0.0,0.0,0.10665982961654663,0.0,0.004287864547222853,0.0,0.0,0.005849650129675865,0.0,0.004861443769186735,0.05679068714380264,0.015574000775814056,0.0,0.0,0.00767942052334547,0.017302727326750755,0.0,0.0020831869915127754,0.10053328424692154,0.023941369727253914,0.09833887219429016,0.08085053414106369,0.0,0.029750851914286613,0.0,0.00044855117448605597,0.0,0.16233448684215546,0.0,0.0,0.06485632807016373,0.0024874580558389425,0.013670266605913639,0.0,0.0,0.03710341453552246,0.0,0.0,0.0,0.0,0.0,0.0,0.009617852978408337,0.0015619290061295033,0.013830006122589111,0.6064591407775879,0.0,0.007815432734787464,0.0045699262991547585,0.0,0.0,0.20398087799549103,0.0,0.10452199727296829,0.38077518343925476,0.0,0.0,0.026385828852653503,0.0,0.0,0.0,0.0,0.42529618740081787,0.0,0.0,0.0,0.0,0.0,0.4547039270401001,0.1349533051252365,0.009433809667825699,0.0,0.006522550713270903,0.08445945382118225,0.33996331691741943,0.0,0.0,0.0655456930398941,0.0,0.0,0.0,0.0,0.0,0.00700884684920311,0.0,0.0,0.0,0.0,0.34340357780456543,0.0,0.02501702308654785,0.048724569380283356,0.015904242172837257,0.0,0.32564595341682434,0.13871045410633087,0.0,0.17507585883140564,0.0036480212584137917,0.0,0.0,0.005167629569768906,0.05274767056107521,0.0,0.0,0.032427478581666946,0.0,0.033927738666534424,0.019724098965525627,0.03563925623893738,0.0,0.0028629684820771217,0.007111766375601292,0.16446228325366974,0.025004282593727112,0.01849060133099556,0.04271987825632095,0.0,0.12904857099056244,0.013641119003295898,0.06483863294124603,0.036473531275987625,0.0,0.0,0.005435068625956774,0.06840524822473526,0.0013080977369099855,0.0,0.026908788830041885,0.0,0.025410348549485207,0.0,0.0,0.0,0.0,0.0023512982297688723,0.021535005420446396,0.0018883090233430266,0.0,0.0,0.12730447947978973,0.03148495778441429,0.054051898419857025,0.01250123418867588,0.014674613252282143,0.003557745134457946,0.0,0.0,0.3294752538204193,0.0,0.07753677666187286,0.05431131273508072,0.012897218577563763,0.000293797260383144,0.38122832775115967,0.0019423938356339931,0.008668338879942894,0.0
0.0,0.009684883058071136,0.3462998867034912,0.0024540710728615522,0.0,0.0,0.01858191005885601,0.016032783314585686,0.0,0.09219053387641907,0.0,0.05723272264003754,0.026402397081255913,0.26833614706993103,0.12068331986665726,0.18142426013946533,0.0017618680140003562,0.01787344180047512,0.0,0.24824637174606323,0.04564933851361275,0.0,0.024622643366456032,0.1655019372701645,0.06313422322273254,0.13631032407283783,0.0,0.0,0.0,0.001276233233511448,0.4331388473510742,0.07382998615503311,0.0028065370861440897,0.0,0.19437721371650696,0.22447505593299866,0.0,0.024661369621753693,0.0,0.0975487008690834,0.27869561314582825,0.0,0.000277800572803244,0.09624113142490387,0.49606388807296753,0.011716369539499283,0.046433888375759125,0.0,0.2202043980360031,0.0,0.0,0.19446133077144623,0.0006006121402606368,0.16410629451274872,0.02931004948914051,0.0,0.0,0.0,0.09036989510059357,0.01668763905763626,0.01118806004524231,0.42575132846832275,0.07627465575933456,0.0,0.003089711768552661,0.30582138895988464,0.15390466153621674,0.017413368448615074,0.01752568781375885,0.0017015242483466864,0.2798060476779938,0.0,0.017299961298704147,0.13735422492027283,0.0,0.08229340612888336,0.3740610182285309,0.0018460091669112444,0.17646701633930206,0.4117588400840759,0.0,0.06390977650880814,0.0,0.08690780401229858,0.010390975512564182,0.3145866096019745,0.047308359295129776,0.0,0.0,0.024342359974980354,0.019944941624999046,0.004854779224842787,0.2115163803100586,0.4951258897781372,0.0,0.12767775356769562,0.0423344224691391,0.0,0.0,0.0,0.0268064197152853,0.034267354756593704,0.14943233132362366,0.015207691118121147,0.09897103905677795,0.009280362166464329,0.02148148976266384,0.0,6.174087320687249e-05,0.0005818844074383378,0.01985541731119156,0.03250855952501297,0.0,0.12394595891237259,0.004037044011056423,0.41092827916145325,0.0,0.07994842529296875,0.0,0.17396776378154755,0.014428669586777687,0.003094134386628866,0.33872631192207336,0.0681229755282402,0.002646180335432291,0.008122522383928299,0.19922128319740295,0.023860659450292587,0.11918524652719498,0.0,0.1011863425374031,0.0,0.039594825357198715,0.003592700930312276,0.08362776786088943,0.07046189159154892,0.0076514361426234245,0.0,0.0009309292072430253,0.0,0.09290412068367004,0.047660816460847855,0.0,0.0380757674574852,0.18277929723262787,0.0,0.00930003635585308,0.2651033103466034,0.03871477395296097,0.07548511028289795,0.05788084864616394,0.0,0.06701560318470001,0.06701289117336273,0.0,0.0239652618765831,0.00878939125686884,0.026062827557325363,0.17188823223114014,0.0914623960852623,0.004101373255252838,0.011696785688400269,0.022545071318745613,0.43026816844940186,0.06149032711982727,0.0,0.22238315641880035,0.005947630386799574,0.12227483093738556,0.3642883002758026,0.14883214235305786,0.03716111183166504,0.058895424008369446,0.21600505709648132,0.05070757865905762,0.049494773149490356,0.5686781406402588,0.004265740979462862,0.0,0.3167058229446411,0.0,0.008551797829568386,0.037061914801597595,0.04463759437203407,0.013432140462100506,0.3299156427383423,0.17377930879592896,0.040144313126802444,0.07674173265695572,0.2583140432834625,0.054486121982336044,0.06789781898260117,0.0,0.0,0.02002965658903122,0.012402169406414032,0.021621985360980034,0.01403169147670269,0.3004872798919678,0.0044855643063783646,0.1224876344203949,0.021480636671185493,0.0,0.1636437177658081,0.004986088257282972,0.0168637465685606,0.0466795451939106,0.036872971802949905,0.05739932134747505,0.13055400550365448,0.15984950959682465,0.0,0.24621349573135376,0.0,0.026060113683342934,0.010657324455678463,0.021780531853437424,0.04277566820383072,0.0,0.020037513226270676,0.0661851242184639,0.027799298986792564,0.1785353422164917,0.15674962103366852,0.0,0.197514608502388,0.009964403696358204,0.0,0.11068263649940491,0.13927002251148224,0.10986167937517166,0.003977449145168066,0.1992357224225998,0.08025394380092621,0.15890222787857056,0.249043270945549,0.02745756134390831,0.0783667340874672,0.0443233959376812,0.007722834125161171,0.0,0.04899707809090614,0.03582269325852394,0.0,0.07335161417722702,0.04880443215370178,0.012455616146326065,0.0494997464120388,0.0010067581897601485,0.016472481191158295,0.01798517256975174,0.00553174689412117,0.00975741632282734,0.005114531610161066,0.0,0.0734119787812233,0.0,0.058159664273262024,0.06642266362905502,0.4010511338710785,0.0,0.014591417275369167,0.030324315652251244,0.0,0.1394375115633011,0.030967898666858673,0.09142535924911499,0.04828926548361778,0.001755514182150364,0.008704190142452717,0.0952279344201088,0.0075841424986720085,0.0012156248558312654,0.12477581202983856,0.040408872067928314,0.0,0.06407705694437027,0.018098097294569016,0.15349817276000977,0.1959998458623886,0.01013199333101511,0.0,0.020518416538834572,0.16355891525745392,0.013844220899045467,0.5852087736129761,0.0,0.0,0.18375827372074127,0.050149690359830856,0.1639501452445984,0.08411428332328796,0.05282340198755264,0.0,0.0446556992828846,0.01506760809570551,0.17819249629974365,0.0,0.28817668557167053,0.0,0.021538101136684418,0.029899952933192253,0.19133765995502472,0.11803687363862991,0.1414603739976883,0.003157737199217081,0.009629474021494389,0.023832526057958603,0.0,0.0,0.001433169818483293,0.12808702886104584,0.02321111597120762,0.18328136205673218,0.05464836582541466,0.34930920600891113,0.03797990828752518,0.013268198817968369,0.18181480467319489,0.03579474985599518,0.0,0.03622398525476456,0.0,0.0,0.6765010356903076,0.0,0.0,0.01922537386417389,0.0,0.0,0.0,0.041724905371665955,0.0,0.0,0.0,0.0,0.0,0.0,0.0094054089859128,0.09344356507062912,0.09083312749862671,0.002234235405921936,0.0,0.0,0.0,0.0,0.0,0.00012922167661599815,0.0048919725231826305,0.0,0.14841026067733765,0.0,0.09609654545783997,0.056656479835510254,0.36093926429748535,0.0,0.0,0.0,0.0857531726360321,0.006849786266684532,0.010893961414694786,0.0035125839058309793,0.0,0.0,0.0,0.0,0.09747717529535294,0.053772348910570145,0.0012772387126460671,0.0,0.5489042401313782,0.0,0.0,0.02560972049832344,0.015743475407361984,0.0003292955516371876,0.0005504751461558044,0.0,0.0014833903405815363,0.13861358165740967,0.09081560373306274,0.0,0.0,0.0,0.013490770012140274,0.0,0.0,0.07139556854963303,0.0,0.003512978320941329,0.22550025582313538,0.0,0.0,0.0,0.0,0.0,0.13318318128585815,0.0,0.088608019053936,0.021533312276005745,0.005605833604931831,0.006859401240944862,0.0,0.0,0.007130754180252552,0.0,0.013538233004510403,0.0,0.0,0.03015333227813244,0.0,0.0,0.0,0.0,0.012489473447203636,0.0,0.0,0.0,0.0,0.0,0.019014321267604828,0.0,0.06555261462926865,0.0,0.021554255858063698,0.1872415691614151,0.0013996505877003074,0.006542224436998367,0.002591653959825635,0.12212590128183365,0.0,0.005751077085733414,0.0,0.10052616894245148,0.0,0.0,0.005388772580772638,0.008993420749902725,0.01601976342499256,0.0,0.0,0.0,0.0047326828353106976,0.02005724422633648,0.0,0.0,0.09080090373754501,0.0,0.004621539264917374,0.017088977620005608,0.008204028941690922,0.0,0.0,0.040253039449453354,0.0,0.007373487576842308,0.0,0.0,0.033763278275728226,0.0,0.0016713929362595081,0.19980484247207642,0.0,0.0,0.05524064972996712,0.2761760950088501,0.03136000782251358,0.0,0.001328787300735712,0.014101879671216011,0.0,0.0,0.016597477719187737,0.0,0.016937067732214928,0.0,0.0,0.037525683641433716,0.04829970374703407,0.0,0.0,0.0,0.14973682165145874,0.00873966421931982,0.0573689267039299,0.21505941450595856,0.009385359473526478,0.0,0.0,0.0,0.01157393679022789,0.0,0.0,0.0,0.0,0.0,0.0,0.015898700803518295,0.04432801902294159,0.0,0.0,0.0,0.021625781431794167,0.03645991161465645,0.03215590864419937,0.0,0.0,0.0,0.15988683700561523,0.01673990674316883,0.02935851737856865,0.014956245198845863,0.0,0.0,0.0,0.005931948311626911,0.16336959600448608,0.037277866154909134,0.0,0.006350365933030844,0.0,0.0,0.46021419763565063,0.0,0.0002722475037444383,0.0,0.0,0.0,0.0,0.02251286990940571,0.03928217664361,0.0,0.01294257864356041,0.0,0.0,0.1358528882265091,0.0,0.0,0.0,0.03972752392292023,0.0029623638838529587,0.06430692225694656,0.0,0.09743711352348328,0.0,0.0,0.009812362492084503,0.0,0.00931724812835455,0.0,0.0,0.03969288989901543,0.0,0.21904762089252472,0.0009146177908405662,0.0025589512661099434,0.0,0.0,0.03803325071930885,0.0,0.0005152261001057923,0.12067469954490662,0.07655523717403412,0.0,0.19042035937309265,0.05724269896745682,0.0,0.0,0.06452363729476929,0.276317834854126,0.0,0.039610542356967926,0.0561833381652832,0.0,0.0,0.001790506299585104,0.015930354595184326,0.0028256806544959545,0.0,0.031247572973370552,0.12463092803955078,0.0,0.08497848361730576,0.0,0.16545194387435913,0.04201732575893402,0.07973697781562805,0.020840898156166077,0.0,0.0,0.0,0.0,0.004632942844182253,0.0,0.0033202003687620163,0.16078494489192963,0.009598324075341225,0.017654670402407646,0.0,0.0,0.0,0.0,0.0,0.014320218935608864,0.0,0.004193868488073349,0.0,0.4358825385570526,0.010320406407117844,0.040534697473049164,0.0,0.11665813624858856,0.0,0.0,0.008802608586847782,0.02103566564619541,0.021851830184459686,0.04091259837150574,0.0,0.0011142087168991566,0.002449684077873826,0.0037128645926713943,0.0,0.0007493472076021135,0.005090983584523201,0.002141872886568308,0.0,0.00798336137086153,0.0,0.03609601408243179,0.03413359820842743,0.004116378258913755,0.0,0.0,0.0,0.0,0.0,0.00018226861720904708,0.0,0.0,0.0,0.0,0.12794186174869537,0.026656193658709526,0.0,0.0,0.0,0.0,0.058125294744968414,0.0,0.0,0.018972139805555344,0.0,0.0,0.011489501222968102,0.0,0.0,0.09205684065818787,0.009085878729820251,0.1154145821928978,0.035473939031362534,0.0,0.240269735455513,0.009294244460761547,0.07792723923921585,0.0027546645142138004,0.0,0.14724716544151306,0.0,0.04318695142865181,0.07858343422412872,0.0,0.03775538504123688,0.0,0.0,0.0,0.0,0.0,0.0,0.00046825394383631647,0.0,0.06463631987571716,0.0,0.0,0.0,0.0554627999663353,0.015784891322255135,0.0,0.0,0.0,0.0020601642318069935,0.1057872325181961,0.01343148946762085,0.013699877075850964,0.06289894878864288,0.021140048280358315,0.0,0.0,0.002578729996457696,0.03412716090679169,0.0,0.0,0.36610865592956543,0.07585857808589935,0.010152223519980907,0.0,0.02231544442474842,0.0,0.15355750918388367,0.004078056663274765,0.0,0.0,0.0,0.009382507763803005,0.1813555210828781,0.12789209187030792,0.03834567219018936,0.0,0.01964406669139862,0.06243328005075455,0.0,0.0,0.0,0.05232128128409386,0.003483834210783243,0.03837161138653755,0.0,0.06578052788972855,0.0,0.2535843551158905,0.0,0.0,0.0,0.2551407516002655,0.044280849397182465,0.0,0.0218181274831295,0.5584859251976013,0.0,0.02259318344295025,0.0,0.016311312094330788,0.0,0.0,0.0,0.03830583021044731,0.25493156909942627,0.0,0.09694483876228333,0.0002288743417011574,0.0,0.008793899789452553,0.006008884869515896,0.0,0.0017948555760085583,0.0150151327252388,0.0,0.2163948267698288,0.10409318655729294,0.0,0.0,0.002308530267328024,0.08190856873989105,0.0030233473517000675,0.3416481018066406,0.0,0.0,0.0,0.08400245755910873,0.0,0.10637369751930237,0.05629110336303711,0.06140300631523132,0.10070697963237762,0.011903209611773491,0.024241548031568527,0.0071465009823441505,0.037312354892492294,0.028131794184446335,0.021128954365849495,0.0,0.0,0.18848617374897003,0.0,0.045894622802734375,0.0,0.010700403712689877,0.12838944792747498,0.2887659966945648,0.0,0.023382626473903656,0.05592349171638489,0.06040163338184357,0.003763222601264715,0.0,0.0,0.06535573303699493,0.0,0.0,0.12698930501937866,0.04673679172992706,0.016672544181346893,0.0,0.031117083504796028,0.0,0.0,0.03780476376414299,0.10040488839149475,0.0816398411989212,0.0,0.17365610599517822,0.0,0.0,0.0,0.004396107979118824,0.06480635702610016,0.22988688945770264,0.036677729338407516,0.10409260541200638,0.05340005084872246,0.0,0.0,0.0,0.0,0.0,0.004787274170666933,0.0192483589053154,0.0,0.0,0.02001519687473774,0.13963468372821808,0.0,0.0022258746903389692,0.03613114729523659,0.011646367609500885,0.0,0.2056121826171875,0.0,0.013028690591454506,0.041315969079732895,0.038354065269231796,0.0,0.040324658155441284,0.0010396754369139671,0.22753113508224487,0.0,0.011594319716095924,0.5770543813705444,0.0,0.05700380727648735,0.007823308929800987,0.0,0.0,0.0,0.004520107060670853,0.02690880373120308,0.0,0.1178220584988594,0.0,0.0,0.0,0.0,0.010734325274825096,0.008169448003172874,0.0,0.01902070827782154,0.0,0.0067035662941634655,0.0007969760918058455,0.0,0.3333488404750824,0.0,0.0,0.0,0.0,0.0,0.0,0.6121376156806946,0.07311499863862991,0.04104491323232651,0.03170610964298248,0.0812131017446518,0.0,0.022690486162900925,0.0,0.18779511749744415,0.02738896571099758,0.07289896160364151,0.010812942869961262,0.016687769442796707,0.007267958950251341,0.006852458696812391,0.14320410788059235,0.0,0.0,0.0,0.08632274717092514,0.07666540890932083,0.11274902522563934,0.011841362342238426,0.10218039155006409,0.05338699743151665,0.0,0.452382355928421,0.0,0.0,0.08437500894069672,0.03290935605764389,0.043986428529024124,0.0,0.0045766448602080345,0.0,0.05783708393573761,0.11667357385158539,0.0,0.18399912118911743,0.008684657514095306,0.06227927654981613,0.0,0.028493428602814674,0.4370938241481781,0.017474107444286346,0.12724623084068298,0.08429217338562012,0.1416883021593094,0.04417482390999794,0.019879356026649475,0.096875861287117,0.10868310183286667,0.01964426413178444,0.21253910660743713,0.0012983581982553005,0.0,0.38064754009246826,0.002821155823767185,0.0,0.02269764617085457,0.0,0.0,0.10972608625888824,0.0,0.0073693678714334965,0.0056803906336426735,0.0,0.0012130981776863337,0.0,0.2227245718240738,0.055535078048706055,0.0,0.0,0.005766353569924831,0.0,0.003075406653806567,0.12454275041818619,0.0015162026975303888,0.058422792702913284,0.0,0.1259123980998993,0.00897161290049553,0.002584518864750862,0.06431525200605392,0.0,0.03936682268977165,0.0,0.027980566024780273,0.14455613493919373,0.0,0.03541204333305359,0.03845399245619774,0.12629705667495728,0.0010384500492364168,0.07201362401247025,0.0478622168302536,0.0,0.0,0.13914377987384796,0.0,0.0,0.006561679299920797,0.501554012298584,0.237691268324852,0.0,0.01113839726895094,0.35412314534187317,0.0063661267049610615,0.0019598579965531826,0.0,0.18973657488822937,0.0,0.029671669006347656,0.0,0.0,0.0,0.0,0.09896616637706757,0.012177815660834312,0.0,0.19927340745925903,0.008909807540476322,0.0,0.0,0.2295457124710083,0.0,0.006771249696612358,0.028487596660852432,0.024367742240428925,0.0539654977619648,0.018026307225227356,0.005770137533545494,0.04788640886545181,0.0,0.0,0.28774839639663696,0.0,0.0,0.06453170627355576,0.07664963603019714,0.08067227154970169,0.0,0.11725954711437225,0.0,0.0,0.32064688205718994,0.01601482927799225,0.0,0.02676030807197094,0.0,0.0,0.028325557708740234,0.43190357089042664,0.0026045716367661953,0.0016959297936409712,0.24041025340557098,0.06192660331726074,0.023434588685631752,0.07996954768896103,0.0,0.049781445413827896,0.03522777929902077,0.0011475550709292293,0.0,0.0016943610971793532,0.07531654834747314,0.011060178279876709,0.0,0.007414400577545166,0.08664824813604355,0.08786633610725403,0.02224665693938732,0.19624067842960358,0.0,0.02985297702252865,0.01096311118453741,0.0,0.17517003417015076,0.004523816052824259,0.016758786514401436,0.08407245576381683,0.0,0.0,0.19245557487010956,0.08354697376489639,0.0,0.0089572723954916,0.4016771614551544,0.08928817510604858,0.04760483652353287,0.0,0.0715625211596489,0.19480396807193756,0.04643671214580536,0.08279954642057419,0.0,0.1012163907289505,0.021142931655049324,0.054740291088819504,0.042283013463020325,0.08967254310846329,0.37879478931427,0.0,0.38871896266937256,0.0,0.005801762919872999,0.0202165674418211,0.318226158618927,0.11214684695005417,0.12831419706344604,0.11351186782121658,0.0,0.019300684332847595,0.004322113003581762,0.020975980907678604,0.0,0.03716253489255905,0.026135912165045738,0.0,0.0,0.0,0.0,0.11229873448610306,0.0,0.0,0.0910864844918251,0.010698175057768822,0.23148883879184723,0.0,0.0,0.0,0.0,0.0,0.0,0.45408666133880615,0.0,0.0,0.0,0.0,0.1909719705581665,0.0,0.0,0.0,0.04623137414455414,0.007124268915504217,0.03335820883512497,0.24286909401416779,0.2243330031633377,0.0,0.011506322771310806,0.0022794967517256737,0.04026249051094055,0.0,0.0,0.0,0.0,0.04474776238203049,0.0036594844423234463,0.0,0.008885455317795277,0.006822681520134211,0.008686160668730736,0.16882219910621643,0.19090259075164795,0.0,0.0,0.0,0.0033090198412537575,0.0,0.4006376564502716,0.032401252537965775,0.30210697650909424,0.0,0.0567014105618,0.007790818344801664,0.009460857138037682,0.0,0.03518496826291084,0.0,0.026277048513293266,0.0,0.01160147413611412,0.002586658578366041,0.0,0.015039142221212387,0.0,0.0398271381855011,0.0,0.03517620265483856,0.012703802436590195,0.0,0.0,0.0,0.0,0.0,0.7534250617027283,0.25426724553108215,0.0,0.0,0.030144983902573586,0.005787122994661331,0.024020057171583176,0.05016281083226204,0.08196476101875305,0.0,0.0,0.6211237907409668,0.0,0.0,0.0,0.0075815534219145775,0.0,0.0,0.0,0.0003336954105179757,0.004545541014522314,0.0,0.0,0.3768175542354584,0.013105145655572414,0.0,0.10661016404628754,0.0,0.0,0.0,0.0,0.0,0.0,0.011470495723187923,0.34556910395622253,0.02832898125052452,1.061853289604187,0.0,0.0,0.0076841069385409355,0.0,0.0,0.028629284352064133,2.3077564239501953,0.022834545001387596,0.0,0.0,0.03713523969054222,0.0,0.0,0.0,0.02323555387556553,0.002448491984978318,0.0,0.5336031913757324,0.0,0.023961324244737625,0.02013331837952137,0.0,0.0,0.0,0.0847790464758873,0.21196690201759338,0.054797105491161346,0.0,0.13630367815494537,0.0,0.0,0.0,0.0,0.0,0.06077621132135391,0.012192620895802975,0.01837383583188057,0.0,0.0,0.21151944994926453,0.009773713536560535,0.0,0.053793974220752716,0.5670740008354187,0.0,0.023509226739406586,0.16654881834983826,0.0,0.017060723155736923,0.0,0.006299037951976061,0.0,0.028407609090209007,0.0,0.0,0.0,0.0,0.0,0.014978324994444847,0.0,0.10245656222105026,0.030420666560530663,0.8418946862220764,0.0,0.04820729419589043,0.005311744753271341,0.004872362595051527,0.05736410990357399,0.0,0.0367581807076931,0.0,0.0,0.6118767261505127,0.0,0.009573101066052914,0.0,0.0,0.0,0.0,0.03809726610779762,0.007993693463504314,0.0,0.011061985045671463,0.0,0.0,0.0,0.0,0.0,0.0,0.0,0.0,0.0,0.002902262145653367,0.2200411558151245,0.0,0.07696433365345001,0.0,0.0,0.0,0.008073035627603531,0.0,0.049988966435194016,0.0,0.0066175032407045364,0.06778840720653534,0.013727253302931786,0.030901331454515457,0.0,0.028187621384859085,0.15593864023685455,0.0,0.019946053624153137,0.012296930886805058,0.0,0.03531975299119949,0.0,0.017913298681378365,0.0,0.01654796302318573,0.0,0.0,0.0,0.037430182099342346,0.0,0.0,0.0011695707216858864,0.06482727080583572,0.001346409902907908,0.0,0.31301289796829224,0.09268409013748169,0.0,0.011337325908243656,0.004556017927825451,0.0015267574926838279,0.0,0.0,0.012952740304172039,0.07276258617639542,0.039358723908662796,0.0,0.028214070945978165,0.0,0.0396055206656456,0.0014515102375298738,0.0,0.002013919409364462,0.07739172875881195,0.18868057429790497,0.030526041984558105,0.0,0.00794508308172226,0.10550074279308319,0.003998447675257921,0.0,0.0,0.27530497312545776,0.09117124229669571,0.06385979801416397,0.029871849343180656,0.0021175409201532602,0.0,1.019160270690918,0.43470945954322815,0.10258603096008301,0.0,0.0,0.0,0.0,0.0,0.029446125030517578,0.004425660241395235,0.4988568425178528,0.006320309825241566,0.11504969745874405,0.0,0.0,0.0,0.006513216532766819,0.04762987047433853,0.0,0.0,0.04101591929793358,0.17965330183506012,0.0,0.0007156002684496343,0.26557081937789917,0.009139285422861576,0.46647247672080994,0.062997967004776,0.02058909833431244,0.21159681677818298,0.016821108758449554,0.024560442194342613,0.0,0.37791648507118225,0.018569692969322205,0.0,0.0,0.0,0.0,0.0,0.12873099744319916,0.0,0.0,0.3862929940223694,0.03409817814826965,0.0,0.0,0.06028420478105545,0.0030121731106191874,0.001716436119750142,0.0,0.0,0.0,0.1264069676399231,0.0029441691003739834,0.0,0.0,0.0487210638821125,0.0,0.0,0.003517632372677326,0.0,0.0,0.0,0.0,0.0,0.14239506423473358,0.0057199858129024506,0.0,0.02112140879034996,0.0,0.1872759312391281,0.0,0.0,0.0025857740547508,0.0,0.06882812827825546,0.04046810045838356,0.0,0.0,0.0,0.0,0.0,0.0,0.0,0.006086962763220072,0.0,0.0,0.0,0.00917553436011076,0.0,0.0,0.0,0.02835020050406456,0.011492178775370121,0.02593398094177246,0.0022257757373154163,0.04022528976202011,0.0,0.03128090873360634,0.0,0.15777765214443207,0.008496096357703209,0.039585910737514496,0.0936780720949173,0.11919517815113068,0.0,0.0,0.0,0.01082832831889391,0.007400098256766796,0.20195721089839935,0.03272303566336632,0.02206714078783989,0.0,0.04039832204580307,0.04841931164264679,0.027607278898358345,0.0,0.037287697196006775,0.0,0.0,0.06544087082147598,0.11308436095714569,0.003380329580977559,0.012545640580356121,0.0,0.012763015925884247,0.02294522523880005,0.05943649262189865,0.01854773610830307,0.0,0.0,0.1275150626897812,0.13655458390712738,0.02729717083275318,0.0,0.0,0.009384870529174805,0.0,0.5850664973258972,0.017998650670051575,0.01750064454972744,0.0,0.15273432433605194,0.09609562158584595,0.08234040439128876,0.0,0.09631120413541794,0.0,0.0,0.20262454450130463,0.13228364288806915,0.0,0.08110097050666809,0.0038021039217710495,0.790683388710022,0.0,0.005986277479678392,0.014015245251357555,0.0034336375538259745,0.0,0.0066966949962079525,0.0,0.005571179557591677,0.06188637390732765,0.0020781350322067738,0.160029798746109,0.0,0.11456459015607834,0.0,0.00025398971047252417,0.004874446429312229,0.11102021485567093,0.13094280660152435,0.0,0.02961057610809803,0.15901142358779907,0.0007351678796112537,0.029187975451350212,0.0019323277520015836,0.0,0.0,0.09566900134086609,0.05280235782265663,0.010570131242275238,0.0,0.019342558458447456,0.22295844554901123,0.016577428206801414,0.0,0.002287275856360793,0.02586829662322998,0.14252008497714996,0.0,0.006789124105125666,0.0,0.01175833959132433,0.0,0.0021094984840601683,0.017535392194986343,0.13226114213466644,0.0,0.07573612034320831,0.0,0.07479466497898102,0.6015800833702087,0.05636732280254364,0.07249844074249268,0.0018327641300857067,0.06073327362537384,0.009722032584249973,0.0,0.0,0.008127854205667973,0.03545594587922096,0.028971629217267036,0.039373211562633514,0.0006827712059020996,0.03310238569974899,0.002420175587758422,0.3590991497039795,0.16925892233848572,0.0,0.05993017181754112,0.017622051760554314,0.196132093667984,0.3613291084766388,0.037758540362119675,0.03541581332683563,0.5673878192901611,0.024142639711499214,0.6504610180854797,0.08947654813528061,0.009686236269772053,0.0,0.0,0.10847146809101105,0.0,0.07173735648393631,0.0,0.0,0.06614703685045242,0.0,0.028177089989185333,1.345291256904602,0.17170482873916626,0.025280656293034554,0.0,0.07058394700288773,0.0,0.04383169487118721,0.011908872053027153,0.0005781650543212891,0.0,0.41017332673072815,0.05935216322541237,0.03749937564134598,0.03211717680096626,0.0,0.0,0.05736084282398224,0.0,0.10781042277812958,0.05446237698197365,0.0,0.22411316633224487,0.0010702562285587192,0.03601843863725662,0.0,0.0005639362498186529,0.0022295000962913036,0.0,0.6670109629631042,0.29658520221710205,0.0,0.07284003496170044,0.18504749238491058,0.03005179390311241,0.07760871201753616,0.011086946353316307,0.04206585884094238,0.0055953748524188995,0.008059967309236526,0.0007258868427015841,0.0,0.015346664935350418,0.0,0.08126290142536163,0.0,0.08181452751159668,0.12858226895332336,0.004817513283342123,0.0,0.04614000394940376,0.015817537903785706,0.02872495725750923,0.17912669479846954,0.01838075928390026,0.0,0.11765114963054657,0.0,0.013704785145819187,0.07810007780790329,0.0038623285945504904,0.05698801204562187,0.0,0.0,0.00273279775865376,0.4905726909637451,0.0,0.04708557203412056,0.01590605452656746,0.0,0.0,0.0,0.023616962134838104,0.0,0.0,0.014148814603686333,0.03564571961760521,0.01903557777404785,0.0,0.031208651140332222,0.0,0.7365515232086182,0.1118435487151146,0.002421584213152528,0.2366349995136261,0.08636505156755447,0.01034974493086338,0.007370116654783487,0.0,0.02499053254723549,0.0,0.012468847446143627,0.04766005650162697,0.011911925859749317,0.0,0.0,0.0,0.0,0.005755559075623751,0.0,0.11062055826187134,0.04620356485247612,0.015721969306468964,0.025667976588010788,0.15259000658988953,0.09907528012990952,0.004311268217861652,0.07081625610589981,0.043778110295534134,0.0,0.13008816540241241,0.0011707926169037819,0.0003463232424110174,0.0,0.03853796795010567,0.013910365290939808,0.0,0.05531853809952736,0.2700599730014801,0.0,0.0,0.0,0.044228121638298035,0.0,0.0029340910259634256,0.0731884092092514,0.007969691418111324,0.0,0.10792799293994904,0.013167986646294594,0.0029349506366997957,0.012513382360339165,0.0,0.0,0.012087147682905197,0.0,0.015147309750318527,0.21137933433055878,0.005168430972844362,0.4610898196697235,0.025021938607096672,0.024539625272154808,0.22872605919837952,0.0002497255918569863,0.013727877289056778,0.0,0.0,0.0026234972756356,0.005004642065614462,0.13799668848514557,0.4427841603755951,0.0,0.017039161175489426,0.0,0.0,0.00908088032156229,0.0,0.004684944171458483,0.00657046539708972,0.0,0.48542916774749756,0.0,0.0033195873256772757,0.0,0.0,0.161720871925354,0.004802580922842026,0.0,0.0,0.0,0.19238947331905365,0.00807314831763506,0.056821614503860474,0.0,0.0,0.017391128465533257,0.0019449848914518952,0.0,0.0030448269098997116,0.06582769006490707,0.027308378368616104,0.03313300013542175,0.01597774215042591,0.0,0.008948974311351776,0.027422405779361725,0.0,0.017740417271852493,0.0,0.0,0.04424746334552765,0.051344484090805054,0.06455117464065552,0.0,0.02655627764761448,0.06629063934087753,0.07349300384521484,0.0,0.03625710308551788,0.5375150442123413,0.0,0.266328901052475,0.033851269632577896,0.12852483987808228,0.01177674625068903,0.20345085859298706,0.0,0.012258732691407204,0.0,0.058139123022556305,0.008878872729837894,0.011274605058133602,0.0,0.02513935975730419,0.0,0.0357259176671505,0.001416080049239099,0.05064787715673447,0.0,0.334499716758728,0.022965406998991966,0.06769736111164093,0.0,0.01154298521578312,0.06936617195606232,0.0012079548323526978,0.07859836518764496,0.01359079871326685,0.0,0.01620524376630783,0.02406175620853901,0.0,0.005097832530736923,0.04737015813589096,0.018967613577842712,0.0060759782791137695,0.006870241370052099,0.03670363128185272,0.01448575034737587,0.039837781339883804,0.0,0.0,0.0,0.07720795273780823,0.08562932908535004,0.7972934246063232,0.0,0.0,0.0,0.0,0.0,0.04854436218738556,0.0,0.0,0.0,0.0,0.0,0.009444261901080608,0.14542658627033234,0.0,0.004427437670528889,0.2310556173324585,0.01729504019021988,0.17295844852924347,0.011678168550133705,0.0983186662197113,0.0,0.11325709521770477,0.0,0.0,0.001535031828097999,0.0012567329686135054,0.004024293273687363,0.0,0.3038218319416046,0.0,0.0,0.1095743477344513,0.0,0.0,0.0,0.0,0.0,0.0,0.008026305586099625,0.04157717525959015,0.01363530382514,0.0,0.0,0.018946053460240364,0.03296767920255661,0.0,0.00402178056538105,0.11604320257902145,0.028187226504087448,0.025617074221372604,0.07173983752727509,0.0,0.06970085203647614,0.0,0.0,0.0,0.2032564878463745,0.0,0.0001973754115169868,0.02913319505751133,0.00048287867684848607,0.032768119126558304,0.0,0.0,0.046137139201164246,0.0,0.0,0.0,0.0,0.0,0.0,0.00325837847776711,0.0031687391456216574,0.021857446059584618,0.5513878464698792,0.0,0.008842375129461288,0.00032735586864873767,0.0,0.0,0.1706046313047409,0.0,0.1021844893693924,0.31825464963912964,0.0,0.0,0.021549809724092484,0.0,0.0,0.0,0.0,0.36675286293029785,0.0,0.0,0.0036376870702952147,0.0,0.0,0.41024792194366455,0.09597376734018326,0.003742353292182088,0.0,0.003713002195581794,0.13646376132965088,0.31720292568206787,0.0,0.0,0.008379134349524975,0.0,0.0,0.0,0.0,0.0,0.012427871115505695,0.0,0.0,0.0,0.0,0.25175753235816956,0.0,0.027101941406726837,0.023745767772197723,0.024326562881469727,0.0,0.26017579436302185,0.15333619713783264,0.0,0.09095042198896408,0.002488004043698311,0.017548201605677605,0.0,0.0010912823490798473,0.06364619731903076,0.0,0.0,0.024210723116993904,0.0,0.010974425822496414,0.046282779425382614,0.03955266252160072,0.0,0.006392114330083132,0.0,0.13502363860607147,0.004819226451218128,0.01988089829683304,0.011381199583411217,0.0,0.06179354339838028,0.04341042414307594,0.06824567168951035,0.040250372141599655,0.0,0.0,0.004341609310358763,0.060986291617155075,0.0,0.0,0.018136054277420044,0.0,0.00815197080373764,0.0,0.0,0.0,0.0,0.004924145992845297,0.008726890198886395,0.0038198477122932673,0.0,0.0,0.06776533275842667,0.026908250525593758,0.056712985038757324,0.0074645839631557465,0.027604032307863235,0.007809851784259081,0.0,0.0,0.2990977466106415,0.0,0.07963286340236664,0.038056064397096634,0.004132244735956192,0.011363253928720951,0.32213419675827026,0.009583557024598122,0.03759000450372696,0.0
0.0,0.02089027874171734,0.30999958515167236,0.0014699554303660989,0.0,0.0,0.012034721672534943,0.029870137572288513,0.022793738171458244,0.07352596521377563,0.0,0.020407671108841896,0.024835672229528427,0.295390248298645,0.11622463166713715,0.17221492528915405,0.0,0.024944739416241646,0.0,0.16642652451992035,0.05189225822687149,0.0,0.02398216910660267,0.1564873456954956,0.06763607263565063,0.10190101712942123,0.0,0.0,0.0,0.0,0.41033685207366943,0.12017872184515,0.004056102130562067,0.0,0.25294697284698486,0.16157279908657074,0.0022102927323430777,0.050579432398080826,0.0,0.1135699450969696,0.23069223761558533,0.0,0.0032325719948858023,0.10142408311367035,0.47849366068840027,0.01172736193984747,0.03797405585646629,0.0,0.20506910979747772,0.0,0.0,0.18408189713954926,0.0017433309694752097,0.11574552208185196,0.022590188309550285,0.0,0.0,0.0,0.10002538561820984,0.009528999216854572,0.0027937041595578194,0.4002203345298767,0.05797141417860985,0.0,0.004218908492475748,0.3264819383621216,0.11695589870214462,0.014670400880277157,0.038713596761226654,0.006174571346491575,0.2732706367969513,0.0,0.01774037443101406,0.14027871191501617,0.0,0.12294749915599823,0.35287147760391235,0.006527391728013754,0.17469269037246704,0.459835410118103,0.0,0.0751202404499054,0.0,0.049856361001729965,0.0012698221253231168,0.3002301752567291,0.03469717130064964,0.0,0.0,0.02422998659312725,0.02440190501511097,0.0,0.25335222482681274,0.4686379134654999,0.020398737862706184,0.1719028502702713,0.04639554023742676,0.0,0.0,0.010659413412213326,0.015810735523700714,0.04483099281787872,0.1344008892774582,0.02224201150238514,0.08464676141738892,0.004772214684635401,0.016708729788661003,0.0,0.008396496996283531,0.0020958518143743277,0.05214846506714821,0.01871143840253353,0.0,0.1390111744403839,0.007432720623910427,0.35253363847732544,0.0,0.10113935172557831,0.0,0.12839439511299133,0.02714376710355282,0.004213201813399792,0.31344926357269287,0.04996165633201599,0.013695519417524338,0.007111838087439537,0.12605638802051544,0.021597042679786682,0.11620134115219116,0.007716631982475519,0.11101457476615906,0.0,0.02469787374138832,0.006288835778832436,0.036791279911994934,0.07800448685884476,0.009913499467074871,0.0,0.008092728443443775,0.003923951182514429,0.11631859093904495,0.03587563335895538,0.0,0.02706540748476982,0.23958176374435425,0.0,0.021085698157548904,0.2507432997226715,0.0509418286383152,0.06141496077179909,0.1308424472808838,0.0,0.070915587246418,0.0699722096323967,0.0,0.029494373127818108,0.0074877808801829815,0.019904725253582,0.10537400096654892,0.11416740715503693,0.007507840171456337,0.0047779204323887825,0.028667693957686424,0.42247334122657776,0.08566665649414062,0.0,0.2271469086408615,0.021101605147123337,0.1127842366695404,0.33960720896720886,0.11030959337949753,0.06980732828378677,0.056890882551670074,0.1730923056602478,0.06323771178722382,0.03434951603412628,0.5006421208381653,0.008108815178275108,0.0,0.3233949542045593,0.0,0.0,0.02603285014629364,0.03844178840517998,0.013479041866958141,0.2790394127368927,0.14762096107006073,0.05972796306014061,0.03851892799139023,0.2807871997356415,0.03560887649655342,0.07191558182239532,0.014618544839322567,0.006356253754347563,0.02411647140979767,0.032250020653009415,0.04175228253006935,0.01866539940237999,0.2640569806098938,0.009133253246545792,0.1554090529680252,0.03422898054122925,0.0,0.1462906301021576,0.0,0.04657656326889992,0.06721603125333786,0.00035310268867760897,0.03892139345407486,0.16385911405086517,0.1516338586807251,0.0,0.21956127882003784,0.0,0.02008173055946827,0.027977528050541878,0.035185448825359344,0.02611764520406723,0.0,0.01379416510462761,0.053587280213832855,0.018935946747660637,0.17226043343544006,0.1690615713596344,0.0,0.17747417092323303,0.010636916384100914,0.0,0.04006769508123398,0.13826006650924683,0.1591203361749649,0.0,0.21894501149654388,0.044081997126340866,0.10213132202625275,0.26913973689079285,0.044975582510232925,0.09871936589479446,0.023457353934645653,0.008379769511520863,0.0,0.06409522891044617,0.052602022886276245,0.0,0.036852940917015076,0.042212437838315964,0.025113029405474663,0.08335453271865845,0.0,0.015594642609357834,0.0,0.007805430795997381,0.005755541380494833,0.02641989290714264,0.00382573832757771,0.06806381791830063,0.0,0.07849409431219101,0.10522692650556564,0.4292565584182739,0.0,0.0418800450861454,0.018794849514961243,0.0,0.14100691676139832,0.033827390521764755,0.07597100734710693,0.040713921189308167,0.01761873997747898,0.014119868166744709,0.10573694854974747,0.004958355333656073,0.005933465901762247,0.09674861282110214,0.05995367467403412,0.0,0.031598445028066635,0.027959898114204407,0.1204855740070343,0.17259882390499115,0.03619871288537979,0.0,0.02007683552801609,0.18095628917217255,0.04517614468932152,0.5783549547195435,0.0,0.0005573391681537032,0.15362752974033356,0.06454701721668243,0.14554375410079956,0.1602560430765152,0.05727430433034897,0.0,0.04092397540807724,0.0,0.1605551838874817,0.0,0.2633044123649597,0.0,0.028193024918437004,0.023917919024825096,0.18139709532260895,0.09574069827795029,0.09715434163808823,0.0032045673578977585,0.004546699579805136,0.026002371683716774,0.0,0.0,0.0,0.1272929459810257,0.02348330058157444,0.17196489870548248,0.069418765604496,0.33080241084098816,0.03554849326610565,0.019928352907299995,0.1548839807510376,0.03343062102794647,0.0,0.031145144253969193,0.0,0.0,0.5526774525642395,0.0,0.0,0.0,0.0,0.0,0.0,0.0362803153693676,0.0,0.0,0.02619134820997715,0.0,0.0,0.0,0.007945474237203598,0.08194923400878906,0.04203829914331436,0.0,0.0,0.0,0.0,0.0,0.0,0.0,0.0,0.0,0.2020578384399414,0.0,0.09066411852836609,0.028720717877149582,0.2988267242908478,0.0,0.0,0.0,0.11460061371326447,0.0018506443593651056,0.004104971885681152,0.0,0.0,0.0,0.0,0.0075501203536987305,0.07670500874519348,0.07713314145803452,0.0,0.0,0.475642591714859,0.0,0.0,0.03901447728276253,0.012236245907843113,0.0,0.008403913117945194,0.0,0.0,0.1238817572593689,0.0593738779425621,0.0,0.0,0.0,0.0087239695712924,0.0,0.0,0.034652769565582275,0.0,0.0012474150862544775,0.24269860982894897,0.0,0.0,0.0,0.0,0.0,0.1153300404548645,0.0,0.14135557413101196,0.021196339279413223,0.0,0.0,0.0,0.002118542557582259,0.030845656991004944,0.0,0.001852184534072876,0.0,0.0,0.030448148027062416,0.0,0.0,0.0,0.0,0.005220739636570215,0.0,0.0,0.0,0.0,0.0,0.0329202301800251,0.0,0.037591155618429184,0.0,0.02862696722149849,0.20758934319019318,0.014258239418268204,0.028880715370178223,0.005246976390480995,0.12321563810110092,0.0,0.00416076835244894,0.0,0.11554713547229767,0.0,0.0,0.0008597433334216475,0.003819509642198682,0.004170352127403021,0.0007894787122495472,0.0,0.0,0.00785101018846035,0.0033602321054786444,0.0,0.0,0.08471501618623734,0.0,0.0353114940226078,0.029666924849152565,0.016642993316054344,0.0,0.0,0.06215483695268631,0.0,0.0,0.0,0.0,0.01580834574997425,0.0,0.0,0.16549623012542725,0.0,0.0,0.13847805559635162,0.26658895611763,0.028828758746385574,0.0,0.0003589582338463515,0.0013774150284007192,0.0,0.0,0.02647092379629612,0.0,0.0224000196903944,0.0,0.0,0.005723102018237114,0.014535274356603622,0.0,0.0,0.0,0.15676328539848328,0.0,0.05584801733493805,0.29119887948036194,0.006659454200416803,0.0,0.0,0.0,0.009178632870316505,0.0,0.0,0.0,0.0,0.0,0.0,0.014516562223434448,0.06404055655002594,0.0,0.0,0.0,0.015061993151903152,0.018894534558057785,0.012555117718875408,0.0,0.0,0.0,0.10876083374023438,0.020208025351166725,0.04641951248049736,0.007289974484592676,0.0,0.0,0.0,0.004802091047167778,0.17365394532680511,0.05893958732485771,0.0,0.007798130623996258,0.0,0.0,0.37503451108932495,0.0,0.0,0.0,0.0,0.0,0.002479547867551446,0.03543490543961525,0.0,0.0,0.0010797870345413685,0.0,0.0,0.10503034293651581,0.0,0.0,0.0,0.015063038095831871,0.005283087491989136,0.0565844289958477,0.0,0.10810409486293793,0.0,0.0,0.0,0.0,0.0,0.0,0.0,0.04010230675339699,0.003986505791544914,0.18145018815994263,0.0038626217283308506,0.006360657047480345,0.0,0.0,0.01979568973183632,0.0,0.0,0.14779949188232422,0.028134850785136223,0.0,0.2237483561038971,0.08483754843473434,0.0,0.0,0.09601535648107529,0.2669692933559418,0.0,0.03669508546590805,0.096902035176754,0.0,0.0,0.0,0.0,0.0,0.0,0.0,0.08273892104625702,0.0,0.07351651042699814,0.0,0.24505744874477386,0.11438018828630447,0.1021660789847374,0.010973780415952206,0.0,0.0,0.0,0.0,0.005408282391726971,0.0,0.03169165924191475,0.16819451749324799,0.006953390780836344,0.02287447266280651,0.0,0.0,0.0,0.0,0.0,0.01183521468192339,0.0,0.006950938608497381,0.0,0.40455368161201477,0.004773595370352268,0.030524354428052902,0.0,0.20117731392383575,0.0,0.0,0.0071464646607637405,0.010592304170131683,0.006120004691183567,0.031090250238776207,0.0,0.0,0.023467279970645905,0.0,0.0,0.0067650554701685905,0.020390860736370087,0.0006137831369414926,0.0,0.0065731932409107685,0.0,0.053568582981824875,0.023469790816307068,0.0,0.0,0.0,0.0,0.0,0.0,0.0,0.0,0.0,0.0,0.0,0.13120056688785553,0.0048942058347165585,0.0,0.0,0.0,0.0,0.014998452737927437,0.0,0.0,0.013721910305321217,0.0,0.0,0.004028103780001402,0.0,0.0,0.08146493881940842,0.0,0.12100566923618317,0.028291068971157074,0.0,0.2584112882614136,0.014395348727703094,0.056314609944820404,0.012945759110152721,0.0,0.0557522214949131,0.0,0.06670740246772766,0.13282528519630432,0.0,0.03861252963542938,0.0,0.0,0.0,0.0,0.0,0.0,0.0,0.0,0.05866452679038048,0.0,0.0,0.0,0.007040390744805336,0.02131064422428608,0.0,0.0,0.0,0.0024891882203519344,0.11518748104572296,0.027983777225017548,0.002887086244300008,0.06722228229045868,0.018186800181865692,0.0,0.0,0.00019045085355173796,0.061836808919906616,0.005520323291420937,0.0,0.35538336634635925,0.06292110681533813,0.0,0.0,0.04057830199599266,0.0,0.15308170020580292,0.005359404254704714,0.0,0.0,0.004143642261624336,0.01875593140721321,0.1495952159166336,0.0802023708820343,0.027040934190154076,0.0,0.00743727944791317,0.030077246949076653,0.0,0.0,0.0,0.030920078977942467,0.0003344500146340579,0.006574648432433605,0.0,0.025230614468455315,0.0,0.19876587390899658,0.0,0.0,0.002399877877905965,0.2948450744152069,0.04639763757586479,0.0,0.005414419341832399,0.5607753396034241,0.0,0.056101277470588684,0.0,0.014246540144085884,0.0,0.0,0.0,0.0071427179500460625,0.27385249733924866,0.0,0.09430908411741257,0.0016782341990619898,0.0,0.0,0.003996027633547783,0.0,0.0,0.0008577704429626465,0.0,0.21686698496341705,0.12201608717441559,0.0,0.0,0.010972687043249607,0.10378433018922806,0.024338161572813988,0.25802329182624817,0.0,0.0,0.0,0.0677352324128151,0.0,0.15121318399906158,0.04150517284870148,0.07116825133562088,0.10827319324016571,0.02050553634762764,0.0016032409621402621,0.011048819869756699,0.041972566395998,0.026576077565550804,0.015948213636875153,0.0,0.0,0.20515631139278412,0.007006406784057617,0.0370367094874382,0.007883122190833092,0.0,0.08551876991987228,0.267652302980423,0.0014927255688235164,0.02713688649237156,0.0629785805940628,0.04629741981625557,0.00910809077322483,0.0,0.0,0.0746113508939743,0.0,0.022163376212120056,0.08911541104316711,0.03862158581614494,0.02591395191848278,0.0,0.03098810277879238,0.0,0.0,0.027266552671790123,0.04692286625504494,0.07111916691064835,0.0,0.17915481328964233,0.0,0.005115901120007038,0.0,0.0022146066185086966,0.06713054329156876,0.23171573877334595,0.01603454165160656,0.10280563682317734,0.06006748974323273,0.0,0.0,0.00017208814097102731,0.0,0.0,0.0,0.011141606606543064,0.0,0.0,0.009373334236443043,0.1464870572090149,0.0,0.005224111024290323,0.04010479897260666,0.0037637781351804733,0.0,0.17229561507701874,0.0,2.5520175768178888e-05,0.025516629219055176,0.04234299808740616,0.0,0.034415386617183685,0.0,0.19047442078590393,0.0,0.011611721478402615,0.4270564615726471,0.0,0.020400745794177055,0.0004692804941441864,0.0,0.0,0.0,0.009473712183535099,0.027739834040403366,0.0,0.07305897027254105,0.0,0.0,0.006059946026653051,0.0,0.006600155960768461,0.011799788102507591,0.0,0.026552371680736542,0.0,0.0010078954510390759,0.0034841657616198063,0.0,0.4931896924972534,0.006951787509024143,0.0,0.0,0.0,0.0,0.0,0.6084980368614197,0.053592003881931305,0.0019247961463406682,0.0210444163531065,0.07990515977144241,0.0,0.010988508351147175,0.0,0.26087674498558044,0.010775894857943058,0.07621640712022781,0.019724607467651367,0.014719602651894093,0.0,0.002195115201175213,0.18165519833564758,0.0,0.01180834136903286,0.0,0.10752259939908981,0.030606694519519806,0.08532152324914932,0.06150189787149429,0.09081415832042694,0.043265655636787415,0.0,0.4433208703994751,0.001139286207035184,0.0,0.028315121307969093,0.02046092040836811,0.055503953248262405,0.0,0.005158101208508015,0.0,0.04346724599599838,0.112796850502491,0.0,0.2187546342611313,0.020957954227924347,0.0818735659122467,0.0,0.029655272141098976,0.30088287591934204,0.03178802505135536,0.14146381616592407,0.11005577445030212,0.1784287691116333,0.021312685683369637,0.028321919962763786,0.11201741546392441,0.1276344358921051,0.036238063126802444,0.26181477308273315,0.0,0.0,0.27243518829345703,0.009802279062569141,0.0,0.03032240830361843,0.0,0.0,0.10986429452896118,0.0,0.0,0.004982298705726862,0.0,0.0033161169849336147,0.0,0.2580840587615967,0.06316330283880234,0.0,0.0,0.014337651431560516,0.0,0.008853509090840816,0.0633636936545372,0.007026975043118,0.09486352652311325,0.0,0.1267787218093872,0.0,0.004297578241676092,0.05554206296801567,0.0,0.031109265983104706,0.0,0.022655487060546875,0.10374130308628082,0.0,0.05685315281152725,0.01970156468451023,0.14031313359737396,0.0018271118169650435,0.07500984519720078,0.05908676236867905,0.00014404713874682784,0.0,0.11482027173042297,0.0,0.0,0.017522968351840973,0.63222736120224,0.16295166313648224,0.0,0.017789043486118317,0.4257587790489197,0.0,0.0,0.006341471802443266,0.21226535737514496,0.0,0.052157703787088394,0.0,0.0008759772754274309,0.0,0.0,0.07869979739189148,0.0,0.0,0.18589463829994202,0.042095910757780075,0.0,0.0,0.24334630370140076,0.0,0.010140767320990562,0.02570912428200245,0.03852355480194092,0.048416562378406525,0.019082732498645782,0.014832716435194016,0.051634062081575394,0.0,0.005004751496016979,0.32614150643348694,0.0,0.0,0.026880837976932526,0.07605373114347458,0.025694360956549644,0.0,0.06845118850469589,0.0,0.0,0.26016151905059814,0.019777579233050346,0.0,0.019589843228459358,0.0,0.0,0.04370474815368652,0.39022254943847656,0.0,0.0,0.1932702660560608,0.050735749304294586,0.023771755397319794,0.052572011947631836,0.0,0.0634920671582222,0.018864644691348076,0.0,0.0,0.0,0.0438980869948864,0.011615910567343235,0.0,0.020068246871232986,0.08343600481748581,0.06288795173168182,0.05443495884537697,0.13750296831130981,0.002664097584784031,0.08904054015874863,0.020647570490837097,0.0,0.18363559246063232,0.0038482898380607367,0.011797449551522732,0.10767019540071487,0.014196452684700489,0.0,0.14500592648983002,0.026934992522001266,0.0,0.04701654985547066,0.48877331614494324,0.06982732564210892,0.07189624756574631,0.0,0.08019866049289703,0.1521463394165039,0.04825874790549278,0.1482355147600174,0.0,0.1081826314330101,0.0187698882073164,0.08599886298179626,0.03707719221711159,0.08759069442749023,0.41596734523773193,0.01142139919102192,0.46038636565208435,0.0,0.024514947086572647,0.033635463565588,0.38888314366340637,0.09449312835931778,0.16123409569263458,0.16134798526763916,0.0,0.0156790092587471,0.012034187093377113,0.018022265285253525,0.0,0.03631908446550369,0.03415229171514511,0.0,0.0,0.0018787786830216646,0.0,0.13198524713516235,0.0,0.0,0.07356487214565277,0.10824254900217056,0.2922342121601105,0.0,0.0,0.0,0.0,0.0,0.0,0.4609200954437256,0.0,0.0,0.0,0.0,0.21723435819149017,0.0008467614534310997,0.0,0.0,0.10841338336467743,0.002551672514528036,0.014957170933485031,0.3168868124485016,0.36570969223976135,0.0,0.009746057912707329,0.004684934858232737,0.04838409274816513,0.0,0.0,0.0,0.0,0.038338553160429,0.0,0.0,0.0,0.005655765999108553,0.011373878456652164,0.06756680458784103,0.09162623435258865,0.0,0.002003374742344022,0.0,0.0,0.0,0.30484968423843384,0.02791397087275982,0.30703744292259216,0.0,0.07059319317340851,0.007063679862767458,0.003811671631410718,0.0,0.04252509027719498,0.0,0.10056476294994354,0.01727924682199955,0.008997214026749134,0.007881912402808666,0.0,0.007440326269716024,0.0,0.058249443769454956,0.0,0.04016166552901268,0.03419891744852066,0.0,0.0,0.0,0.0,0.0,0.9480776786804199,0.16372409462928772,0.0,0.0,0.039558518677949905,0.00042541921720840037,0.0,0.05900164693593979,0.08167403936386108,0.0,0.0,0.5641681551933289,0.0,0.0,0.0,0.0,0.0,0.0,0.0,0.0,0.0,0.0,0.0,0.4452671408653259,0.03615296259522438,0.0,0.06991252303123474,0.0,0.004960605874657631,0.0,0.0,0.008428742177784443,0.0,0.013095259666442871,0.4446769058704376,0.014737503603100777,1.1749759912490845,0.0,0.0,0.010808524675667286,0.0,0.0,0.03886839374899864,2.272373914718628,0.013014321215450764,0.0,0.0,0.023350276052951813,0.017793266102671623,0.0,0.0,0.07310858368873596,0.0,0.0,0.5764530301094055,0.0,0.010923968628048897,0.032181624323129654,0.0,0.0,0.0,0.11911920458078384,0.23341847956180573,0.05147819593548775,0.0,0.18737657368183136,0.0,0.0,0.0,0.0,0.0,0.17417556047439575,0.01189594715833664,0.03494594991207123,0.0,0.0,0.17328158020973206,0.008012808859348297,0.04700672999024391,0.04731234535574913,0.41738173365592957,0.0,0.008364856243133545,0.1884555071592331,0.0033587671350687742,0.00418500043451786,0.0,0.0,0.0,0.02906682901084423,0.0,0.02894914336502552,0.0,0.0,0.0,0.0016125726979225874,0.0,0.13958024978637695,0.02429489605128765,1.1322948932647705,0.0,0.046623438596725464,7.229447510326281e-05,0.025961600244045258,0.0835750550031662,0.0,0.04803906008601189,0.0,0.0,0.5579293966293335,0.0,0.022954046726226807,0.0,0.0,0.0,0.0,0.019281424582004547,0.0056836484000086784,0.0,0.0,0.0,0.0,0.0,0.0007510214927606285,0.0,0.0,0.0,0.0,0.0,0.0,0.20569856464862823,0.0,0.07311409711837769,0.0,0.0,0.0,0.00879167765378952,0.0,0.05789877101778984,0.0,0.007377362344413996,0.03484975919127464,0.001541378442198038,0.0,0.0,0.020331988111138344,0.09206829220056534,0.0,0.09282586723566055,0.014936761930584908,0.0,0.0296940915286541,0.0,0.01922593079507351,0.0,0.035954564809799194,0.0,0.0,0.0,0.04230283573269844,0.00014839648792985827,0.0,0.004104034975171089,0.09669654816389084,0.03856309875845909,0.0,0.33170539140701294,0.09771285206079483,0.0,0.0,0.0,0.014856724999845028,0.1429326832294464,0.0,0.0,0.0426020585000515,0.015911005437374115,0.0,0.026507345959544182,0.0,0.01429540291428566,0.0,0.0,0.00028533340082503855,0.0200499240309,0.19732221961021423,0.04239782318472862,0.0,0.01627463661134243,0.31031960248947144,0.0,0.0032129620667546988,0.0,0.3072546720504761,0.08309142291545868,0.04520315304398537,0.037111587822437286,0.0,0.0,1.2539267539978027,0.3408258557319641,0.11450158059597015,0.0,0.0,0.0,0.0,0.0,0.021071715280413628,0.0,0.6080105304718018,0.01492420956492424,0.14938968420028687,0.0,0.0,0.0,0.008711986243724823,0.024612845852971077,0.0,0.0,0.044885654002428055,0.2628617584705353,0.0,0.031999628990888596,0.31036055088043213,0.010906458832323551,0.5065691471099854,0.04997335374355316,0.0032323235645890236,0.4135483503341675,0.10989760607481003,0.03214491903781891,0.0,0.40267208218574524,0.01443839818239212,0.0,0.013817213475704193,0.0,0.0,0.0,0.08957580476999283,0.0,0.0,0.3914989233016968,0.02521633170545101,0.0,0.0,0.18224777281284332,0.01398671604692936,0.007549329195171595,0.0031259648967534304,0.0,0.0,0.08174331486225128,0.014606144279241562,0.0,0.0,0.04571378603577614,0.027987869456410408,0.0,0.0013950396096333861,0.0,0.0,0.0,0.0,0.0016801691381260753,0.40593016147613525,0.0026630591601133347,0.0,0.006548535078763962,0.0,0.18735724687576294,0.0,0.0,0.0012124753557145596,0.0,0.09123323112726212,0.01365863811224699,0.0,0.0,0.0,0.0015733200125396252,0.0,0.0,0.0,0.008283913135528564,0.0,0.0,0.0,0.02137862890958786,0.0,0.0,0.0,0.027631444856524467,0.016814876347780228,0.02665221132338047,0.004558033775538206,0.023036984726786613,0.0,0.021791353821754456,0.0,0.16407552361488342,0.0038576959632337093,0.04362361505627632,0.1503010094165802,0.11405634135007858,0.0,0.0,0.0,0.010702119208872318,0.004792596213519573,0.1813296675682068,0.018285540863871574,0.012790977954864502,0.0,0.030402887612581253,0.06074391305446625,0.02574785239994526,0.0,0.032236792147159576,0.0,0.0,0.12995313107967377,0.0651320368051529,0.008321737870573997,0.015664968639612198,0.0,0.04553260654211044,0.018702097237110138,0.07925216853618622,0.023582197725772858,0.0,0.0,0.12196829169988632,0.12044694274663925,0.020731769502162933,0.004535652231425047,0.0,0.011994224041700363,0.0,0.5928784012794495,0.020311927422881126,0.0,0.0,0.16551031172275543,0.11894919723272324,0.0831160619854927,0.0008288192912004888,0.09925470501184464,0.004645193926990032,0.0,0.20401941239833832,0.1992306113243103,0.0,0.06936877965927124,0.0,0.7802949547767639,0.0,0.0025405464693903923,0.0016909623518586159,0.004912434611469507,0.0,0.0038391684647649527,0.0,0.0,0.07638131827116013,0.0,0.19778795540332794,0.0,0.0978185161948204,0.0,0.0,0.0,0.08518269658088684,0.3922594487667084,0.0027313223108649254,0.03951315954327583,0.1449405997991562,0.002172980923205614,0.03525130823254585,0.00844420213252306,0.0,0.0,0.12091877311468124,0.031925104558467865,0.007576358504593372,0.0013723218580707908,0.022258348762989044,0.20732945203781128,0.0,0.0,0.0,0.04639582708477974,0.10220775753259659,0.00017854213365353644,0.0,0.0,0.01928035169839859,0.0,0.01528177596628666,0.017006274312734604,0.09507270157337189,0.004696316551417112,0.09990993142127991,0.0,0.07403430342674255,0.6455821394920349,0.024609403684735298,0.12818358838558197,0.005586986429989338,0.042509403079748154,0.012883991934359074,0.0,0.0,0.0012493515387177467,0.04595208168029785,0.0073600150644779205,0.029815373942255974,0.0,0.046239424496889114,0.004139689262956381,0.4567232131958008,0.1470380425453186,0.0,0.06046890839934349,0.0,0.22029387950897217,0.3369927704334259,0.03428584709763527,0.04147064685821533,0.633076548576355,0.0241316556930542,0.8623112440109253,0.038309838622808456,0.005252177827060223,0.0,0.0,0.0595441609621048,0.0,0.13033775985240936,0.0,0.0,0.020887283608317375,0.0,0.02504742704331875,1.1310944557189941,0.13125301897525787,0.02586429752409458,0.0,0.06843890994787216,0.0,0.04819285497069359,0.03366673365235329,0.0013558983337134123,0.0,0.432438462972641,0.05648960918188095,0.016902094706892967,0.016034599393606186,0.0,0.0,0.06777261942625046,0.0,0.16272592544555664,0.06494342535734177,0.0,0.1891196072101593,0.002182514639571309,0.04680506885051727,0.0,0.002919158898293972,0.007710629608482122,0.0,0.7230947017669678,0.4115312099456787,0.0,0.06042370945215225,0.15651513636112213,0.027497120201587677,0.07283444702625275,0.0059746126644313335,0.025532813742756844,0.015416014939546585,0.0,0.009502643719315529,0.0,0.020820660516619682,0.0,0.045220863074064255,0.009640410542488098,0.0652308464050293,0.09314481914043427,0.023022713139653206,0.0,0.020751910284161568,0.023285871371626854,0.03954646736383438,0.23498496413230896,0.005277719348669052,0.004761874675750732,0.14410361647605896,0.0,0.03237244486808777,0.1028931736946106,0.00403347983956337,0.04291602969169617,0.008188332431018353,0.0,0.016025450080633163,0.43429282307624817,0.0,0.032972291111946106,0.009787141345441341,0.0,0.0,0.0,0.004116645082831383,0.0,0.0,0.028427518904209137,0.041629888117313385,0.043221477419137955,0.0,0.040265608578920364,0.0,0.5979955792427063,0.05577298253774643,0.0053247809410095215,0.22456753253936768,0.048818860203027725,0.0,0.005442626308649778,0.0,0.02938183583319187,0.0,0.004945829045027494,0.04930655658245087,0.0242527574300766,0.009013262577354908,0.0,0.0012586450902745128,0.0,0.012449609115719795,0.0,0.10297396034002304,0.05378510802984238,0.023631468415260315,0.04190170392394066,0.1794913113117218,0.08309711515903473,0.012928325682878494,0.20827388763427734,0.029230279847979546,0.0,0.12432166188955307,0.0,0.0,0.0,0.022633017972111702,0.014854946173727512,0.0,0.07409833371639252,0.1567855328321457,0.0,0.0,0.0,0.0400618351995945,0.0,0.00015117466682568192,0.05321119725704193,0.0012595176231116056,0.002336337463930249,0.09176751971244812,0.006872138939797878,0.003096057800576091,0.014921185560524464,0.0,0.0,0.02125007100403309,0.0,0.021911079064011574,0.2546539604663849,0.0015022802399471402,0.4631577730178833,0.030694246292114258,0.011107083410024643,0.21367527544498444,0.0,0.004632427357137203,0.0,0.0,0.0,0.00937593448907137,0.08057212829589844,0.4777570366859436,0.0,0.01011629682034254,0.0,0.003875894472002983,0.009005734696984291,0.0,0.0,0.0,0.0,0.3874262869358063,0.0,0.0,0.0,0.0,0.18934257328510284,0.003907307516783476,0.0,0.0,0.0,0.21672536432743073,0.01951122097671032,0.04619371518492699,0.0010659528197720647,0.0,0.012456698343157768,0.006618659943342209,0.0,0.0,0.05155830457806587,0.03788457438349724,0.022517884150147438,0.006942086387425661,0.0,0.0,0.030432771891355515,0.0,0.03215412795543671,0.0,0.0,0.013728606514632702,0.052768539637327194,0.07982322573661804,0.0,0.021102771162986755,0.05221833288669586,0.03926355764269829,0.0,0.06659537553787231,0.651013195514679,0.0015752894105389714,0.2766686975955963,0.04030755162239075,0.12449224293231964,0.022498542442917824,0.22906360030174255,0.0,0.01179574616253376,0.0,0.05623045936226845,0.02925356850028038,0.007783172186464071,0.0,0.037196189165115356,0.0,0.04723813012242317,0.009429419413208961,0.02613689936697483,0.014524072408676147,0.505628764629364,0.005822131410241127,0.0815063863992691,0.0,0.0016910552512854338,0.09447097033262253,0.0,0.039829134941101074,0.011453628540039062,0.0,0.014285046607255936,0.03548241779208183,0.0,0.02349258027970791,0.07371506094932556,0.008113129064440727,0.007473728619515896,0.00243799458257854,0.0407012403011322,0.00782804749906063,0.022437788546085358,0.0,5.0380825996398926e-05,0.0,0.08235777914524078,0.08984872698783875,0.839205265045166,0.0,0.0,0.0,0.0,0.0,0.12517699599266052,0.0,0.0,0.0,0.0,0.0,0.0075746821239590645,0.1288582682609558,0.0,0.0,0.17902816832065582,0.026657037436962128,0.015464341267943382,0.020439831539988518,0.11844706535339355,0.0,0.16454297304153442,0.0,0.0,0.006934541277587414,0.016404753550887108,0.0045455158688127995,0.0,0.3128255009651184,0.0,0.0,0.051162805408239365,0.0,0.0,0.0,0.0,0.0,0.0,0.01760648749768734,0.04167575389146805,0.004668887704610825,0.0,0.0,0.013238821178674698,0.013571582734584808,0.0,0.0,0.07067808508872986,0.01699509099125862,0.05002335458993912,0.06074560061097145,0.0,0.07543635368347168,0.0,0.0,0.0,0.0801181048154831,0.0,0.006478570867329836,0.01142188347876072,0.0,0.003025966929271817,0.0,0.0,0.09711901843547821,0.0,0.0,0.0,0.0,0.0,0.0,0.014197063632309437,0.0,0.020302843302488327,0.5837410688400269,0.0,0.01081671193242073,0.0,0.0,0.0008606862975284457,0.14392144978046417,0.0,0.1113676056265831,0.3214060068130493,0.0,0.0,0.010281026363372803,0.0,0.001201216015033424,0.0,0.0,0.39410677552223206,0.0,0.0,0.0,0.0,0.0,0.40324902534484863,0.08856251090765,0.009112078696489334,0.0011633941903710365,0.012788865715265274,0.14104682207107544,0.33836859464645386,0.0,0.0,0.010531153529882431,0.0,0.0,0.00010051482968265191,0.0,0.0,0.011885466985404491,0.0,0.0,0.0,0.0,0.23986467719078064,0.0,0.030735254287719727,0.0071065532974898815,0.0642809122800827,0.0,0.35736238956451416,0.14735330641269684,0.0,0.09489843249320984,0.0025093627627938986,0.008222590200603008,0.0,0.0036879361141473055,0.05867120623588562,0.0,0.0,0.03836500644683838,0.0,0.028604717925190926,0.030866850167512894,0.02725532464683056,0.0,0.00037797450204379857,0.0026363753713667393,0.10293840616941452,0.006987100467085838,0.0033229028340429068,0.04297859966754913,0.0,0.0871293917298317,0.005429365672171116,0.0721466988325119,0.015069370158016682,0.0,0.0,0.002926552202552557,0.03449713811278343,0.0,0.0,0.03137362003326416,0.0,0.026571713387966156,0.0,0.0,0.0,0.0,0.005057998932898045,0.009538888931274414,0.002264136215671897,0.0,0.0,0.15743842720985413,0.029432935640215874,0.04313771799206734,0.005021973978728056,0.014825820922851562,0.0,0.0,0.0,0.3227315843105316,0.0004667985485866666,0.07008526474237442,0.048566900193691254,0.004421200603246689,0.0,0.32926270365715027,0.004696781747043133,0.08009050041437149,0.0
0.0,0.018937228247523308,0.29564806818962097,0.0,0.0,0.0,0.021403387188911438,0.013911399990320206,0.015259508974850178,0.07939638197422028,0.007489726413041353,0.04513229802250862,0.010511279106140137,0.2532944977283478,0.10843995958566666,0.15978825092315674,0.016156934201717377,0.022256553173065186,0.0,0.20557548105716705,0.024496298283338547,0.0,0.03286409005522728,0.17190872132778168,0.06553863734006882,0.10482419282197952,0.0,0.0,0.0,0.0,0.48344412446022034,0.13789911568164825,0.0066945673897862434,0.001544733066111803,0.23158332705497742,0.1625225841999054,0.008801553398370743,0.036217138171195984,0.0,0.11887522041797638,0.34343186020851135,0.0,0.002939552068710327,0.12717241048812866,0.4578651487827301,0.022594794631004333,0.03431891277432442,0.0,0.1683502197265625,0.0,0.0,0.2052505910396576,0.0,0.165080726146698,0.02853929065167904,0.0,0.0,0.0,0.0986546203494072,0.0,0.0057436442002654076,0.39931654930114746,0.055423736572265625,0.0,0.006406021304428577,0.28609973192214966,0.12712278962135315,0.013955061323940754,0.0,0.0,0.2700415849685669,0.006151177920401096,0.01926056295633316,0.12669476866722107,0.0,0.1488688439130783,0.3992881774902344,0.005715666804462671,0.17645913362503052,0.3853837549686432,0.0,0.09743679314851761,0.0,0.0646420493721962,0.02279985509812832,0.2992653548717499,0.01399968657642603,0.0,0.0,0.011370689608156681,0.02466626837849617,0.012946868315339088,0.25089213252067566,0.4963223338127136,0.002649478381499648,0.19221284985542297,0.04114136844873428,0.0,0.0,0.0,0.029287679120898247,0.04037240892648697,0.16779989004135132,0.01886177994310856,0.08829868584871292,0.006665067747235298,0.022338366135954857,0.0,0.0,0.003547120140865445,0.07293421030044556,0.037277914583683014,0.0,0.17236538231372833,0.009946844540536404,0.3803251385688782,0.0,0.10904636234045029,0.0,0.1269998699426651,0.0241926908493042,0.0010433816350996494,0.28424444794654846,0.03489232808351517,0.006079294718801975,0.0,0.20349203050136566,0.020892733708024025,0.1261344701051712,0.006121325306594372,0.1305246204137802,0.0,0.05049557238817215,0.0,0.03842554986476898,0.08728405088186264,0.008314404636621475,0.0001953941537067294,0.004462944343686104,0.0,0.09331978112459183,0.03254513815045357,0.0,0.028353847563266754,0.2530660927295685,0.0,0.029677724465727806,0.26333993673324585,0.031811200082302094,0.07200807332992554,0.0651746392250061,0.0,0.0698719322681427,0.08007734268903732,0.0,0.028514156118035316,0.006278591230511665,0.025288071483373642,0.13170675933361053,0.08729978650808334,3.3340154914185405e-05,0.00177167693618685,0.028039012104272842,0.39914360642433167,0.09298259764909744,0.0,0.23613016307353973,0.013527462258934975,0.11441534757614136,0.36570510268211365,0.1172974556684494,0.04937500134110451,0.06508436053991318,0.23436708748340607,0.06101590022444725,0.04591203108429909,0.577407956123352,0.004851487930864096,0.0,0.29629015922546387,0.0,0.0,0.0325419120490551,0.03966064378619194,0.012245561927556992,0.28338271379470825,0.1817115992307663,0.05247066169977188,0.04575914889574051,0.26747560501098633,0.042089205235242844,0.06058792769908905,0.005229926202446222,0.006495323032140732,0.020167691633105278,0.012066345661878586,0.046984147280454636,0.0255588348954916,0.25235098600387573,0.010614514350891113,0.15476790070533752,0.03209218382835388,0.0,0.13029757142066956,0.0,0.025083284825086594,0.06520253419876099,0.005968029610812664,0.03799368441104889,0.15380415320396423,0.15308023989200592,0.003706896211951971,0.25904950499534607,0.0,0.015894165262579918,0.018833249807357788,0.07212374359369278,0.037725795060396194,0.0,0.011075868271291256,0.058751411736011505,0.013072388246655464,0.18599477410316467,0.13761886954307556,0.0016429019160568714,0.1404583901166916,0.01022870559245348,0.0,0.09086094051599503,0.11046076565980911,0.1541050523519516,0.0,0.22609944641590118,0.05097302049398422,0.09908656030893326,0.30656757950782776,0.04433899000287056,0.09569305181503296,0.030019324272871017,0.0,8.52346420288086e-05,0.09591856598854065,0.03294334560632706,0.0,0.0637427419424057,0.06079520285129547,0.01438033115118742,0.09624617546796799,0.0,0.01235855370759964,0.022335834801197052,0.004712290596216917,0.011201080866158009,0.016666283831000328,0.0010235643712803721,0.0818910226225853,0.0,0.0856669619679451,0.07378929853439331,0.4554416537284851,0.0,0.014425208792090416,0.03246341273188591,0.0,0.12245920300483704,0.03494380787014961,0.1049470528960228,0.08146140724420547,0.011426896788179874,0.012772171758115292,0.09354919195175171,0.0166885145008564,0.0,0.10959925502538681,0.11044825613498688,0.0,0.012708455324172974,0.015972791239619255,0.12403389811515808,0.2138197273015976,0.011748330667614937,0.0,0.024282464757561684,0.1555061638355255,0.04214959964156151,0.6367249488830566,0.0,0.01079764124006033,0.18422912061214447,0.0691709965467453,0.1363936811685562,0.14795714616775513,0.0705992728471756,0.0,0.054144181311130524,0.027315311133861542,0.18392662703990936,0.0,0.2632179856300354,0.004281573463231325,0.02822212129831314,0.037168651819229126,0.2094995081424713,0.10050085186958313,0.13503913581371307,0.0,0.0018228458939120173,0.016980623826384544,0.0,0.0,0.0007713389350101352,0.11682676523923874,0.014460585080087185,0.15559478104114532,0.1143694519996643,0.37371471524238586,0.03427641838788986,0.012904949486255646,0.17758823931217194,0.038076773285865784,0.0,0.05610151216387749,0.0,0.0,0.7420423030853271,0.0,0.0,0.024687403813004494,0.0,0.0,0.0,0.056815776973962784,0.0,0.0,0.030572738498449326,0.0,0.0,0.0,0.014597631990909576,0.09388972073793411,0.041990768164396286,0.0026752245612442493,0.0,0.0,0.0,0.0,0.0,0.0,0.0,0.0,0.2395501732826233,0.005352189764380455,0.07188887149095535,0.02194538339972496,0.25835323333740234,0.0,0.0,0.0,0.07660914212465286,0.005962406285107136,0.010918962769210339,0.0,0.0,0.0,0.0,0.010627944022417068,0.09333726763725281,0.07345349341630936,0.0,0.0,0.6274816393852234,0.0,0.0,0.05786101892590523,0.012178819626569748,0.0,0.0,0.0,0.001778932986781001,0.16571567952632904,0.02591223642230034,0.00034100294578820467,0.0,0.0,0.016537168994545937,0.0,0.0,0.05145400017499924,0.0,0.0,0.2721608579158783,0.0,0.0,0.0,0.0,0.0,0.11037090420722961,0.0,0.13473448157310486,0.0,0.0,0.013715228997170925,0.0,0.0,0.030654845759272575,0.0,0.0,0.0,0.0,0.04179518669843674,0.0,0.0,0.0,0.0,0.001559792784973979,0.0,0.0,0.0,0.0,0.0,0.06003459915518761,0.0,0.07773958146572113,0.0,0.0076507399789988995,0.17770875990390778,0.021504774689674377,0.010813925415277481,0.0,0.13871555030345917,0.0,0.003956392873078585,0.0,0.10680609941482544,0.0,0.0,0.0029582404531538486,0.026123354211449623,0.0,0.012998001649975777,0.0,0.0,0.00750940665602684,0.009213012643158436,0.0,0.0,0.11960850656032562,0.0,0.014988746494054794,0.05987273529171944,0.009414067491889,0.0,0.0,0.0378636009991169,0.0,0.001119217835366726,0.0016034459695219994,0.0,0.028680134564638138,0.0,0.0,0.2347956895828247,0.0,0.0,0.07435787469148636,0.16927726566791534,0.034669190645217896,0.0,0.0,0.003107823198661208,0.0,0.0,0.030025679618120193,0.0,0.015810737386345863,0.0,0.0,0.01482485979795456,0.02420092560350895,0.0,0.0,0.0,0.18289662897586823,0.0,0.05934835597872734,0.2119213342666626,0.011126990430057049,0.0,0.0,0.0,0.022618001326918602,0.0,0.0,0.0,0.0,0.0,0.0,0.01947186514735222,0.06239359825849533,0.0,0.0,0.0,0.028802180662751198,0.03482457250356674,0.015037181787192822,0.0,0.0,0.0,0.23049861192703247,0.024444084614515305,0.02842112071812153,0.009032688103616238,0.0,0.0,0.0,0.006254161708056927,0.16752712428569794,0.038550421595573425,0.0,0.01770244911313057,0.0,0.0,0.36159348487854004,0.0,0.001688872929662466,0.0,0.0,0.0,0.0,0.02649187110364437,0.0,0.0,0.0,0.002674893941730261,0.0,0.142469123005867,0.0,0.0,0.0,0.012997119687497616,0.015016338787972927,0.06192527711391449,0.0,0.10481367260217667,0.0,0.0,0.0006563139031641185,0.0,0.0,0.0,0.0,0.052858706563711166,0.003135395934805274,0.2081565409898758,0.00724854227155447,0.0029132389463484287,0.0,0.0,0.036990948021411896,0.0,0.0,0.06537075340747833,0.03629792109131813,0.0,0.21146684885025024,0.057705026119947433,0.009416026994585991,0.0,0.06085805594921112,0.21489806473255157,0.0,0.017183519899845123,0.042010627686977386,0.0,0.0,0.007832628674805164,0.0,0.0,0.0,0.0,0.09474237263202667,0.0,0.045662738382816315,0.0,0.1556682139635086,0.046632904559373856,0.11615846306085587,0.015286719426512718,0.0,0.0,0.0,0.0,0.005050544627010822,0.0,0.0,0.16890797019004822,0.00709325447678566,0.030573317781090736,0.0,0.0,0.0,0.0,0.0,0.006353039760142565,0.0,0.0,0.0,0.4522925317287445,0.008900070562958717,0.03470799699425697,0.0,0.15270613133907318,0.0,0.0,0.015223473310470581,0.006127764005213976,0.011866121552884579,0.049351420253515244,0.0,0.0,0.0,0.0,0.0,0.0,0.015893161296844482,0.010587397962808609,0.0,0.013931700959801674,0.0,0.04307236522436142,0.009759919717907906,0.00041414855513721704,0.0,0.0,0.0,0.0,0.0,0.0,0.0,0.0,0.0,0.0,0.14169558882713318,0.027873391285538673,0.0,0.0,0.0,0.0,0.005075719207525253,0.0,0.0,0.01259375549852848,0.0,0.0,0.007014057599008083,0.0,0.0,0.06839043647050858,0.009338250383734703,0.10039589554071426,0.030057203024625778,0.0,0.2055526226758957,0.0018964308546856046,0.0414702445268631,0.000744776742067188,0.0,0.07988378405570984,0.0,0.019733605906367302,0.07936645299196243,0.0,0.050282228738069534,0.0029707697685807943,0.0,0.0,0.0,0.0,0.0,0.002408311003819108,0.0,0.062204260379076004,0.0,0.0,0.0,0.12465570122003555,0.0051441616378724575,0.0,0.0,0.0,0.019923757761716843,0.08804427087306976,0.0031693351920694113,0.01230874564498663,0.06408717483282089,0.018726417794823647,0.0,0.0,0.001821494079194963,0.06552404910326004,0.0,0.0,0.4325878918170929,0.048178788274526596,0.009868187829852104,0.0,0.0321081206202507,0.0,0.16257503628730774,0.005104639567434788,0.0,0.0,0.001261335564777255,0.006253793369978666,0.16475419700145721,0.11230800300836563,0.01720917783677578,0.0,0.006611213553696871,0.07357700914144516,0.0,0.0,0.0,0.047829922288656235,0.0,0.012280084192752838,0.003240213729441166,0.04121451452374458,0.00015301704115699977,0.1873089075088501,0.004719638731330633,0.0,0.0,0.2702145278453827,0.04894356429576874,0.0,0.013906607404351234,0.609904944896698,0.0,0.017603615298867226,0.0,0.009202353656291962,0.0,0.0,0.0,0.0015711045125499368,0.2744509279727936,0.0,0.13951975107192993,0.002111184410750866,0.0,0.0,0.005176694598048925,0.0,0.0,0.012544864788651466,0.0,0.26464226841926575,0.05692653730511665,0.0,0.0,0.005759343039244413,0.040388938039541245,0.0,0.274069607257843,0.0,0.0,0.00029506682767532766,0.0006740389508195221,0.0,0.10851683467626572,0.055700816214084625,0.06980781257152557,0.15528231859207153,0.026095109060406685,0.002988755702972412,0.0075534433126449585,0.029727544635534286,0.03168071061372757,0.023361479863524437,0.0,0.0,0.16821330785751343,0.016078142449259758,0.028108714148402214,0.0,0.013882678002119064,0.06333550810813904,0.2868596911430359,0.0,0.04889370873570442,0.025250937789678574,0.04610151797533035,0.005257482640445232,0.0,0.0,0.061725739389657974,0.0,0.0,0.12666745483875275,0.028456909582018852,0.020720617845654488,0.0,0.0261633712798357,0.0,0.0,0.04264696687459946,0.030569784343242645,0.09660466015338898,0.0,0.13942426443099976,0.0,0.010106973350048065,0.0,0.012195601128041744,0.05722915753722191,0.2240820825099945,0.010330267250537872,0.08579742163419724,0.043970298022031784,0.0,0.0,0.016621170565485954,0.0,0.0,0.002253419253975153,0.011747751384973526,0.0,0.0,0.027036763727664948,0.16052722930908203,0.002186245983466506,0.0,0.036431096494197845,0.008327867835760117,0.0,0.16168983280658722,0.0,0.0,0.02871089056134224,0.02856970578432083,0.0,0.038736697286367416,0.0,0.2122722864151001,0.0,0.0022987746633589268,0.5672147274017334,0.0,0.03275465965270996,0.0008904123096726835,0.0,0.0,0.0,0.005048277322202921,0.03350295126438141,0.0,0.1285240203142166,0.0,0.0,0.0,0.0,0.007680566515773535,0.0036017417442053556,0.0,0.0025471781846135855,0.0010749149369075894,0.005867270287126303,0.002602597465738654,0.0,0.4059406518936157,0.0,0.0,0.0,0.0,0.0,0.0,0.6303954124450684,0.0482921227812767,0.0044095744378864765,0.017000477761030197,0.09105953574180603,0.0,0.0146338427439332,0.0,0.21122905611991882,0.0,0.05611998215317726,0.015346470288932323,0.012873083353042603,0.0,0.014987621456384659,0.18046998977661133,0.0,0.013124816119670868,0.0,0.09221111983060837,0.030269624665379524,0.1060326024889946,0.023039620369672775,0.06112859770655632,0.03171243891119957,0.0,0.43212568759918213,0.0,0.0,0.07106920331716537,0.020799485966563225,0.04331999644637108,0.0,0.004180481657385826,0.0,0.03406761586666107,0.07191923260688782,0.0,0.13209182024002075,0.011529713869094849,0.10266143083572388,0.0,0.029399324208498,0.3524656593799591,0.002911869203671813,0.12445517629384995,0.08742906898260117,0.18024681508541107,0.02807166799902916,0.03613949939608574,0.1173873320221901,0.129200279712677,0.04499700665473938,0.317643404006958,0.0,0.0,0.4381667971611023,0.006304209120571613,0.0,0.024714885279536247,0.0,0.0,0.11269760876893997,0.0,0.0,0.0049101863987743855,0.0,0.0007958009955473244,0.0,0.2469325214624405,0.05516577884554863,0.0,0.0,0.02817869931459427,0.0,0.0,0.07508296519517899,0.0,0.09221009165048599,0.0,0.16020068526268005,0.003058555070310831,0.016094226390123367,0.06298119574785233,0.0,0.03097204491496086,0.0,0.03143870458006859,0.09427759051322937,0.0024695885367691517,0.06646676361560822,0.01657729223370552,0.08541744947433472,0.004384892992675304,0.0655667707324028,0.05912671983242035,0.0,0.0,0.19031411409378052,0.0,0.0,0.003996793180704117,0.4994450509548187,0.14078551530838013,0.0007947857957333326,0.021421125158667564,0.37947356700897217,0.0,0.0016206949949264526,0.00020239473087713122,0.2128511369228363,0.0,0.03448233753442764,0.0,0.006122132763266563,0.0,0.002279844833537936,0.09246250241994858,0.0,0.0,0.19449801743030548,0.05174392834305763,0.0,0.0,0.23799194395542145,0.0,0.010074351914227009,0.03460481017827988,0.038415275514125824,0.04535550996661186,0.0,0.009585299529135227,0.09975407272577286,0.005507530644536018,0.02009470760822296,0.3266698122024536,0.0,0.0,0.0,0.07702280580997467,0.048378363251686096,0.0,0.08564295619726181,0.0,0.0,0.28559866547584534,0.012209967710077763,0.0,0.03477116674184799,0.0,0.0,0.04431814327836037,0.4818292558193207,0.0,0.001366106909699738,0.2623293399810791,0.0489332377910614,0.001794781070202589,0.08241824060678482,0.0,0.07508306205272675,0.045529671013355255,0.0,0.0,0.0,0.0417264923453331,0.004628425929695368,0.0,0.0008865159470587969,0.04692663997411728,0.10118477046489716,0.014113894663751125,0.20309783518314362,0.0013452267739921808,0.033299997448921204,0.006852718535810709,0.0,0.17595559358596802,0.0036656432785093784,0.01905953884124756,0.09571871161460876,0.0,0.0,0.12851814925670624,0.031098781153559685,0.0,0.04210375249385834,0.4313560426235199,0.06192367523908615,0.06307540833950043,0.0,0.08112804591655731,0.1671101450920105,0.03479127585887909,0.09274055808782578,0.0,0.056106191128492355,0.015018070116639137,0.044400617480278015,0.041693784296512604,0.09270314872264862,0.3953074514865875,0.0013602041872218251,0.39767560362815857,0.0,0.01607762649655342,0.007923011668026447,0.3032902777194977,0.10386981070041656,0.14142397046089172,0.13439889252185822,0.0,0.016350656747817993,0.0049493564292788506,0.014809157699346542,0.0,0.035351525992155075,0.030508358031511307,0.0,0.0,0.0009429854108020663,0.0,0.12114544212818146,0.0,0.0,0.09037221223115921,0.07143667340278625,0.30824169516563416,0.0,0.0,0.0,0.0,0.0,0.0,0.4308210015296936,0.0,0.0,0.0,0.0,0.21203365921974182,0.0,0.0,0.0,0.05671616643667221,0.0038011479191482067,0.011954329907894135,0.2722359001636505,0.29384657740592957,0.0,0.01634671352803707,0.004551599733531475,0.040443457663059235,0.0,0.0,0.0,0.0,0.04413727670907974,0.0,0.0,0.0,0.00400583678856492,0.00795349758118391,0.10299862921237946,0.10027264803647995,0.0,0.0072252280078828335,0.0,0.00240100035443902,0.0,0.38665202260017395,0.02646598406136036,0.2816214859485626,0.0,0.05596831440925598,0.006816323846578598,0.001401097746565938,0.0,0.04076266288757324,0.0,0.053127799183130264,0.0,0.008503755554556847,0.019403040409088135,0.0,0.022189369425177574,0.0,0.06387272477149963,0.0,0.0323886014521122,0.03841429576277733,0.0018820487894117832,0.0,0.0,0.0,0.0,0.8776652812957764,0.2652749717235565,0.0,0.0,0.013209049589931965,0.0,0.007572368253022432,0.038104284554719925,0.07818545401096344,0.0,0.0,0.5923411250114441,0.0,0.0,0.0,0.005000400356948376,0.0,0.0,0.0,0.0,0.0,0.0,0.0,0.4576612412929535,0.03938083350658417,0.0,0.02719918079674244,0.0,0.00029966115835122764,0.0003386809548828751,0.0,0.01227886788547039,0.0,0.024014711380004883,0.23979376256465912,0.025999274104833603,1.2226506471633911,0.0,0.0018669437849894166,0.005893963389098644,0.0015499925939366221,0.0,0.01399661973118782,2.3220102787017822,0.05802914500236511,0.0,0.0,0.030422234907746315,0.0,0.0,0.0,0.0594969317317009,0.0,0.0,0.5267993807792664,0.0,0.005632450804114342,0.046901874244213104,0.0,0.0,0.0,0.08296534419059753,0.17992441356182098,0.055003270506858826,0.0,0.17701929807662964,0.0,0.0,0.0,0.0,0.0,0.115646593272686,0.008789725601673126,0.01523485779762268,0.001894907676614821,0.0,0.199092298746109,0.023138942196965218,0.012763802893459797,0.0722891241312027,0.5918027758598328,0.0,0.018821921199560165,0.19061331450939178,0.0,0.0,0.0,0.0,0.0,0.06990755349397659,0.0027646536473184824,0.008730445988476276,0.0018286663107573986,0.0,0.0,0.011075075715780258,0.0,0.1781914085149765,0.0310239028185606,1.0320645570755005,0.0,0.03714931756258011,0.0035379452165216208,0.009427415207028389,0.05362145975232124,0.0,0.05411098152399063,0.0,0.0,0.6767181158065796,0.0,0.026266802102327347,0.0,0.0,0.0,0.0,0.01927730068564415,0.005247201770544052,0.0,0.0,0.0,0.0,0.0,0.0,0.0,0.0,0.0,0.0052549876272678375,0.0,0.0,0.2045924812555313,0.0,0.0990041047334671,0.0,0.0,0.0,0.0050968904979527,0.0,0.03805377706885338,0.0,0.0034019947052001953,0.059920959174633026,0.0,0.0,0.0,0.021032383665442467,0.10986825078725815,0.0,0.047893330454826355,0.009143036790192127,0.0,0.030357394367456436,0.0,0.011002928018569946,0.0,0.018017087131738663,0.0,0.0,0.0,0.037680093199014664,0.0,0.0,0.006577040068805218,0.06049568951129913,0.0,0.0012962233740836382,0.3170718252658844,0.08741065114736557,0.0,0.0033364640548825264,0.0,0.0066949171014130116,0.05228098854422569,0.0,0.003747874405235052,0.09878256916999817,0.01915750838816166,0.0,0.03222179785370827,0.0,0.04202566295862198,0.0,0.0,0.002753604669123888,0.01711178943514824,0.21595804393291473,0.028315674513578415,0.0029161095153540373,0.005220505408942699,0.17123985290527344,0.001042845193296671,0.01631736010313034,0.0,0.28581753373146057,0.09057389199733734,0.08677297830581665,0.0,0.0,0.0,1.0561497211456299,0.39763832092285156,0.11136475205421448,0.0,0.0,0.0,0.0,0.0,0.020453428849577904,0.0023838060442358255,0.5933003425598145,0.012236025184392929,0.15982772409915924,0.0,0.0,0.0,0.005062899552285671,0.026286961510777473,0.0,0.0,0.043411701917648315,0.22597044706344604,0.0,0.022919578477740288,0.3076768219470978,0.006875816732645035,0.46828627586364746,0.04865320026874542,0.012982679530978203,0.3118632137775421,0.062199462205171585,0.04691052809357643,0.0,0.3502742648124695,0.017276713624596596,0.0,0.0,0.0,0.0,0.0,0.11093144118785858,0.0,0.004290317185223103,0.3066811263561249,0.023386774584650993,0.0,0.0,0.15116094052791595,0.01790730096399784,0.0024079179856926203,0.0074938819743692875,0.0,0.0,0.19158636033535004,0.0,0.0,0.0,0.06837532669305801,0.007974052801728249,0.0,0.005130908451974392,0.0,0.003104796400293708,0.0,0.0,0.012356888502836227,0.3017164468765259,0.0054809027351439,0.0,0.011281375773251057,0.0,0.16075412929058075,0.0,0.0,0.013184774667024612,0.0,0.07042578607797623,0.019255224615335464,0.0,0.0,0.0,0.0,0.0,0.0,0.0,0.004571035038679838,0.0,0.0,0.0,0.021297378465533257,0.0,0.003815313568338752,0.0,0.03859773278236389,0.013306831009685993,0.030666425824165344,0.004614896606653929,0.03306233882904053,0.0,0.02337789349257946,0.0,0.15705956518650055,0.019673656672239304,0.0250578410923481,0.1506117582321167,0.09793350845575333,0.0,0.0,0.0,0.0013229596661403775,0.004341216292232275,0.22245346009731293,0.03377097100019455,0.009977761656045914,0.0,0.02339361235499382,0.05336715653538704,0.030274830758571625,0.0,0.02308671548962593,0.0011328639229759574,0.0,0.05701658874750137,0.07387586683034897,0.016448386013507843,0.009235519915819168,0.0,0.038304392248392105,0.010671236552298069,0.07487685978412628,0.04601673036813736,0.0,0.0,0.10104455798864365,0.1208561360836029,0.029875077307224274,0.0004518020141404122,0.0,0.008285600692033768,0.0,0.587511420249939,0.014155818149447441,0.018065327778458595,0.0,0.15055641531944275,0.09717999398708344,0.09090869873762131,0.0,0.09532134979963303,0.0,0.0,0.25436466932296753,0.147184357047081,0.0,0.0730012059211731,0.0,0.8070037364959717,0.0,0.0021225661039352417,0.006075514480471611,0.0004918265622109175,0.0006990385008975863,0.010617426596581936,0.0,0.0,0.11903132498264313,0.0013219744432717562,0.18899211287498474,0.0,0.0646180659532547,0.0,0.0,0.0028703641146421432,0.1092539131641388,0.2500421702861786,0.0,0.024211954325437546,0.1792411059141159,0.0,0.027071980759501457,0.017665045335888863,0.0,0.0,0.10657887160778046,0.015355396084487438,0.005053617991507053,0.008937444537878036,0.021922169253230095,0.20831719040870667,0.007541624363511801,0.0,0.0,0.039812635630369186,0.11267165839672089,0.005345064215362072,0.0,0.0,0.026236459612846375,0.0007760596345178783,0.010503007099032402,0.013877902179956436,0.1317089945077896,0.000913057301659137,0.07520736008882523,0.0,0.0770336166024208,0.6221967935562134,0.05728340521454811,0.09459096938371658,0.010306937620043755,0.08002860844135284,0.006052968557924032,0.0,0.0,0.003804874373599887,0.05431274324655533,0.02621099166572094,0.04053385183215141,0.003075969172641635,0.038023725152015686,0.0030860595870763063,0.40566733479499817,0.15691636502742767,0.0,0.05040315166115761,0.0,0.2120315581560135,0.3656741678714752,0.03491578251123428,0.014687852934002876,0.6354361176490784,0.01760011725127697,0.8204863667488098,0.10620635747909546,0.0044724298641085625,0.0,0.0,0.07213339954614639,0.0,0.04479406401515007,0.0,0.0025376940611749887,0.039561089128255844,0.0,0.03234497457742691,1.2089645862579346,0.18209075927734375,0.02905535139143467,0.0,0.06129063665866852,0.0,0.052018824964761734,0.027671266347169876,0.006001620087772608,0.0,0.3929676413536072,0.044494301080703735,0.03381621465086937,0.016825610771775246,0.0,0.0,0.06379461288452148,0.0,0.1381630152463913,0.06328258663415909,0.0,0.21396952867507935,0.0038358259480446577,0.06878358125686646,0.0,0.005352966953068972,0.00022224962594918907,0.0,0.6529751420021057,0.36590149998664856,0.0,0.05911025404930115,0.1588883101940155,0.023669887334108353,0.07519557327032089,0.00901817437261343,0.016725856810808182,0.008938775397837162,0.0,0.0019654345232993364,0.0,0.017647122964262962,0.0,0.06990166008472443,0.0074782888405025005,0.06787752360105515,0.09736040234565735,0.0,0.0,0.02234645187854767,0.028066584840416908,0.03844999894499779,0.22334593534469604,0.01072318758815527,0.0,0.11404722929000854,0.0,0.03291071951389313,0.07928557693958282,0.0021925901528447866,0.0431421622633934,0.001897165784612298,0.0,0.00757970567792654,0.4188212454319,0.0,0.02753376215696335,0.01393919438123703,0.0,0.0,0.0,0.015164660289883614,0.0,0.0,0.024704553186893463,0.021537508815526962,0.016583919525146484,0.0050177667289972305,0.024150066077709198,0.0,0.7122674584388733,0.09793856739997864,0.002345867222175002,0.21361541748046875,0.0441255085170269,0.0,0.007681634277105331,0.0,0.02793995663523674,0.0,0.007973198778927326,0.05007680878043175,0.028125643730163574,0.014779414050281048,0.0,0.0010023533832281828,0.0,0.013040305115282536,0.0,0.10417404770851135,0.05418001115322113,0.026274563744664192,0.03820130228996277,0.1553422212600708,0.07902376353740692,0.04320386424660683,0.10971313714981079,0.034591227769851685,0.0,0.14493098855018616,0.0,0.0,0.0,0.021255306899547577,0.018079860135912895,0.0,0.09015263617038727,0.226612851023674,0.0,0.0,0.0,0.048185840249061584,0.0,0.0,0.05718176066875458,0.0031709433533251286,0.0031149100977927446,0.06252311170101166,0.016727736219763756,0.0,0.024722028523683548,0.0,0.0,0.011029901914298534,0.0,0.03458496183156967,0.2139454334974289,0.006470799446105957,0.4640827476978302,0.016734102740883827,0.017565900459885597,0.19791670143604279,0.0,0.03021913766860962,0.0,0.0,0.00249605905264616,0.0,0.0870877355337143,0.4472927451133728,0.0,0.004804979544132948,0.0,0.0,0.009192807599902153,0.0,0.013773965649306774,0.0,0.0,0.44064435362815857,0.0,0.0,0.0,0.0,0.15774568915367126,0.007321253418922424,0.0,0.0,0.0,0.19827857613563538,0.01957808993756771,0.04762808978557587,0.0027088832575827837,0.0,0.013662504032254219,0.020366232842206955,0.0,0.0,0.06117397919297218,0.01976107992231846,0.026977408677339554,0.01945331133902073,0.0,0.0,0.043872490525245667,0.0,0.019516071304678917,0.0,0.0,0.01854231208562851,0.06126612797379494,0.08120540529489517,0.0008540701819583774,0.03172271326184273,0.04604301601648331,0.08271284401416779,0.0,0.033591367304325104,0.5760743021965027,0.013401119969785213,0.2857375741004944,0.04738972336053848,0.2102898359298706,0.02346098981797695,0.15005426108837128,0.0,0.012391950003802776,0.0,0.043804991990327835,0.04203265532851219,0.012098351493477821,0.0,0.022294240072369576,0.0,0.04777586832642555,0.025305502116680145,0.11481036990880966,0.0031079237814992666,0.438264399766922,0.026162397116422653,0.020397644490003586,0.0,0.003344907658174634,0.05518512800335884,0.0,0.03154006972908974,0.02601204439997673,0.0,0.022417128086090088,0.03453631326556206,0.0,0.008951347321271896,0.053816068917512894,0.020096812397241592,0.007783763576298952,0.009466865099966526,0.022387776523828506,0.017751619219779968,0.015870066359639168,0.0,0.0,0.0,0.052386339753866196,0.08924618363380432,0.8574144244194031,0.0,0.0,0.0,0.0,0.0,0.08399225026369095,0.0,0.0,0.0,0.0,0.0,0.00033179641468450427,0.12006772309541702,0.0,0.0007019948679953814,0.13383829593658447,0.0023998022079467773,0.16090555489063263,0.056546565145254135,0.10247714072465897,0.0,0.1675092577934265,0.0,0.0,0.004400354810059071,0.031056012958288193,0.0009256970952264965,0.0,0.29601141810417175,0.0,0.0,0.055075760930776596,0.0,0.0,0.0,0.0,0.0,0.0,0.037561558187007904,0.07788096368312836,0.003984697163105011,0.0,0.0,0.010624847374856472,0.008904621936380863,0.0,0.0015057229902595282,0.0855933278799057,0.013848154805600643,0.07837516069412231,0.099703848361969,0.0,0.04546511545777321,0.0,0.0,0.0,0.0816858559846878,0.0,0.0,0.001482331776060164,0.0,0.0,0.0,0.0,0.021163534373044968,0.0,0.0,0.0,0.0,0.0,0.0,0.010781355202198029,0.003003537654876709,0.01901216059923172,0.5857457518577576,0.0,0.012015998363494873,0.0,0.0,0.0007337451097555459,0.15035907924175262,0.0,0.09290844202041626,0.34060025215148926,0.0,0.0,0.0019037211313843727,0.0,0.0,0.0,0.0,0.38751983642578125,0.0,0.0,0.0,0.0,0.0,0.433541864156723,0.12264619022607803,0.0048134783282876015,0.0,0.008226683363318443,0.21114331483840942,0.35557541251182556,0.0,0.0,0.010841676965355873,0.0,0.0,0.0,0.0,0.0,0.012248031795024872,0.0,0.0,0.0,0.0,0.24366946518421173,0.0,0.05954673886299133,0.014509239234030247,0.02407475747168064,0.0,0.31090760231018066,0.18875277042388916,0.0,0.11045779287815094,0.0,0.0,0.0,0.004158100113272667,0.046102818101644516,0.0,0.0,0.046882763504981995,0.0,0.04049689695239067,0.03963020443916321,0.02192167192697525,0.0,0.0392703153192997,0.006229214835911989,0.13154512643814087,0.016482802107930183,0.024316849187016487,0.015121863223612309,0.0,0.035406626760959625,0.026856685057282448,0.08857273310422897,0.08262625336647034,0.0,0.0,0.006191859021782875,0.0461709126830101,0.0,0.0003716838255058974,0.022871164605021477,0.0,0.005883596371859312,0.0,0.0,0.0,0.0,0.012891042977571487,0.007246373686939478,0.004852786660194397,0.0,0.0,0.11538450419902802,0.04600220546126366,0.05814812704920769,0.0024148107040673494,0.011680657044053078,0.0,0.0,0.0,0.2553349733352661,0.0,0.06541918218135834,0.04347015544772148,0.010007556527853012,0.0,0.2904050648212433,0.0055476282723248005,0.04956505447626114,0.0
0.0,0.008858340792357922,0.33406418561935425,0.0,0.0,0.0,0.013350839726626873,0.012894735671579838,0.0,0.07082729041576385,0.0,0.055482495576143265,0.027736973017454147,0.3108183443546295,0.08864068984985352,0.15422949194908142,0.0,0.022734614089131355,0.0,0.21453098952770233,0.05785670876502991,0.0,0.05752841383218765,0.14016559720039368,0.05830563232302666,0.09416869282722473,0.0,0.0,0.0,0.0,0.45574846863746643,0.15781348943710327,0.0009114539716392756,0.0,0.25881335139274597,0.17843790352344513,0.0003666162374429405,0.046823110431432724,0.0,0.09098318219184875,0.36143386363983154,0.0,0.004462763201445341,0.14682210981845856,0.47432148456573486,0.008031018078327179,0.04095189645886421,0.0,0.24773895740509033,0.0,0.0020758784376084805,0.19178535044193268,0.011760463938117027,0.16679979860782623,0.026408620178699493,0.0,0.0,0.0,0.07580592483282089,0.006568610668182373,0.0,0.5271614193916321,0.09830805659294128,0.0,0.003417806699872017,0.36630547046661377,0.12058442831039429,0.021711256355047226,0.026281816884875298,0.0,0.13328972458839417,0.012438518926501274,0.004415126051753759,0.10256576538085938,0.0038219166453927755,0.08486355096101761,0.38822582364082336,0.004185104742646217,0.19313551485538483,0.3941957354545593,0.0,0.10563575476408005,0.0,0.08633887022733688,0.006008872762322426,0.2264193594455719,0.0374399870634079,0.0,0.0,0.03533823788166046,0.018265917897224426,0.01728799380362034,0.20066209137439728,0.4215763211250305,0.0028934008441865444,0.17399506270885468,0.028902890160679817,0.0,0.0,0.0,0.02261708490550518,0.0315600149333477,0.11001153290271759,0.025647293776273727,0.06884418427944183,0.016230998560786247,0.017744645476341248,0.0,0.0,0.0018530749948695302,0.06899816542863846,0.011027056723833084,0.0,0.17570586502552032,0.005358708091080189,0.43823298811912537,0.0,0.08181971311569214,0.0,0.1569054275751114,0.0121630122885108,0.0014661336317658424,0.3408973813056946,0.037442661821842194,0.0,0.005506907589733601,0.2563670873641968,0.02450072579085827,0.09937314689159393,0.009391882456839085,0.09268468618392944,0.0,0.05450167506933212,0.018040776252746582,0.04362781345844269,0.07501015812158585,0.005827262531965971,0.0,0.007707880809903145,0.0,0.09416671842336655,0.04275352507829666,0.0,0.02251693233847618,0.21237072348594666,0.0,0.04912624508142471,0.28523948788642883,0.003177323378622532,0.06292817741632462,0.08478390425443649,0.0,0.043028660118579865,0.07490171492099762,0.0,0.028685057535767555,0.0041190385818481445,0.05993332713842392,0.16623865067958832,0.09117332100868225,0.0017771997954696417,0.008695635013282299,0.02374294213950634,0.4052062928676605,0.07970349490642548,0.0,0.2321801632642746,0.006490130443125963,0.10405762493610382,0.31713610887527466,0.10815320163965225,0.0326620489358902,0.06158207729458809,0.23256194591522217,0.06082719936966896,0.03377646580338478,0.5516882538795471,0.02184242010116577,0.0,0.30172935128211975,0.0,0.008317835628986359,0.03371809422969818,0.010065513662993908,0.013472864404320717,0.2562216818332672,0.18132945895195007,0.0689617171883583,0.046269532293081284,0.31991469860076904,0.02846730686724186,0.05512545630335808,0.0022505521774291992,0.01831461861729622,0.0272819921374321,0.014483644627034664,0.026263676583766937,0.018879719078540802,0.28895920515060425,9.731292811920866e-05,0.1430303007364273,0.02106538787484169,0.0,0.17945875227451324,0.0,0.015102691948413849,0.022467169910669327,0.020024852827191353,0.04264332726597786,0.10444922745227814,0.11913065612316132,0.0,0.20941616594791412,0.0,0.01252762321382761,0.017455019056797028,0.05131875351071358,0.031149378046393394,0.0,0.006102351937443018,0.056730933487415314,0.0006077492143958807,0.1625109314918518,0.13240991532802582,0.0,0.15162557363510132,0.0141604570671916,0.03248245269060135,0.07884246855974197,0.12003118544816971,0.16989721357822418,0.0,0.18123619258403778,0.09874705225229263,0.12991170585155487,0.29430222511291504,0.026409883052110672,0.10134097933769226,0.026364056393504143,0.004678876604884863,0.0,0.06982424855232239,0.09560274332761765,0.0,0.0582549013197422,0.0416567362844944,0.04720049351453781,0.06243643909692764,0.0,0.024081218987703323,0.012323579750955105,0.0008888393640518188,0.0018264007521793246,0.013531709089875221,0.010368282906711102,0.11322463303804398,0.0,0.08111926913261414,0.09650888293981552,0.46354252099990845,0.0,0.017951054498553276,0.0229099839925766,0.0,0.12530046701431274,0.03470076248049736,0.07418955862522125,0.11235883831977844,0.002479107351973653,0.012828819453716278,0.0829785168170929,0.0,0.0022241927217692137,0.12412676960229874,0.035622771829366684,0.0,0.0668950304389,0.004632508847862482,0.16124814748764038,0.15890511870384216,0.0,0.0,0.010150814428925514,0.14101016521453857,0.03449760004878044,0.6367930769920349,0.0,0.0,0.16133077442646027,0.044585056602954865,0.14507102966308594,0.17898131906986237,0.06201304495334625,0.0,0.047579970210790634,0.011113934218883514,0.2641073167324066,0.0,0.28876927495002747,0.0,0.01606437750160694,0.02647406980395317,0.1796017289161682,0.13763371109962463,0.17641469836235046,0.0,0.03671287000179291,0.01735292375087738,0.0,0.0,0.0,0.17813655734062195,0.02331141196191311,0.19211584329605103,0.03185606002807617,0.3010401427745819,0.032099124044179916,0.008895762264728546,0.16220737993717194,0.025752192363142967,0.0,0.013376290909945965,0.0,0.0,0.7784009575843811,0.0,0.0,0.024394478648900986,0.0,0.0,0.0044482396915555,0.06692510843276978,0.0,0.0,0.024836529046297073,0.0,0.0,0.0,0.011330307461321354,0.06155506148934364,0.1070694550871849,0.0038336587604135275,0.0,0.006509027443826199,0.0,0.0,0.0,0.009347956627607346,0.0,0.0,0.1249261200428009,0.0,0.11643936485052109,0.017174329608678818,0.24346846342086792,0.0,0.0,0.0,0.03545096516609192,0.006863911170512438,0.0017967980820685625,0.0,0.0,0.0,0.0,0.004679149482399225,0.08362957090139389,0.055520687252283096,0.0,0.0,0.41610583662986755,0.0,0.0,0.05851132050156593,0.004020604304969311,0.0,0.009854134172201157,0.0,0.0019341764273121953,0.2179453819990158,0.054583147168159485,0.0,0.0,0.0030172390397638083,0.017033612355589867,0.0,0.0,0.05708673968911171,0.0,0.0,0.30605843663215637,0.0,0.0,0.0,0.0,0.0,0.13762088119983673,0.0,0.09118326008319855,0.024125302210450172,0.003430447541177273,0.007111066486686468,0.0,0.012481702491641045,0.0,0.0,0.014553911983966827,0.0,0.0,0.02807353064417839,0.0,0.0,0.0,0.0,0.013709593564271927,0.0,0.0,0.0,0.0,0.0,0.039483390748500824,0.0,0.03469851613044739,0.0,0.02472192794084549,0.11300260573625565,0.018574703484773636,0.006283457390964031,0.0,0.14782434701919556,0.0,0.005812234710901976,0.0,0.07932690531015396,0.0,0.0,0.0,0.0,0.002710619242861867,0.0,0.0,0.0,0.014647598378360271,0.006393712945282459,0.0,0.0,0.15668277442455292,0.0,0.022928986698389053,0.03629905357956886,0.002598923398181796,0.0,0.0,0.03512084111571312,0.0,0.008412698283791542,0.0,0.0,0.01669394224882126,0.0006958312005735934,0.004819096997380257,0.21023370325565338,0.0,0.0,0.050959512591362,0.2219083458185196,0.055824603885412216,0.0,0.0,0.0,0.0,0.0,0.013150472193956375,0.0,0.017209114506840706,0.0,0.0,0.0663757398724556,0.031226597726345062,0.0,0.0,0.0,0.1724349409341812,0.003331590909510851,0.05540134385228157,0.2617163360118866,0.019300103187561035,0.0,0.0,0.0,0.04429085552692413,0.0,0.0,0.0,0.0,0.0,0.0,0.013807342387735844,0.029193036258220673,0.0,0.0,0.0,0.009183982387185097,0.014573626220226288,0.013923504389822483,0.0,0.0,0.0,0.0882367193698883,0.03299297019839287,0.026509813964366913,0.01271866075694561,0.0,0.0,0.0,0.0,0.11232821643352509,0.04533247649669647,0.0,0.012357566505670547,0.0,0.0,0.4223306179046631,0.0,0.0,0.0,0.0,0.0,0.0,0.023316452279686928,0.010986591689288616,0.0,0.004145852290093899,0.00025771974469535053,0.0,0.1921083778142929,0.0,0.0,0.0,0.024026164785027504,0.008763187564909458,0.008234861306846142,0.0,0.053715456277132034,0.0,3.549694883986376e-05,0.0023853874299675226,0.0,0.0,0.00107932323589921,0.0,0.01930590160191059,0.010317710228264332,0.14102448523044586,0.0,0.015460805967450142,0.0,0.0,0.03619913011789322,0.0,0.00843279343098402,0.12027594447135925,0.05258883163332939,0.0,0.2133459895849228,0.05072624236345291,0.003443714464083314,0.0,0.05712294578552246,0.2732997238636017,0.0,0.027191441506147385,0.0791662186384201,0.0,0.0,0.00679109338670969,0.009467601776123047,0.0,0.0,0.018477005884051323,0.09688875824213028,0.0,0.06014583632349968,0.0,0.10382047295570374,0.06851799786090851,0.14213337004184723,0.04366401582956314,0.0,0.0,0.0,0.0074805342592298985,0.007740001659840345,0.0,0.011912966147065163,0.1528370976448059,0.011715449392795563,0.03805981203913689,0.0,0.0,0.0,0.0,0.0,0.017487287521362305,0.0,0.0,0.0,0.3630346357822418,0.013428326696157455,0.020407574251294136,0.0,0.21570417284965515,0.0,0.0,0.019494879990816116,0.020662350580096245,0.025506000965833664,0.045700475573539734,0.0,0.0,0.0,0.0,0.0,0.0,0.026009127497673035,0.008503482677042484,0.0,0.006787117570638657,0.0,0.07307139784097672,0.007157932035624981,0.008827264420688152,0.0,0.0,0.0,0.0,0.000244538183324039,0.002516999142244458,0.0,0.0,0.0,0.0,0.10168342292308807,0.007490892428904772,0.0,0.0,0.0,0.0,0.020690398290753365,0.0,0.0,0.012203745543956757,0.0,0.0,0.01772930845618248,0.0,0.0,0.07546446472406387,0.003530436661094427,0.08594255149364471,0.03279310092329979,0.0,0.22343197464942932,0.004726492799818516,0.07144787162542343,0.006386694964021444,0.005563714541494846,0.12703095376491547,0.0,0.04507208988070488,0.09160766005516052,0.0,0.02295219898223877,0.0,0.0,0.0,0.0,0.0,0.0,0.027055658400058746,0.0,0.07918956875801086,0.0,0.0,0.0,0.15222516655921936,0.0058694863691926,0.0,0.0,0.0,0.04446844756603241,0.10060896724462509,0.005995047278702259,0.0,0.07908449321985245,0.050297971814870834,0.0,0.0,0.00434531457722187,0.05943693965673447,0.00803402066230774,0.0,0.41902175545692444,0.06789766997098923,0.020307855680584908,0.0,0.03853368014097214,0.0,0.10228494554758072,0.0,0.0,0.0,0.0012488311622291803,0.024454405531287193,0.2177239954471588,0.09935963898897171,0.043196987360715866,0.0,0.03181198984384537,0.07062233984470367,0.0,0.0,0.0,0.05084800720214844,0.0,0.015615267679095268,0.0,0.0796172022819519,0.0,0.27060240507125854,0.0,0.0,0.0,0.23897506296634674,0.03448190912604332,0.0,0.007940816693007946,0.5051336884498596,0.0,0.02133972942829132,0.0,0.009193921461701393,0.0,0.0,0.0,0.0036831998731940985,0.2631050944328308,0.0,0.15052981674671173,0.003617338603362441,0.0,0.0151057168841362,0.006775934714823961,0.0,0.0175530556589365,0.006644693668931723,0.0,0.2897788882255554,0.0820915699005127,0.0,0.0,0.008490994572639465,0.07755803316831589,0.0,0.35721686482429504,0.0013596272328868508,0.0,0.0,0.05820378288626671,0.0,0.10541974008083344,0.14439769089221954,0.08154162764549255,0.1711479127407074,0.027918636798858643,0.0,0.013119500130414963,0.03085654228925705,0.038517337292432785,0.020446745678782463,0.0,0.0,0.16048602759838104,0.010424535721540451,0.052852269262075424,0.0,0.01816290058195591,0.07116668671369553,0.29008135199546814,0.006094198673963547,0.04389386624097824,0.06424415856599808,0.04802710935473442,0.007948462851345539,0.0,0.0,0.07117726653814316,0.0,0.006101837381720543,0.1596498340368271,0.030179381370544434,0.03906060755252838,0.0,0.03300975635647774,0.0,0.0,0.041934479027986526,0.09446443617343903,0.06995406001806259,0.0021184319630265236,0.14561627805233002,0.0,0.002615937264636159,0.0,0.008658517152071,0.045726142823696136,0.16910451650619507,0.004495799541473389,0.14101454615592957,0.045365285128355026,0.0,0.004445190541446209,0.0,0.0,0.0,0.0,0.008233739994466305,0.0,0.0,0.07414014637470245,0.18829330801963806,0.0,0.005162776913493872,0.03849990665912628,0.013517308048903942,0.0,0.23253700137138367,0.0,0.0,0.025817444548010826,0.028039943426847458,0.0,0.02791047841310501,0.010107473470270634,0.2545291781425476,0.0,0.01073445100337267,0.5426617860794067,0.0,0.02224591001868248,0.0052367402240633965,0.0,0.0,0.0,0.05253148451447487,0.03873028606176376,0.0,0.14564110338687897,0.0,0.0,0.0031816386617720127,0.0,0.0,0.007552404422312975,0.0,0.002794113242998719,0.0024062739685177803,0.005791220813989639,0.004730981774628162,0.0,0.36593759059906006,0.0,0.0,0.0,0.0,0.0,0.0010875738225877285,0.6521595120429993,0.07450234144926071,0.009367252700030804,0.004898817744106054,0.07130095362663269,0.0,0.022563301026821136,0.0,0.24979621171951294,0.02559696137905121,0.055263910442590714,0.012927546165883541,0.01629304327070713,0.012935353443026543,0.008909723721444607,0.18543334305286407,0.0,0.01627282425761223,0.0,0.09918127954006195,0.05718459561467171,0.10217244923114777,0.005354253575205803,0.07120072096586227,0.046122197061777115,0.0,0.4452022314071655,0.0,0.0,0.018740659579634666,0.008893504738807678,0.1250595897436142,0.0,0.0024744337424635887,0.0,0.08538703620433807,0.1507217288017273,0.0,0.10970661044120789,0.022563213482499123,0.08049097657203674,0.0,0.042072929441928864,0.37180250883102417,0.0,0.1875946819782257,0.05992057919502258,0.19861464202404022,0.05007496476173401,0.036340486258268356,0.12031804025173187,0.13368608057498932,0.03530648350715637,0.1737029105424881,0.0,0.0,0.37523722648620605,0.02438979409635067,0.0,0.01813473179936409,0.0,0.0,0.08430296182632446,0.0,0.0,0.0,0.0,0.0,0.0,0.23121672868728638,0.07598370313644409,0.0,0.0,0.01857748255133629,0.0,0.0013884902000427246,0.08350705355405807,0.0,0.16524739563465118,0.0,0.13155223429203033,0.0,0.014843401499092579,0.04639969766139984,0.0,0.030635211616754532,0.0,0.026521902531385422,0.14934442937374115,0.0,0.08051279187202454,0.02706858329474926,0.07927271723747253,0.0,0.14272834360599518,0.03437146544456482,0.024669982492923737,0.0,0.2068985551595688,0.0,0.0,0.0021658495534211397,0.5459867119789124,0.16445507109165192,0.0035839152988046408,0.04701317846775055,0.39462167024612427,0.006070117931813002,0.008210740052163601,0.0,0.2578055262565613,0.0,0.05085346847772598,0.0,0.0,0.0,0.0,0.07212811708450317,0.0061990381218492985,0.0,0.09792739152908325,0.0335712693631649,0.0,0.0005586612387560308,0.27865153551101685,0.0,0.003999817185103893,0.01264518778771162,0.02069990709424019,0.05261305719614029,0.0070784627459943295,0.017356926575303078,0.0956096202135086,0.0,0.012510106898844242,0.34787869453430176,0.0,0.0,0.008727693930268288,0.07978911697864532,0.06485933065414429,0.0,0.13445919752120972,0.0,0.0,0.36695748567581177,0.0,0.0,0.0271507129073143,0.0,0.0,0.007799189072102308,0.4712783694267273,0.000587188289500773,0.0,0.2711593508720398,0.08026650547981262,0.012793476693332195,0.08554226160049438,0.0023272461257874966,0.05899972468614578,0.03963091969490051,0.0,0.0,0.0,0.046828314661979675,0.004726464860141277,0.0,0.0,0.09584049135446548,0.0995548889040947,0.0,0.20811744034290314,0.0,0.0329560823738575,0.02724701166152954,0.0,0.2466404289007187,0.013056660071015358,0.004090448841452599,0.12804171442985535,0.003834215458482504,0.0,0.09010127931833267,0.020213989540934563,0.006124286446720362,0.016035106033086777,0.426626592874527,0.05232667922973633,0.041508425027132034,0.0,0.034733910113573074,0.18247121572494507,0.026546483859419823,0.12336324900388718,0.0,0.06356742978096008,0.0026459908112883568,0.03604934364557266,0.05884508043527603,0.06710177659988403,0.4049554467201233,0.0006158232572488487,0.36250633001327515,0.0,0.025090867653489113,0.03463483974337578,0.23552826046943665,0.12350089848041534,0.17923328280448914,0.12049129605293274,0.0,0.010726525448262691,0.022603875026106834,0.005377080291509628,0.0,0.04946022108197212,0.02649857848882675,0.0036891507916152477,0.0,0.006409020628780127,0.0,0.1583249717950821,0.0,0.0,0.1036759540438652,0.016780776903033257,0.3152311146259308,0.0,0.0,0.010355633683502674,0.0,0.0,0.0,0.44179946184158325,0.0,0.0,0.0,0.0,0.1839243769645691,0.0,0.0,0.0,0.03765743970870972,0.010389897972345352,0.018816906958818436,0.2861735224723816,0.3685346841812134,0.0,0.006968246772885323,0.0,0.047990232706069946,0.0,0.0,0.0,0.0,0.07204664498567581,0.004108601715415716,0.0,0.0,0.013688559643924236,0.022429395467042923,0.15217983722686768,0.1557900756597519,0.0,3.6917030229233205e-05,0.0,0.008447387255728245,0.0,0.3574642837047577,0.026738431304693222,0.31578361988067627,0.0,0.06128949299454689,0.007259473204612732,0.0077008940279483795,0.0,0.043488048017024994,0.0,0.05144219473004341,0.01137913204729557,0.02339271269738674,0.012163869105279446,0.0,0.007199985906481743,0.0,0.06693442910909653,0.0,0.05532129108905792,0.03009960614144802,0.0,0.0,0.0,0.0,0.0,1.0096179246902466,0.1863987296819687,0.0,0.0,0.03406606987118721,0.0022566651459783316,0.004699597135186195,0.047347746789455414,0.09326421469449997,0.0,0.0,0.5285594463348389,0.0,0.0,0.0,0.00066920998506248,0.0,0.0,0.0,0.0,0.0,0.0,0.0,0.5575668811798096,0.024726154282689095,0.0,0.05629352107644081,0.0,0.020303387194871902,0.0020136162638664246,0.0,0.001655476982705295,0.0,0.0,0.2351759523153305,0.01677190326154232,1.2770748138427734,0.0,0.0036907612811774015,0.006468708626925945,0.0008827304700389504,0.0,0.013440859504044056,2.3172619342803955,0.013170109130442142,0.0,0.0,0.04222146049141884,0.0010602903785184026,0.0,0.0,0.03794904425740242,0.0016237139934673905,0.0,0.4651133716106415,0.0,0.0068147494457662106,0.02261829376220703,0.0,0.0,0.0,0.07686565816402435,0.23072895407676697,0.029394041746854782,0.0,0.15972012281417847,0.0,0.0,0.0,0.0,0.0,0.10204042494297028,0.02653440646827221,0.024661662057042122,0.0,0.0,0.171046644449234,0.02435305528342724,0.008266682736575603,0.023374414071440697,0.5600550174713135,0.0,0.029114698991179466,0.20223195850849152,0.0018278742209076881,0.006506572477519512,0.0,0.0,0.0,0.04226317256689072,0.0,0.0,0.0,0.0,0.0,0.015403001569211483,0.0,0.09624311327934265,0.04090939462184906,0.9642140865325928,0.0,0.04000406339764595,0.0,0.010135983116924763,0.07539394497871399,0.0,0.04691866785287857,0.0,0.0,0.42248526215553284,0.0,0.038571566343307495,0.0,0.0,0.0,0.0,0.011356379836797714,0.005322151351720095,0.0,0.0,0.0,0.0,0.0,0.0,0.0,0.0,0.0,0.0,0.0,0.0024597514420747757,0.23363833129405975,0.0,0.046203646808862686,0.002889658324420452,0.0,0.0,0.0037872684188187122,0.0,0.054653268307447433,0.0,0.003042967291548848,0.03867310285568237,0.005618653260171413,0.0,0.0,0.029283680021762848,0.01713208109140396,0.0,0.11100360751152039,0.01458744052797556,0.0,0.009146020747721195,0.0,0.015536364167928696,0.0,0.01791900023818016,0.0,0.0,0.0,0.029100870713591576,0.0,0.0,0.0,0.028722591698169708,0.0009221589425578713,0.002305218018591404,0.24065372347831726,0.09083325415849686,0.0,0.0,0.0,0.0,0.06195203959941864,0.0,0.01591012068092823,0.10329882800579071,0.02949168160557747,0.0,0.03229667991399765,0.0,0.018699852749705315,0.0,0.0,0.0,0.03649374097585678,0.2016211748123169,0.04736991226673126,0.0,0.00940185971558094,0.25332891941070557,0.010055359452962875,0.01299830712378025,0.0,0.2610386312007904,0.08161444962024689,0.06278678774833679,0.038474831730127335,0.0,0.0,1.0029919147491455,0.4338768422603607,0.10224087536334991,0.0,0.0,0.002737143076956272,0.0,0.0,0.005530569702386856,0.0,0.6556698679924011,0.008782124146819115,0.14341379702091217,0.0,0.0,0.0,0.026140501722693443,0.08475211262702942,0.0,0.0,0.06244172155857086,0.19039104878902435,0.0,0.006850338075309992,0.34551018476486206,0.009864870458841324,0.41127127408981323,0.06640630960464478,0.001460154657252133,0.3071162700653076,0.05429767444729805,0.06388024240732193,0.0,0.302994966506958,0.02152216248214245,0.0,0.002391955815255642,0.009708363562822342,0.0,0.0,0.14475204050540924,0.0,0.005294467322528362,0.25570082664489746,0.024936724454164505,0.0,0.0,0.09303758293390274,0.0038465242832899094,0.003917855676263571,0.0,0.0,0.0,0.07013611495494843,0.055383406579494476,0.0,0.0,0.13385748863220215,0.01235879398882389,0.0,0.013946156948804855,0.0,0.0,0.0,0.0,0.0,0.2675182521343231,0.0,0.0,0.026327796280384064,0.0,0.1532791703939438,0.0,0.0,0.003038763301447034,0.0,0.044636793434619904,0.00509646674618125,0.0,0.0,0.0,0.0,0.0,0.0,0.0,0.0,0.0,0.0,0.0,0.017778120934963226,0.0,0.007924718782305717,0.0,0.08562669157981873,0.002474393928423524,0.02538571134209633,0.01173100434243679,0.05131690576672554,0.0,0.04638553783297539,0.0,0.12569373846054077,0.0009528768132440746,0.03162560239434242,0.09878093749284744,0.11108455061912537,0.0,0.0,0.0,0.002550301607698202,0.008563864976167679,0.2733788788318634,0.033753734081983566,0.013738518580794334,0.0,0.03367876634001732,0.03137002885341644,0.03817213699221611,0.0,0.012435240671038628,0.0,0.0,0.12249458581209183,0.11217797547578812,0.0012478092685341835,0.0,0.0,0.027746785432100296,0.017461668699979782,0.07097335159778595,0.01737082377076149,0.0,0.0,0.14453664422035217,0.0973619744181633,0.013588056899607182,0.0017796825850382447,0.0,0.006355161778628826,0.0,0.6099122762680054,0.0157355647534132,0.003171785967424512,0.0,0.17477603256702423,0.07324706763029099,0.05610070750117302,0.0,0.09502729773521423,0.0037761807907372713,0.0,0.21506427228450775,0.2595141530036926,0.0,0.09067059308290482,0.0025365829933434725,0.6993385553359985,0.0,0.001446167821995914,0.0011219430016353726,0.021679364144802094,0.02149592898786068,0.001297247363254428,0.0,0.0020887828432023525,0.048338230699300766,0.005114064086228609,0.2063029259443283,0.0,0.1155167892575264,0.0,0.0031798577401787043,0.011712467297911644,0.1080569252371788,0.31305426359176636,0.0,0.02398095093667507,0.12820345163345337,0.0,0.023422658443450928,0.0,0.0,0.0,0.10366065800189972,0.03298608958721161,0.000756461638957262,0.0,0.019314853474497795,0.17055261135101318,0.021776948124170303,0.0,0.0018207562388852239,0.03901985287666321,0.13171783089637756,0.0,0.0,0.0,0.025535952299833298,0.0012458348646759987,0.005432484205812216,0.020312488079071045,0.14518937468528748,0.00011497497325763106,0.06348416209220886,0.0,0.08729896694421768,0.7221824526786804,0.05268286168575287,0.06378728896379471,0.003221890889108181,0.083107128739357,0.014181329868733883,0.0,0.0,1.7933845811057836e-05,0.02944662608206272,0.02007548324763775,0.044858418405056,0.006049811840057373,0.019894903525710106,0.00467461533844471,0.44686225056648254,0.17285127937793732,0.0,0.045524973422288895,0.0019261013949289918,0.18090331554412842,0.34531939029693604,0.03960193321108818,0.02113795280456543,0.5857182741165161,0.014477298595011234,0.7690751552581787,0.09512151032686234,0.0006026935297995806,0.0,0.0,0.09668192267417908,0.0,0.0533112958073616,0.0,0.0,0.02801961451768875,0.0,0.02422492578625679,1.3670861721038818,0.14274758100509644,0.025048313662409782,0.0,0.05646037682890892,0.0,0.04922923445701599,0.017053479328751564,0.005656347144395113,0.0,0.41730305552482605,0.046240463852882385,0.04129161685705185,0.01990724541246891,0.0,0.0,0.04749995842576027,0.0,0.1226973608136177,0.05639910325407982,0.0,0.20840923488140106,0.0003067517245654017,0.06383147090673447,0.0,0.003970778081566095,0.0,0.0,0.5752210021018982,0.3948614001274109,0.0,0.06366326659917831,0.19293327629566193,0.03366808965802193,0.22448760271072388,0.008275950327515602,0.012668116949498653,0.0016833316767588258,0.005073850043118,0.004062235355377197,0.0,0.02249116264283657,0.0,0.05140799656510353,0.0,0.06005767732858658,0.09248945116996765,0.008487027138471603,0.0,0.058536596596241,0.027374451979994774,0.02663539908826351,0.1838761568069458,0.008340512402355671,0.0,0.14238028228282928,0.0,0.010184237733483315,0.09853598475456238,0.0,0.05417999252676964,0.010748138651251793,0.0,0.0,0.44117802381515503,0.0,0.08276493847370148,0.01568051613867283,0.0,0.0,0.0,0.015543298795819283,0.0,0.00019157885981258005,0.020047269761562347,0.004428491462022066,0.02731533721089363,0.005235855467617512,0.013107717037200928,0.0,0.702973484992981,0.10767245292663574,0.004923796746879816,0.1801798939704895,0.08266399055719376,0.0,0.0076350257731974125,0.0,0.027491876855492592,0.0,0.01171822752803564,0.04397406056523323,0.009906061924993992,0.005714572500437498,0.0,0.0,0.0,0.008431519381701946,0.0,0.11473966389894485,0.04435170069336891,0.026463203132152557,0.027760915458202362,0.13009941577911377,0.0826120674610138,0.04109295830130577,0.14370472729206085,0.043954167515039444,0.0,0.08334039896726608,0.0,0.0010946845868602395,0.0008107674075290561,0.02228105627000332,0.0036999033764004707,0.0,0.07773487269878387,0.21484588086605072,0.0,0.0,0.0,0.041108231991529465,0.0,0.0,0.0326080359518528,0.006893335375934839,0.00489805219694972,0.06259111315011978,0.018315304070711136,0.0021170866675674915,0.01478870864957571,0.0,0.0,0.0006122374325059354,0.0,0.03195565566420555,0.22717657685279846,0.032615114003419876,0.40392959117889404,0.03541329875588417,0.028737984597682953,0.2752290964126587,0.0021312714088708162,0.01757066883146763,0.0,0.0,0.0,0.0018513936083763838,0.07786896824836731,0.44612911343574524,0.0,0.00490663992241025,0.0,0.0,0.010343927890062332,0.0,0.0,0.00017633914831094444,0.0,0.4417611360549927,0.0,1.1573536539799534e-05,0.0,0.0,0.16952015459537506,0.014401300810277462,0.0,0.0,0.0,0.17915676534175873,0.0042700860649347305,0.03744804486632347,0.005791211035102606,0.0,0.014566092751920223,0.059789128601551056,0.004023904912173748,0.0,0.07001768797636032,0.019694074988365173,0.018964117392897606,0.018206458538770676,0.0,0.0,0.07674770057201385,0.0,0.04216904193162918,0.0069348011165857315,0.0,0.009222581051290035,0.05381565913558006,0.07693684846162796,0.0,0.013813954778015614,0.12837566435337067,0.04627047851681709,0.0,0.04221790283918381,0.6183661222457886,0.010678051970899105,0.26489272713661194,0.07727780193090439,0.1920703947544098,0.02338368445634842,0.34212613105773926,0.0,0.001821598969399929,0.0,0.03445868194103241,0.013923580758273602,0.015528223477303982,0.0,0.020402729511260986,0.0,0.04158220812678337,0.0009855055250227451,0.09628964215517044,0.00539756752550602,0.452521413564682,0.03230541571974754,0.05877053365111351,0.001047259895130992,0.0,0.06048820912837982,0.01052545290440321,0.05537569895386696,0.02229287475347519,0.0,0.011553976684808731,0.013887031003832817,0.0,0.0,0.06632749736309052,0.0013075637398287654,0.00853483472019434,0.008058138191699982,0.03535547852516174,0.01564941368997097,0.027579987421631813,0.0,0.0,1.6692876670276746e-05,0.10442515462636948,0.07042374461889267,0.803734302520752,0.0,0.0,0.0,0.0,0.0,0.06349804997444153,0.0,0.0,0.0,0.0,0.0,0.014940827153623104,0.1931275576353073,0.0,0.0005980980349704623,0.13395282626152039,0.030428782105445862,0.23049011826515198,0.07950951904058456,0.06399751454591751,0.0,0.19416522979736328,0.0,0.0,0.014945590868592262,0.008754941634833813,0.00741080055013299,0.0,0.2919161915779114,0.0,0.0,0.09927964210510254,0.0,0.002202539471909404,0.0,0.0,0.0013934135204181075,0.0,0.01776740700006485,0.054892707616090775,0.024414384737610817,0.0,0.0,0.01842045597732067,0.0025591934099793434,0.0,0.0,0.15055060386657715,0.011460288427770138,0.12661580741405487,0.09969337284564972,0.0,0.03520863503217697,0.0,0.0,0.0,0.1398150771856308,0.0,0.0,0.08900737762451172,0.0,0.009046768769621849,0.0,0.0,0.057761359959840775,0.0,0.0,0.0,0.0,0.0,0.0,0.02029201202094555,0.00220956327393651,0.010025029070675373,0.4966404438018799,0.0,0.009465723298490047,0.009979180991649628,0.0,0.0,0.18908868730068207,0.0,0.10597342252731323,0.37152600288391113,0.0,0.0014171552611514926,0.020669812336564064,0.0,0.0,0.0,0.0,0.36892634630203247,0.0,0.0,0.0004313129174988717,0.0,0.0,0.4542710483074188,0.06272798031568527,0.0006351113552227616,0.0,0.004124632105231285,0.08496314287185669,0.3113127052783966,0.0,0.0,0.0002960205019917339,0.0,0.0,0.0005628312937915325,0.0,0.0,0.012612616643309593,0.0,0.0,0.0011840749066323042,0.0,0.299015611410141,0.0,0.03696411848068237,0.027152055874466896,0.013447582721710205,0.0,0.3083631694316864,0.15113720297813416,0.0,0.19107204675674438,0.00013212680642027408,0.0,0.0,0.00875016301870346,0.04999187961220741,0.0,0.0,0.02425737865269184,0.0,0.036611828953027725,0.028419489040970802,0.009358812123537064,0.0,0.0036647915840148926,0.004864691291004419,0.18562676012516022,0.015380769036710262,0.01123898010700941,0.048529695719480515,0.0,0.08722815662622452,0.021872494369745255,0.06142223998904228,0.04082702472805977,0.0,0.0,0.003703720634803176,0.0561038963496685,0.0,0.0,0.03455207496881485,0.0,0.01593180000782013,0.0,0.0,0.0,0.0,0.0022718654945492744,0.012058650143444538,0.0,0.0,0.0,0.04647912457585335,0.07480080425739288,0.07675380259752274,0.017627565190196037,0.014608328230679035,0.002725770231336355,0.0,0.001005777157843113,0.20420274138450623,0.0,0.06884659081697464,0.05700479447841644,0.006760617718100548,0.0,0.36522212624549866,0.0,0.05777803808450699,0.0
0.0045420266687870026,0.005707603879272938,0.34803250432014465,0.0,0.0,0.0,0.014387066476047039,0.010688590817153454,0.007371976505964994,0.07726793736219406,0.0,0.05982400104403496,0.03851470351219177,0.335077166557312,0.08947429805994034,0.14917132258415222,0.0030640088953077793,0.023330746218562126,0.001425294321961701,0.28355085849761963,0.06353750079870224,0.0,0.06412655115127563,0.20015664398670197,0.0351732112467289,0.12042167037725449,0.0,5.807399793411605e-05,0.0,0.002331370022147894,0.3926745653152466,0.08301693201065063,0.0,0.0,0.21519604325294495,0.1485571414232254,0.0,0.036403387784957886,0.0,0.10596748441457748,0.33460724353790283,0.0003703308175317943,0.005736527498811483,0.13540951907634735,0.4887057840824127,0.017619790509343147,0.035101644694805145,0.0,0.26534533500671387,0.0,0.0,0.201497420668602,0.011898798868060112,0.14282113313674927,0.034326985478401184,0.0,0.0,0.0,0.06494839489459991,0.0017806196119636297,0.0033500182908028364,0.40753859281539917,0.08566080033779144,0.0,0.0003836083342321217,0.35812538862228394,0.11030210554599762,0.017227157950401306,0.03356701508164406,0.0,0.17552272975444794,0.015216746367514133,0.012238025665283203,0.14493808150291443,0.0,0.10249484330415726,0.34980273246765137,0.0003683688410092145,0.1638197898864746,0.3886432349681854,0.0,0.057528987526893616,0.0,0.054888516664505005,4.7698020352981985e-05,0.2569453716278076,0.04374203830957413,0.0,0.0,0.014334697276353836,0.01632015034556389,0.0,0.2080572098493576,0.436649888753891,0.005429944954812527,0.18242378532886505,0.03701653704047203,0.003633799497038126,0.0,0.0009908851934596896,0.004838423803448677,0.03810116648674011,0.09400133788585663,0.011895911768078804,0.06651803851127625,0.0,0.019046282395720482,0.0,0.0,0.0045474860817193985,0.025384636595845222,0.02587711252272129,0.0,0.13990573585033417,0.005616223905235529,0.43835440278053284,0.0,0.07753916084766388,0.0,0.14515681564807892,0.014183553867042065,0.007838299497961998,0.3231523931026459,0.025734107941389084,0.0009351301123388112,0.0,0.2025722712278366,0.03450709581375122,0.13770122826099396,0.0,0.10533502697944641,0.0,0.03163640946149826,0.012571287341415882,0.041090935468673706,0.07825712114572525,0.00855490006506443,0.0,0.010384627617895603,0.004806873854249716,0.10291139781475067,0.0322260819375515,0.0,0.014583797194063663,0.2336597442626953,0.0,0.018367106094956398,0.278329461812973,0.02181333303451538,0.054694581776857376,0.06639723479747772,0.0,0.05533565580844879,0.05677211657166481,0.0,0.038022659718990326,0.008174052461981773,0.05170274153351784,0.12272859364748001,0.10780180245637894,0.0,0.004451447632163763,0.012288250960409641,0.3147086501121521,0.10966678708791733,0.0,0.246670201420784,0.006073594093322754,0.1019856333732605,0.32544124126434326,0.10647620260715485,0.018760286271572113,0.04925220459699631,0.21323204040527344,0.034377321600914,0.05553225427865982,0.5354297161102295,0.01598379574716091,0.0,0.29061850905418396,0.0,0.0,0.04334278404712677,0.013644560240209103,0.006923262029886246,0.23926836252212524,0.15532584488391876,0.04824094474315643,0.035374853760004044,0.28937044739723206,0.032725680619478226,0.0718696117401123,0.0,0.007576799485832453,0.020400388166308403,0.02505829744040966,0.0416414700448513,0.014684672467410564,0.28607046604156494,0.00968664139509201,0.1427074670791626,0.021765997633337975,0.0,0.1637812852859497,0.0,0.02287648245692253,0.032101038843393326,0.01780739612877369,0.03251738101243973,0.13454145193099976,0.14448922872543335,0.004539089277386665,0.236116424202919,0.0,0.01700003072619438,0.02443542517721653,0.039527058601379395,0.015684008598327637,0.0,0.01771019957959652,0.05944868177175522,0.014186658896505833,0.1333094835281372,0.11822953820228577,0.009666075929999352,0.18063601851463318,0.010816511698067188,0.02345907688140869,0.08628681302070618,0.11080921441316605,0.18428702652454376,0.0,0.20742090046405792,0.057403869926929474,0.11140874028205872,0.2885044813156128,0.010045137256383896,0.07644080370664597,0.026203371584415436,0.0,0.0046058823354542255,0.08190928399562836,0.0446084588766098,0.0,0.07937615364789963,0.05339490994811058,0.030734729021787643,0.0569126233458519,0.0,0.02224702201783657,0.0,0.001002266420982778,0.0,0.013272461481392384,0.009394285269081593,0.09359894692897797,0.0,0.0919443666934967,0.10680204629898071,0.44384506344795227,0.0,0.019641947001218796,0.0161584485322237,0.0,0.10414253175258636,0.03273250535130501,0.09751221537590027,0.03754763305187225,0.004583652131259441,0.03093407116830349,0.0783035084605217,0.006185293197631836,0.00041392326238565147,0.10275931656360626,0.029453802853822708,0.0,0.048193369060754776,0.01050618663430214,0.1356254518032074,0.15398085117340088,0.005205175839364529,0.0,0.013466009870171547,0.1257428526878357,0.01571560651063919,0.6745378375053406,0.0,0.0,0.17164340615272522,0.05559225380420685,0.1418963074684143,0.1564294695854187,0.060541149228811264,0.0,0.039320651441812515,0.01936705783009529,0.1932358294725418,0.0,0.28049322962760925,0.0,0.031341079622507095,0.04325517266988754,0.13055771589279175,0.1357564926147461,0.18804776668548584,0.002829217817634344,0.013113138265907764,0.015377490781247616,0.0,0.0,0.0,0.14600235223770142,0.02142864279448986,0.19473877549171448,0.07672010362148285,0.3146912753582001,0.026580987498164177,0.007855338975787163,0.1724279224872589,0.03303169459104538,0.0,0.015602989122271538,0.0,0.0,0.7121561169624329,0.0,0.0,0.002590394113212824,0.0,0.0,0.010672638192772865,0.054492656141519547,0.0,0.0,0.04886190593242645,0.0,0.0,0.0,0.009364303201436996,0.06997660547494888,0.07501211762428284,0.0,0.0,0.0,0.0,0.0,0.0,0.0,0.003558893222361803,0.0,0.187026709318161,0.0,0.13049253821372986,0.06440932303667068,0.27538132667541504,0.0,0.0,0.0,0.052158065140247345,0.007170934695750475,0.0013071763096377254,0.0,0.0,0.0,0.0,0.00020096659136470407,0.09362878650426865,0.048081256449222565,0.0,0.0,0.5240259766578674,0.0,0.0,0.07904932647943497,0.02044227160513401,0.0,0.0057406653650105,0.0,0.006877344101667404,0.14135213196277618,0.06418751925230026,0.0,0.0,0.0,0.019197799265384674,0.0,0.0,0.05245324224233627,0.0,0.0,0.19197039306163788,0.0,0.0,0.0,0.0,0.0,0.17460420727729797,0.0,0.1385488659143448,0.007266287691891193,0.001984698697924614,0.013373974710702896,0.0,0.0017232144018635154,0.0002039015234913677,0.0,0.02666676975786686,0.0,0.0,0.04379735887050629,0.0,0.0,0.0,0.0,0.002314286306500435,0.0,0.0,0.0,0.0,0.0,0.05394740402698517,0.0,0.036549538373947144,0.0,0.021296577528119087,0.09392879158258438,0.015842854976654053,0.010023056529462337,0.00861516036093235,0.11200301349163055,0.0,0.0,0.0,0.11278648674488068,0.0,0.0,0.0,0.0011718112509697676,0.0,0.005919754039496183,0.001898117014206946,0.0,0.0248724278062582,0.006360312923789024,0.0,0.0,0.07268445193767548,0.0,0.0037819063290953636,0.03207908943295479,0.01485220156610012,0.0,0.0,0.02701050601899624,0.0,0.012010042555630207,0.0,0.0,0.025128137320280075,0.0,0.0,0.1940898448228836,0.0,0.0,0.07519408315420151,0.22907936573028564,0.026310991495847702,0.0,0.0,0.0,0.0,0.0,0.021444110199809074,0.0,0.01745556853711605,0.0,0.0,0.030571356415748596,0.04198906943202019,0.0,0.0,0.0,0.12186463177204132,0.004782451316714287,0.037059757858514786,0.18481628596782684,0.011583549901843071,0.0,0.0,0.0,0.033718787133693695,0.0,0.0,0.0,0.0,0.0,0.0,0.017210746183991432,0.03029397875070572,0.0,0.0,0.0,0.00979402381926775,0.028789997100830078,0.01748809963464737,0.0,0.0,0.008003132417798042,0.13299790024757385,0.022243933752179146,0.04771338775753975,0.025608310475945473,0.0,0.0,0.0,0.0,0.20451579988002777,0.02547137252986431,0.0,0.018796460703015327,0.0,0.0,0.39531439542770386,0.0,0.0025154140312224627,0.0,0.0,0.0,0.0,0.03932544216513634,0.01468818448483944,0.0,0.0,0.0,0.0,0.1208520159125328,0.0,0.0,0.0,0.016518915072083473,0.006058837287127972,0.05869345739483833,0.0,0.09841552376747131,0.0,0.0004982292884960771,0.018699413165450096,0.0,0.0,0.0,0.0003082960902247578,0.036878909915685654,0.024164248257875443,0.2547048330307007,0.0,0.0,0.0,0.0,0.037410493940114975,0.0,0.013084194622933865,0.07623261213302612,0.05245942994952202,0.0,0.21723489463329315,0.0423538014292717,0.0031629239674657583,0.0,0.055399905890226364,0.27955612540245056,0.0,0.03299778327345848,0.08670718222856522,0.0,0.0,0.0,0.0,0.0,0.0,0.0023061358369886875,0.08637473732233047,0.0,0.06920740008354187,0.0,0.1800529509782791,0.06268347054719925,0.086768239736557,0.014766830950975418,0.0,0.0,0.0,0.004801766946911812,0.0013603984843939543,0.0,0.021188965067267418,0.20590955018997192,0.016614774242043495,0.04808118939399719,0.0,0.0,0.0,0.0,0.0,0.028572969138622284,0.0,0.0,0.0,0.42389926314353943,0.00953021738678217,0.021806001663208008,0.0,0.1789315938949585,0.0,0.0,0.009747491218149662,0.038937948644161224,0.006800991483032703,0.040460631251335144,0.0,0.0,0.00483296625316143,0.0,0.0,0.0,0.006854379083961248,0.008441369980573654,0.0,0.01581670343875885,0.0,0.0610845647752285,0.027148602530360222,0.01876349374651909,0.0,0.0,0.0,0.0,0.0,0.007364826276898384,0.0,0.0,0.0,0.0,0.11831872165203094,0.014870209619402885,0.0020147229079157114,0.0,0.0,0.0,0.029570655897259712,0.0,0.0,0.005982115399092436,0.0,0.0,0.027587728574872017,0.0,0.0,0.07504129409790039,0.006441778969019651,0.14587458968162537,0.02194422297179699,0.0,0.22338221967220306,0.002802568720653653,0.13426560163497925,0.02052539400756359,0.0,0.07589074969291687,0.0,0.04732230678200722,0.06702427566051483,0.0,0.03577679768204689,0.00113109708763659,0.0,0.0,0.0,0.0,0.0,0.008408558554947376,0.0,0.03496091812849045,0.0,0.0,0.0,0.11819025129079819,0.0015510558150708675,0.0,0.0,0.0,0.04266366362571716,0.09309949725866318,0.020667677745223045,0.0,0.059145163744688034,0.00504039041697979,0.0,0.0,0.004022856242954731,0.058827854692935944,0.006462625227868557,0.0,0.42687249183654785,0.0994449108839035,0.026081077754497528,0.0,0.02749623730778694,0.0,0.1202971339225769,0.009660355746746063,0.0,0.0,0.0011606573825702071,0.0057317111641168594,0.2150304764509201,0.17539560794830322,0.04258067160844803,0.0,0.012192361056804657,0.08539498597383499,0.0,0.0,0.0,0.04712818190455437,0.005207824520766735,0.007880115881562233,0.00034572184085845947,0.05365520343184471,0.0,0.20782895386219025,0.0,0.0,0.0,0.3094693124294281,0.04636107385158539,0.0,0.00852798018604517,0.574701726436615,0.0,0.013091614469885826,0.0,0.015217456966638565,0.0,0.0,0.0,0.016004057601094246,0.3121463656425476,0.0,0.12799078226089478,0.0,0.0,0.0,0.004191310610622168,0.0,0.0027111792005598545,0.0034825443290174007,0.0,0.3049262762069702,0.12496432662010193,0.0,0.0,0.0,0.08621930330991745,0.0060607935301959515,0.36496639251708984,0.0,0.0,0.00036938846460543573,0.06315790861845016,0.0,0.11246917396783829,0.09998635947704315,0.09185735881328583,0.12532399594783783,0.021614298224449158,0.001461729989387095,0.0037252111360430717,0.01621449738740921,0.03665130212903023,0.009160042740404606,0.0,0.0,0.196941077709198,0.013156239874660969,0.04405738785862923,0.005788614973425865,0.019938990473747253,0.07635583728551865,0.30280545353889465,0.003864319995045662,0.02790513075888157,0.02612634189426899,0.04417979344725609,0.0018441772554069757,0.0,0.0,0.07726228982210159,0.0,0.006618032231926918,0.1471433788537979,0.057149969041347504,0.04896007478237152,0.0,0.016251638531684875,0.0,0.0,0.03722956031560898,0.060928963124752045,0.0694209486246109,0.0,0.1678231656551361,0.00018873244698625058,0.002980050165206194,0.0,0.0,0.06658919155597687,0.21541614830493927,0.021287688985466957,0.09765645861625671,0.05631372332572937,0.0,0.0,0.0009471523808315396,0.0,0.0,0.009574312716722488,0.009973252192139626,0.0,0.0,0.02963203936815262,0.1472157984972,0.0,0.006036535371094942,0.05779556185007095,0.014949138276278973,0.0,0.1664506196975708,0.0,0.005389926489442587,0.04015163332223892,0.03661433234810829,0.0,0.03770910203456879,0.008911696262657642,0.2515314519405365,0.0,0.004533851053565741,0.5202228426933289,0.0,0.02855764329433441,0.005334491841495037,0.0,0.0,0.0,0.03183262422680855,0.03391162306070328,0.0,0.14700013399124146,0.0,0.0,0.0,0.0,0.004787664394825697,0.02402760274708271,0.0,0.02339295670390129,0.0,0.0022502518258988857,0.008415396325290203,0.0,0.4178958237171173,0.0,0.0,0.0,0.0,0.0,0.003359446534886956,0.6437923312187195,0.05193192511796951,0.0,0.011985926888883114,0.0888105183839798,0.0,0.0062643541023135185,0.0,0.205251082777977,0.01786850020289421,0.05381782352924347,0.00921490229666233,0.014667348936200142,0.013016074895858765,0.006769690662622452,0.1461736261844635,0.0,0.009410900063812733,0.0,0.1060757264494896,0.05286281183362007,0.11521440744400024,0.018162980675697327,0.07613734900951385,0.06610845774412155,0.0,0.4153558313846588,0.0,0.0,0.03206659480929375,0.025972500443458557,0.0873216912150383,0.0,0.003684955183416605,0.0,0.06826885044574738,0.14731736481189728,0.0,0.1391107738018036,0.019626228138804436,0.10507266968488693,0.0,0.03809323161840439,0.38249942660331726,0.020519573241472244,0.12850838899612427,0.07264471799135208,0.18862704932689667,0.05464708432555199,0.037288133054971695,0.11137586832046509,0.11838304251432419,0.028462450951337814,0.19825057685375214,0.0,0.0,0.33691951632499695,0.026706160977482796,0.0,0.024044061079621315,0.0,0.0,0.10110565274953842,0.0008175115217454731,0.0,0.0017897509969770908,0.0,0.002191890263929963,0.0,0.21706709265708923,0.06644915789365768,0.0,0.0,0.02044856734573841,0.0,0.012835526838898659,0.09209117293357849,0.0,0.0802731066942215,0.0,0.1475249081850052,0.0,0.02549777552485466,0.074147067964077,0.0,0.036185260862112045,0.0,0.045239418745040894,0.1620427519083023,0.0,0.09820052236318588,0.02429436519742012,0.1099359318614006,0.0,0.11265359818935394,0.051136117428541183,0.0036166005302220583,0.0,0.22540287673473358,0.0,0.0,0.012144666165113449,0.5089762210845947,0.13515333831310272,0.0,0.021515507251024246,0.36875537037849426,0.0,0.0020728427916765213,0.0,0.27468109130859375,0.0,0.04362750053405762,0.0,0.0033409916795790195,0.0,0.0,0.09516501426696777,0.0,0.0,0.1589299440383911,0.0448530949652195,0.0,0.0,0.23938840627670288,0.003594579640775919,0.0008255785796791315,0.011922216042876244,0.034827593713998795,0.04250144958496094,0.01521826721727848,0.007614092901349068,0.05667303875088692,0.0,0.007817511446774006,0.29192915558815,0.0,0.0,0.02741226740181446,0.07959213852882385,0.059613704681396484,0.0,0.09807942062616348,0.0,0.0,0.2754456102848053,0.009132291190326214,0.0,0.023077938705682755,0.0,0.0,0.02814600057899952,0.41565951704978943,0.0,0.0,0.195505291223526,0.06211882457137108,0.01694204844534397,0.09920112788677216,0.0010595155181363225,0.08107798546552658,0.04553653672337532,0.0,0.0,0.0,0.04065423831343651,0.0033430205658078194,0.0,0.004245419520884752,0.09175653755664825,0.0802425742149353,0.012220284901559353,0.18073931336402893,0.0,0.03970630466938019,0.012663578614592552,0.0,0.18319149315357208,3.583669604267925e-05,0.00289953057654202,0.09190614521503448,0.0013658094685524702,0.0,0.12073704600334167,0.03325502946972847,0.0,0.022894976660609245,0.48768919706344604,0.06649923324584961,0.057460032403469086,0.0,0.03966726362705231,0.1694214642047882,0.06576749682426453,0.07942607253789902,0.0,0.05881953611969948,0.0020939612295478582,0.038919076323509216,0.0410335548222065,0.055780719965696335,0.4140200912952423,0.0,0.43641430139541626,0.0,0.014694107696413994,0.004380285739898682,0.30559611320495605,0.11813253164291382,0.13658861815929413,0.11638706177473068,0.0,0.01658455654978752,0.015545111149549484,0.010709029622375965,0.0,0.017498057335615158,0.029669981449842453,0.0,0.0,0.0,0.0,0.19064825773239136,0.0,0.0,0.09862030297517776,0.060152530670166016,0.2842807471752167,0.0,0.0,0.0013983964454382658,0.0,0.0,0.000916066172067076,0.45796698331832886,0.0,0.0,0.0,0.0,0.22842487692832947,0.0,0.0,0.0,0.10411033034324646,0.009187157265841961,0.017995985224843025,0.2211633175611496,0.2926587760448456,0.0,0.009721716865897179,0.0,0.028961246833205223,0.0,0.0,0.0,0.0,0.060246791690588,0.0,0.0,0.009289386682212353,0.009280788712203503,0.01635722815990448,0.18431079387664795,0.0823451429605484,0.0,0.004662619438022375,0.0,0.0002979016280733049,0.0,0.323101282119751,0.03208678960800171,0.2908831834793091,0.0,0.059140387922525406,0.009877738542854786,0.0074742818251252174,0.0,0.039715804159641266,0.0,0.03713728114962578,0.0004829207027796656,0.012795703485608101,0.012216228060424328,0.0,0.0034211277961730957,0.0,0.06523055583238602,0.0,0.052430056035518646,0.023463554680347443,0.0,0.0,0.0,0.0,0.0,0.8982427716255188,0.16999280452728271,0.0,0.0,0.016410164535045624,0.0,0.010171817615628242,0.048472415655851364,0.0806950256228447,0.0,0.0,0.6244795918464661,0.0,0.0,0.0,0.005359687842428684,0.0,0.0,0.0,0.005009748972952366,0.0,0.0,0.0,0.5109380483627319,0.02761068381369114,0.0,0.07611468434333801,0.0,0.003734233323484659,0.0,0.0,0.0025452757254242897,0.0,0.0015172123676165938,0.32636380195617676,0.025529615581035614,1.1651690006256104,0.0,0.0037794101517647505,0.004747697152197361,0.0,0.0,0.013482573442161083,2.271282434463501,0.023234881460666656,0.0,0.0,0.025865131989121437,0.019481919705867767,0.0,0.0,0.07991190999746323,0.0,0.0,0.5219573974609375,0.0,0.018138941377401352,0.02751203067600727,0.0,0.0,0.0,0.09512166678905487,0.24318958818912506,0.009894318878650665,0.0,0.1590779423713684,0.0,0.0,0.0,0.0,0.0,0.1282205730676651,0.013566969893872738,0.020469682291150093,0.0,0.0,0.21065740287303925,0.014104125089943409,0.010280003771185875,0.06173068657517433,0.6060279011726379,0.0,0.029675699770450592,0.16756853461265564,0.00024733543978072703,0.01581575535237789,0.0,0.0,0.0,0.06300787627696991,0.0,0.0,0.0014382308581843972,0.0,0.0,0.015347843058407307,0.0,0.10639871656894684,0.03233939781785011,1.0092910528182983,0.0,0.04383029788732529,0.0,0.01747364178299904,0.01621774025261402,0.0,0.04623490199446678,0.0,0.0,0.5364217162132263,0.0,0.02273908071219921,0.0,0.0,0.0,0.0,0.024182558059692383,0.005422994960099459,0.0,0.0019923446234315634,0.0,0.0,0.0,0.0,0.01828581653535366,0.0,0.0,0.0,0.0,0.0,0.2256508320569992,0.0,0.08796236664056778,0.0,0.0,0.0,0.009052937850356102,0.0,0.05499047785997391,0.0,0.005401742644608021,0.017752284184098244,0.006883339956402779,0.0,0.0,0.045458097010850906,0.10563861578702927,0.0,0.06355009973049164,0.012865057215094566,0.0,0.017173917964100838,0.0,0.023055845871567726,0.0,0.045052602887153625,0.0,0.0,0.0,0.028167715296149254,0.0,0.0,0.0,0.037776947021484375,0.0,0.0,0.2838398218154907,0.08971744775772095,0.0,0.0,0.0,0.003650520695373416,0.02600029483437538,0.0,0.0,0.08961496502161026,0.02493949607014656,0.0,0.01084449328482151,0.0,0.03828657418489456,0.0,0.0,0.0,0.029061665758490562,0.1830509603023529,0.03630829602479935,0.0,0.009199020452797413,0.16522835195064545,0.002809991827234626,0.0,0.0,0.29808416962623596,0.08415011316537857,0.05687931552529335,0.00918764341622591,0.0,0.0,0.9243297576904297,0.4051627218723297,0.08916273713111877,0.0,0.0,0.0,0.0,0.003686049021780491,0.026154540479183197,0.005373102612793446,0.6462303400039673,0.012909225188195705,0.12570355832576752,0.0025658595841377974,0.0,0.0,0.004251756705343723,0.04336711764335632,0.0,0.002831636695191264,0.08365431427955627,0.16826587915420532,0.0,0.007727301213890314,0.3326217234134674,0.019027752801775932,0.48647522926330566,0.05636518448591232,0.00435321219265461,0.2835279703140259,0.026556367054581642,0.07281646877527237,0.0,0.3607710599899292,0.020088601857423782,0.0,0.0,0.0019775063265115023,0.0,0.0,0.08198538422584534,0.0,0.0018566915532574058,0.2605917453765869,0.012536782771348953,0.0,0.0,0.06665131449699402,0.014964388683438301,0.0022002195473760366,0.004161417949944735,0.0,0.0,0.1434803456068039,0.003097184933722019,0.0,0.0,0.10456092655658722,0.016322782263159752,0.0,0.0010607909644022584,0.0,0.0,0.0,0.0,0.0,0.21670016646385193,0.009957607835531235,0.0,0.010786470025777817,0.0,0.1413123607635498,0.0,0.0,0.0028332644142210484,0.0,0.0646524652838707,0.009745820425450802,0.0,0.0,0.0,0.0,0.0,0.0,0.0,0.005721064284443855,0.0,0.0,0.0,0.00968511588871479,0.0,0.00487806461751461,0.0,0.05610416457056999,0.01774696260690689,0.013066273182630539,0.00860319659113884,0.05162129923701286,0.0,0.032044898718595505,0.0,0.14254039525985718,0.0011876225471496582,0.03304263949394226,0.0903841108083725,0.09794290363788605,0.0,0.0,0.0,0.003964291885495186,0.0031312620267271996,0.2346181869506836,0.014853031374514103,0.020792191848158836,0.0,0.03366861492395401,0.0354701466858387,0.033473603427410126,0.0,0.009955710731446743,0.0,0.0,0.06135547161102295,0.07696304470300674,0.0007076719193719327,0.006385662592947483,0.0,0.042193688452243805,0.020046617835760117,0.06457818299531937,0.03901347517967224,0.0,0.0,0.1358615905046463,0.09947435557842255,0.01669641211628914,0.0,0.0,0.009823140688240528,0.0,0.5899532437324524,0.03210167586803436,0.016364745795726776,0.0,0.15294143557548523,0.07796233892440796,0.09589727222919464,0.0,0.08723289519548416,0.0,0.0,0.1978977918624878,0.27044928073883057,0.0,0.0851111188530922,0.004155945964157581,0.7153805494308472,0.0,0.0004187776066828519,0.0005949020269326866,0.0032655501272529364,0.009964244440197945,0.002348968992009759,0.0,0.0,0.06262443214654922,0.006342583801597357,0.21006232500076294,0.0,0.11902061104774475,0.0,0.007812192663550377,0.0,0.12775148451328278,0.20705237984657288,0.0,0.027376873418688774,0.1616717129945755,0.004206947050988674,0.04809495061635971,0.008025498129427433,0.0,0.0,0.1073155403137207,0.04734281450510025,0.009352696128189564,0.0,0.020610196515917778,0.19790709018707275,0.01466968934983015,0.0,0.006203164346516132,0.05125375837087631,0.13040120899677277,0.0,0.007712934166193008,0.0,0.0051459334790706635,0.0,0.007672735955566168,0.013833395205438137,0.103879414498806,0.015374083071947098,0.06885841488838196,0.0,0.06942353397607803,0.6059321165084839,0.06344643980264664,0.07613810896873474,0.00416892534121871,0.09295903146266937,0.0064231278374791145,0.0,0.0,0.001131081604398787,0.03803946450352669,0.016857793554663658,0.051859401166439056,0.0,0.025919439271092415,0.002991884248331189,0.4497668147087097,0.11604323983192444,0.0,0.05814523249864578,0.008944199420511723,0.20950263738632202,0.3156594932079315,0.03933145850896835,0.013376232236623764,0.6304669380187988,0.023505983874201775,0.7531324625015259,0.045101843774318695,0.007768905255943537,0.0,0.0,0.07485499233007431,0.0,0.06334227323532104,0.0,0.0,0.016043568029999733,0.0,0.022173022851347923,1.2741363048553467,0.18748241662979126,0.043374720960855484,0.0,0.07814831286668777,0.0,0.04116782173514366,0.021714821457862854,0.003327341051772237,0.0,0.3857291340827942,0.039405688643455505,0.03252203390002251,0.01173209398984909,0.0,0.0,0.05388738214969635,0.008556709624826908,0.12718787789344788,0.04092567414045334,0.0,0.21973492205142975,0.006610696204006672,0.05353926122188568,0.0,0.0018212342401966453,0.0,0.0,0.7095972299575806,0.363809734582901,0.0001146209251601249,0.06046239286661148,0.19966833293437958,0.035115886479616165,0.13646309077739716,0.004507760517299175,0.02921944670379162,0.020008621737360954,0.0046729352325201035,0.002129626227542758,0.0,0.028618915006518364,0.0027233457658439875,0.05090698227286339,0.0007086425903253257,0.06640458852052689,0.09128943085670471,0.014652460813522339,0.0,0.036888882517814636,0.03759477287530899,0.03265150263905525,0.26293396949768066,0.008959026075899601,0.0,0.1318046748638153,0.0,0.021678628399968147,0.08626260608434677,0.0,0.05110165476799011,0.010526664555072784,0.0,0.0033723937813192606,0.43908271193504333,0.0,0.06974517554044724,0.008816607296466827,0.0,0.0,0.0,0.020360222086310387,0.0,0.0,0.020302891731262207,0.009949802421033382,0.032345209270715714,0.0,0.03535402938723564,0.0,0.697705864906311,0.09334171563386917,0.007189979776740074,0.18876130878925323,0.07811112701892853,0.0019127118866890669,0.004620425868779421,0.0,0.02160147950053215,0.0,0.009734180755913258,0.0635402500629425,0.020227696746587753,0.012904000468552113,0.0,0.0,0.0,0.013326024636626244,0.0,0.09870466589927673,0.051557399332523346,0.024150362238287926,0.02874898910522461,0.14198046922683716,0.08076837658882141,0.03554069623351097,0.10819125175476074,0.04370621591806412,0.0004583728441502899,0.056864190846681595,0.0,0.0,0.003667191369459033,0.03454787656664848,0.01183045282959938,0.0,0.07166796922683716,0.2256951481103897,0.0,0.0,0.0,0.039885763078927994,0.0,0.0,0.029216177761554718,0.009377062320709229,0.0,0.10522003471851349,0.008417126722633839,0.003726070513948798,0.01853363960981369,0.0,0.0,0.006309614051133394,0.0018915843684226274,0.016823532059788704,0.2537088990211487,0.020200185477733612,0.46632927656173706,0.025049949064850807,0.04187076538801193,0.25076645612716675,0.0,0.0,0.0,0.0,0.0019424175843596458,0.0,0.11267412453889847,0.5004459023475647,0.0,0.01587066426873207,0.0,0.0,0.014415998011827469,0.0,0.0030018710531294346,0.005144755821675062,0.0,0.43332940340042114,0.0,0.012336140498518944,0.0,0.0,0.1805444359779358,0.02455589920282364,0.0,0.0,0.0,0.1896994709968567,0.02074495144188404,0.0359686054289341,0.0037317180540412664,0.0,0.012844379991292953,0.025068216025829315,0.0,0.0,0.06295877695083618,0.022476492449641228,0.026810577139258385,0.013194328173995018,0.0,0.0004000413464382291,0.06098882853984833,0.0,0.030354106798768044,0.0,0.0,0.010914330370724201,0.05129844695329666,0.08656702190637589,0.0,0.025539284572005272,0.1003233790397644,0.06999267637729645,0.0,0.03269610553979874,0.6013208627700806,0.01463988982141018,0.2612494230270386,0.022663740441203117,0.13093623518943787,0.025007816031575203,0.4212033748626709,0.0,0.014979582279920578,0.0,0.047457657754421234,0.023370997980237007,0.0029862970113754272,0.0,0.025188054889440536,0.0,0.054495085030794144,0.0032320236787199974,0.036510854959487915,0.0,0.5238869190216064,0.0207071490585804,0.0713546872138977,0.0,0.0,0.06001605838537216,0.006114183459430933,0.04175429046154022,0.015161234885454178,0.0,0.00933169573545456,0.012167196720838547,0.0,0.008852584287524223,0.06470290571451187,0.009849431924521923,0.009599859826266766,0.007415430620312691,0.04142172634601593,0.027702774852514267,0.01837383583188057,0.0,0.0,0.00010966122499667108,0.04432397708296776,0.08662039041519165,0.708701491355896,0.0,0.0,0.0,0.0,0.0,0.08883132040500641,0.0,0.0,0.0,0.0,0.0,0.008411615155637264,0.13482198119163513,0.0,0.0010449039982631803,0.14601555466651917,0.0136759914457798,0.200576052069664,0.07139267027378082,0.11715856194496155,0.0,0.18801507353782654,0.0,0.0,0.010440911166369915,0.003916091751307249,0.0007081389194354415,0.0,0.2937204837799072,0.0,0.0,0.0907076820731163,0.0,0.0006490573287010193,0.0,0.0,0.0,0.0,0.02048797905445099,0.04663636162877083,0.0152219757437706,0.0,0.0,0.0030968934297561646,0.003105666721239686,0.0,0.0,0.15616504848003387,0.011630518361926079,0.08935339003801346,0.09608279913663864,0.0,0.029814591631293297,0.0,0.0,0.0,0.13430172204971313,0.0,0.0,0.07630740851163864,0.0,0.012499158270657063,0.0,0.0,0.05036727339029312,0.0007314896793104708,0.0,0.0,0.0,0.0,0.0,0.017715491354465485,0.0,0.017079370096325874,0.6213748455047607,0.0,0.0075739240273833275,0.0,0.0,0.0,0.17424847185611725,0.0,0.09122089296579361,0.2814709544181824,0.0,0.0005235314602032304,0.00630849739536643,0.0,0.0,0.0,0.0,0.38201794028282166,0.0,0.0,0.0,0.0,0.0,0.37521904706954956,0.09138338267803192,0.01022604014724493,0.0,0.009540152736008167,0.14457637071609497,0.33277183771133423,0.0,0.0,0.01724380813539028,0.0,0.0,0.0,0.0,0.0,0.021634869277477264,0.0,0.0,0.0,0.0,0.29718852043151855,0.0,0.035273656249046326,0.011437744833528996,0.02235264517366886,0.0,0.291352242231369,0.14681607484817505,0.0,0.15645277500152588,0.007193650119006634,0.0,0.0,0.009041903540492058,0.041060492396354675,0.0,0.0,0.03652201592922211,0.0,0.023115884512662888,0.03713492304086685,0.015484693460166454,0.0,0.013193095102906227,0.0029637061525136232,0.15286050736904144,0.008047209121286869,0.007124621886759996,0.011752316728234291,0.0,0.0862063616514206,0.012222877703607082,0.03825372830033302,0.05350877717137337,0.0,0.0,0.006138119846582413,0.03375106304883957,0.0,0.0,0.02919078804552555,0.0,0.013117513619363308,0.0,0.0,0.0,0.0,0.0002456319343764335,0.01876850239932537,0.013781129382550716,0.0,0.0,0.09211692959070206,0.04658700153231621,0.0557541660964489,0.005193178541958332,0.011738091707229614,0.0016867995727807283,0.0,0.0,0.3403013348579407,0.0,0.10234404355287552,0.050320833921432495,0.00921598356217146,0.0,0.44183844327926636,0.001916778041049838,0.030580654740333557,0.0
0.0,0.005190941039472818,0.34873735904693604,0.0020445918198674917,0.0,0.0,0.023674538359045982,0.007690160069614649,0.000710847380105406,0.06838525831699371,0.0,0.06937605142593384,0.042790669947862625,0.26341354846954346,0.11839431524276733,0.14149799942970276,0.011515800841152668,0.0322062112390995,0.0,0.2810335159301758,0.029587063938379288,0.0,0.057590313255786896,0.16619223356246948,0.05884261429309845,0.10590597242116928,0.0,0.0,0.0,0.0,0.44480347633361816,0.09675737470388412,0.0,0.0,0.2894442081451416,0.19517508149147034,0.0,0.03413236141204834,0.0,0.11089126765727997,0.4197157025337219,0.0,0.00926733948290348,0.1625460982322693,0.4822297990322113,0.01652717962861061,0.034448735415935516,0.0,0.22712285816669464,0.0,0.0,0.1781085729598999,0.012001280672848225,0.15965253114700317,0.0548519529402256,0.0,0.0,0.0,0.08077748119831085,0.0,0.0,0.4259432256221771,0.0842592790722847,0.0,0.020928390324115753,0.35595834255218506,0.09098672866821289,0.021435773000121117,0.006355869583785534,0.0,0.15917178988456726,0.02181829698383808,0.0060456180945038795,0.15024997293949127,0.0,0.08892645686864853,0.4129207134246826,0.011399785056710243,0.14541013538837433,0.40405523777008057,0.0,0.1125655397772789,0.0,0.08329363167285919,0.008506221696734428,0.26254215836524963,0.021456193178892136,0.0,0.0,0.030389703810214996,0.008700850419700146,0.01078392006456852,0.22268758714199066,0.5113381147384644,0.0036487437319010496,0.19356094300746918,0.041591063141822815,0.0,0.0,0.0,0.022807374596595764,0.034084539860486984,0.10222525894641876,0.00997214112430811,0.06938190013170242,0.0,0.026201991364359856,0.0,0.0,0.001792070921510458,0.031480539590120316,0.003351272316649556,0.0008552885265089571,0.1742505431175232,0.005700192414224148,0.43397843837738037,0.0,0.10017412900924683,0.002015469130128622,0.14876969158649445,0.008771405555307865,0.0010216045193374157,0.2809390723705292,0.039042964577674866,0.0014397383201867342,0.0016272423090413213,0.2243359535932541,0.01888544112443924,0.14518789947032928,0.009148607030510902,0.1234554871916771,0.008931910619139671,0.046031612902879715,0.0,0.056224923580884933,0.0899440199136734,0.0,0.0,0.012690556235611439,0.0,0.09222235530614853,0.02985084243118763,0.0,0.011385458521544933,0.22267349064350128,0.0,0.03709793835878372,0.30619561672210693,0.0,0.08789578080177307,0.06739319115877151,0.0,0.07739715278148651,0.08451152592897415,0.0,0.0533769465982914,0.004713394679129124,0.03756922855973244,0.09813506156206131,0.11383696645498276,0.01037281472235918,0.010507048107683659,0.023230519145727158,0.4182589054107666,0.09833630919456482,0.0,0.21804672479629517,0.0,0.12533140182495117,0.37716710567474365,0.1141790971159935,0.03588751330971718,0.06608151644468307,0.2275373786687851,0.05210398510098457,0.03524458780884743,0.48268333077430725,0.0122360335662961,0.0,0.29979628324508667,0.0,0.00860481709241867,0.04354085400700569,0.02604850009083748,0.01106717623770237,0.2870178520679474,0.19137464463710785,0.052685920149087906,0.0673140436410904,0.3656740188598633,0.020924828946590424,0.0889037549495697,0.0,0.006410245783627033,0.0307596568018198,0.01697741076350212,0.05174947902560234,0.023415274918079376,0.23746967315673828,0.0,0.18895161151885986,0.016908898949623108,0.0,0.12710130214691162,0.0,0.01317064743489027,0.03767365962266922,0.0,0.04430806636810303,0.13177266716957092,0.13973712921142578,0.0,0.21994681656360626,0.0,0.026525283232331276,0.015295934863388538,0.05008203536272049,0.016291342675685883,0.0,0.009895491413772106,0.057391151785850525,0.003447149880230427,0.17578572034835815,0.15157711505889893,0.003705730428919196,0.18753299117088318,0.009910183027386665,0.02065044641494751,0.08544210344552994,0.16061100363731384,0.1924615055322647,0.010999059304594994,0.18932968378067017,0.04985916614532471,0.15300950407981873,0.29999756813049316,0.009848418645560741,0.11774960160255432,0.02817320078611374,0.0012786638690158725,0.0,0.06687190383672714,0.08396205306053162,0.0,0.08296936005353928,0.04335324466228485,0.03603729233145714,0.039405569434165955,0.0,0.02644815295934677,0.003653345163911581,0.0,0.0060627819038927555,0.009406745433807373,0.021782586351037025,0.07869486510753632,0.0,0.06587500870227814,0.051789507269859314,0.45902931690216064,0.0,0.008158599957823753,0.02055693231523037,0.002348079578951001,0.11181213706731796,0.03353958576917648,0.11840301752090454,0.08078089356422424,0.00456608273088932,0.03891725838184357,0.07746686041355133,0.018285036087036133,0.0,0.11637505888938904,0.05227592960000038,0.0,0.040361978113651276,0.00852074846625328,0.12535911798477173,0.15860165655612946,0.005373060703277588,0.0,0.019073953852057457,0.14057227969169617,0.03533003851771355,0.6507034301757812,0.0,0.0,0.20747551321983337,0.05939105898141861,0.15514224767684937,0.17487472295761108,0.03796588256955147,0.0,0.03830492123961449,0.019663220271468163,0.21822358667850494,0.0,0.29115185141563416,0.017517875880002975,0.016115782782435417,0.048907022923231125,0.14910656213760376,0.1356092095375061,0.16296108067035675,0.0,0.01592535339295864,0.02053026109933853,0.0,0.0,0.0,0.09634770452976227,0.013171412982046604,0.1951916515827179,0.04538246989250183,0.34179893136024475,0.04700208827853203,0.011766956187784672,0.16805289685726166,0.034947995096445084,0.004409932065755129,0.033332135528326035,0.0,0.0,0.7429587841033936,0.0,0.0,0.014066760428249836,0.0,0.0,0.003075334941968322,0.05032174289226532,0.0,0.0,0.06873062998056412,0.0,0.0,0.0,0.010180232115089893,0.06657398492097855,0.08204030245542526,0.0,0.0,0.0,0.0,0.0,0.0,0.00402101268991828,0.0,0.0,0.24058741331100464,0.019992399960756302,0.16411718726158142,0.02360767312347889,0.25006961822509766,0.0,0.0,0.0,0.05362692475318909,0.015911102294921875,0.004940482322126627,0.0,0.0,0.0,0.0,0.0,0.07129243016242981,0.05433070287108421,0.001205099863000214,0.0,0.4824604392051697,0.0,0.0,0.04250914976000786,0.015384423546493053,0.0,0.0,0.0,0.0006424072198569775,0.20653191208839417,0.0375998392701149,0.0,0.0,0.020979786291718483,0.008560067042708397,0.0,0.0,0.06357737630605698,0.0,0.0,0.3104696273803711,0.0,0.0,0.0,0.0,0.0,0.14617961645126343,0.0,0.10579875856637955,0.004937352612614632,0.0,0.029338208958506584,0.0,0.0007901206845417619,0.0025243479758501053,0.0,0.01789100095629692,0.0,0.0,0.06937462091445923,0.0,0.0,0.0,0.0,0.013652446679770947,0.0,0.0,0.0,0.0,0.0,0.057172875851392746,0.0,0.0490836538374424,0.0,0.01459084264934063,0.14560911059379578,0.010116666555404663,0.008373464457690716,0.0,0.17169998586177826,0.0,0.004626872483640909,0.0024558294098824263,0.0974346250295639,0.0,0.0,0.0,0.010330560617148876,0.0,0.005046939477324486,0.000254886137554422,0.0,0.016514990478754044,0.024985790252685547,0.0,0.0,0.11667737364768982,0.0,0.03992830216884613,0.07594295591115952,0.00769822858273983,0.0,0.0,0.01355055347084999,0.0,0.013605351559817791,0.008333206176757812,0.0,0.03793112188577652,0.0,0.0,0.21254588663578033,0.0,0.0,0.02929697185754776,0.23032426834106445,0.06597329676151276,0.0,0.0,0.0008586275507695973,0.0,0.0,0.025299815461039543,0.0,0.015630321577191353,0.0,0.0,0.02751823700964451,0.03133171424269676,0.0,0.0,0.0,0.1935202181339264,0.009197643026709557,0.04679064825177193,0.2532760500907898,0.0096134589985013,0.0,0.0,0.0,0.0319967083632946,0.0,0.0,0.0,0.0,0.0,0.0,0.00985898356884718,0.02693735994398594,0.0,0.0,0.0,0.015527699142694473,0.026656484231352806,0.0,0.0,0.0,0.002594941295683384,0.14269202947616577,0.03663404658436775,0.054555803537368774,0.01021702028810978,0.0,0.0,0.0,0.0,0.17535477876663208,0.03686482831835747,0.0,0.021950608119368553,0.0,0.0,0.42917242646217346,0.0,0.0,0.0,0.0,0.0,0.0,0.020966680720448494,0.005188099108636379,0.0,0.005254032555967569,0.0,0.0,0.13263048231601715,0.0,0.0,0.0,0.012538676150143147,0.0032091322354972363,0.009720560163259506,0.0,0.09851718693971634,0.0,0.0,0.06163288280367851,0.0,0.0,0.0,0.0,0.01776306703686714,0.03048732317984104,0.1700243502855301,0.022267233580350876,0.0106051592156291,0.0,0.0,0.02655852399766445,0.0,0.006323940586298704,0.058636121451854706,0.03891405463218689,0.0,0.20118440687656403,0.03762781247496605,0.0006139611941762269,0.0,0.05490228533744812,0.24938033521175385,0.0,0.024109626188874245,0.08033795654773712,0.0,0.01512941811233759,0.005207404959946871,0.0,0.0,0.0,0.0,0.06799809634685516,0.0,0.06517083197832108,0.0,0.16083839535713196,0.08392994105815887,0.055821627378463745,0.033321816474199295,0.0,0.0,0.0,0.0012710755690932274,0.004839448723942041,0.0,0.0,0.18850211799144745,0.02021242119371891,0.030781853944063187,0.0,0.0,0.0,0.0,0.0,0.051061000674963,0.0,0.0,0.0,0.4295264780521393,0.014845069497823715,0.02293437533080578,0.0,0.1793794482946396,0.0,0.0,0.011521883308887482,0.009164903312921524,0.013483958318829536,0.03216799348592758,0.0,0.0,0.0,0.0,0.0,0.0,0.0,0.007441702298820019,0.0,0.008423947729170322,0.0,0.055096302181482315,0.04383549839258194,0.009196114726364613,0.0,0.0,0.0,0.0,0.0,0.005964925512671471,0.0,0.0,0.0,0.0,0.14982149004936218,0.02831289730966091,0.0,0.0,0.0,0.0,0.018430588766932487,0.0,0.0,0.007742025889456272,0.0,0.0,0.01869090273976326,0.0,0.0,0.09261157363653183,0.01288666483014822,0.13695983588695526,0.020017124712467194,0.0,0.18419437110424042,0.0,0.15299634635448456,0.0019530653953552246,0.0,0.13306553661823273,0.005230915732681751,0.025266122072935104,0.0743851438164711,0.0,0.022298600524663925,0.0,0.0,0.0,0.0,0.0,0.0,0.050428424030542374,0.0,0.08681222796440125,0.0,0.0,0.0,0.1407710313796997,0.0,0.0,0.0,0.0,0.05118536949157715,0.09723898768424988,0.005483604501932859,0.0,0.03081025555729866,0.08070097118616104,0.0,0.0,0.001959797227755189,0.059935711324214935,0.0008841896196827292,0.0,0.38476163148880005,0.06819742172956467,0.030340569093823433,0.0,0.012821481563150883,0.0,0.11765560507774353,0.0,0.0,0.0029639152344316244,0.0,0.009015350602567196,0.20034870505332947,0.14884719252586365,0.045658621937036514,0.0,0.02696443349123001,0.08438189327716827,0.0043242615647614,0.0,0.0,0.05613858997821808,0.0,0.013195386156439781,0.0,0.05438714474439621,0.0,0.21840374171733856,0.0,0.0,0.0,0.2686561644077301,0.05154325067996979,0.0,0.0,0.5567355751991272,0.0,0.017294656485319138,0.0,0.006632715463638306,0.0,0.0,0.0,0.009740643203258514,0.2799403965473175,0.0,0.1458793580532074,0.0,0.0,0.0,0.002458894159644842,0.0,0.005409505218267441,0.0,0.0,0.26855209469795227,0.06905314326286316,0.0,0.0,0.009171996265649796,0.05346718803048134,0.004134921822696924,0.4501330256462097,0.0,0.0,0.004404888022691011,0.04621747136116028,0.0,0.0860515758395195,0.12206313759088516,0.07964478433132172,0.14965586364269257,0.020034341141581535,0.0,0.006695951800793409,0.031810566782951355,0.029133116826415062,0.010777771472930908,0.0,0.0,0.22323814034461975,0.017807260155677795,0.03025137446820736,0.0,0.026580296456813812,0.05936811864376068,0.20171383023262024,0.0,0.029458727687597275,0.04067367687821388,0.06246161460876465,0.00624993909150362,0.0,0.0,0.08004654943943024,0.0,0.0034031665418297052,0.13965681195259094,0.0619136206805706,0.03818926960229874,0.0,0.02335822582244873,0.0,0.0,0.04074586555361748,0.030796168372035027,0.057055309414863586,0.0,0.15294966101646423,0.0,0.0009421061258763075,0.0,0.0,0.06432058662176132,0.22481079399585724,0.009830980561673641,0.09122004359960556,0.04169033095240593,0.0,3.0838251404929906e-05,0.0,0.0,0.0,0.009482141584157944,0.00892582442611456,0.0,0.0,0.050420209765434265,0.15594260394573212,0.0,0.0,0.016627812758088112,0.01692742109298706,0.0,0.19405466318130493,0.0,0.002161596668884158,0.03729107975959778,0.04301988705992699,0.0,0.03917260095477104,0.007979737594723701,0.24068865180015564,0.0,0.0,0.5072920918464661,0.0,0.024381699040532112,0.006300562527030706,0.0,0.0,0.0,0.038558173924684525,0.02165374718606472,0.0,0.1505351960659027,0.0,0.0,0.0004226517630741,0.0,0.016872329637408257,0.010590502992272377,0.0,0.009323228150606155,0.0,0.007319009397178888,0.0,0.0,0.36690986156463623,0.0,0.0,0.0,0.0,0.0,0.0044564139097929,0.6758642792701721,0.06274285167455673,0.006666971370577812,0.012013852596282959,0.08321133255958557,0.0,0.0,0.0,0.23238644003868103,0.0013644779101014137,0.04930008575320244,0.02411956526339054,0.0053228773176670074,0.011372227221727371,0.015469096601009369,0.20783473551273346,0.0,0.009108878672122955,0.0,0.15109987556934357,0.057900141924619675,0.10876592993736267,0.023088736459612846,0.05946806073188782,0.03656582906842232,0.0,0.4200434982776642,0.0,0.0,0.04119349643588066,0.018138905987143517,0.06879976391792297,0.0,0.002393710659816861,0.002403635997325182,0.07559194415807724,0.15437962114810944,0.0,0.08838524669408798,0.029320143163204193,0.08596699684858322,0.0,0.03113158792257309,0.39903631806373596,0.0,0.23089070618152618,0.08153247833251953,0.16676393151283264,0.0961788147687912,0.03492368757724762,0.09822434186935425,0.12769192457199097,0.025317711755633354,0.1955745369195938,0.0,0.0,0.4068487286567688,0.02598733641207218,0.0,0.02010510489344597,0.0,0.0,0.08479459583759308,0.00961548462510109,0.0,0.0033711229916661978,0.0,0.0,0.0,0.21449244022369385,0.07728705555200577,0.0,0.0,0.018345264717936516,0.0,0.0,0.06764327734708786,0.0025192750617861748,0.09220821410417557,0.0,0.11630518734455109,0.004910952877253294,0.0019450160907581449,0.07746724784374237,0.0,0.04565635323524475,0.000448247796157375,0.032141391187906265,0.1345474123954773,0.0,0.09691265970468521,0.01915932632982731,0.03148069977760315,0.0,0.10073103755712509,0.03413991630077362,0.01877867430448532,0.0,0.2655946612358093,0.0,0.0,0.0059138210490345955,0.5841494202613831,0.16408081352710724,0.0002593305835034698,0.042478207498788834,0.38532912731170654,0.0,0.016445837914943695,0.0,0.25826606154441833,0.0,0.037170588970184326,0.0,0.0,0.0,3.669917714432813e-05,0.0886814147233963,0.0,0.0,0.164753258228302,0.0402037538588047,0.0,0.0,0.2756264805793762,0.010253372602164745,0.003902086056768894,0.008752490393817425,0.03804865851998329,0.04519073665142059,0.002918595913797617,0.013745319098234177,0.10837619751691818,0.0,0.017352741211652756,0.34518635272979736,0.0,0.0,0.0,0.06385442614555359,0.08445604145526886,0.0,0.0972457006573677,0.0,0.0,0.3454013466835022,0.003287620609626174,0.0,0.021427208557724953,0.0,0.0,0.027602197602391243,0.43201836943626404,0.0,0.0,0.316869854927063,0.061231475323438644,0.0,0.11663305014371872,0.001969922799617052,0.07838321477174759,0.02999814599752426,0.0,0.0,0.0,0.03168686479330063,0.0026954663917422295,0.0,0.005173737183213234,0.05630726367235184,0.08439527451992035,0.00240045553073287,0.170826256275177,0.0,0.021973056718707085,0.011847498826682568,0.0,0.20772118866443634,0.0018744086846709251,0.0006160062621347606,0.1107623279094696,0.0,0.0,0.1387147456407547,0.035925645381212234,0.007260497659444809,0.021367641165852547,0.43056052923202515,0.07040270417928696,0.04605582728981972,0.0,0.05799917131662369,0.14058473706245422,0.053744565695524216,0.08658415079116821,0.0,0.0536360964179039,0.0,0.05263928323984146,0.04169200733304024,0.07184348255395889,0.38646644353866577,0.0,0.4257814884185791,0.0,0.014096653088927269,0.030312051996588707,0.3102523982524872,0.13867996633052826,0.1791771501302719,0.10769810527563095,0.0,0.002429652726277709,0.015076925978064537,0.006303179077804089,0.0,0.018010955303907394,0.032421085983514786,0.0,0.0,0.003930449020117521,0.0,0.1492776721715927,0.0,0.0,0.09821729362010956,0.03318477421998978,0.2644234895706177,0.0,0.0,0.0,0.0,0.0,0.0,0.4628257751464844,0.0,0.0,0.0,0.0,0.21971221268177032,0.0,0.0,0.0,0.03559298813343048,0.004370519891381264,0.02861679531633854,0.3329836130142212,0.3800883889198303,0.0,0.00827641412615776,0.0,0.02308938093483448,0.0,0.0,0.0,0.0,0.054347772151231766,0.0,0.0,0.0009433674858883023,0.016139278188347816,0.005315092857927084,0.1345285326242447,0.16872216761112213,0.0,0.0,0.0,0.0020170891657471657,0.0,0.3334541618824005,0.013783590868115425,0.2929539680480957,0.0,0.06323551386594772,0.009368210099637508,0.003463461296632886,0.003299216739833355,0.04109750688076019,0.0,0.03409155085682869,0.01780194789171219,0.008964525535702705,0.03436315804719925,0.0,0.014226961880922318,0.0,0.07223807275295258,0.0,0.05530194938182831,0.031750552356243134,0.0,0.0,0.0,0.0,0.0,1.011952519416809,0.15263497829437256,0.0,0.0,0.016018666326999664,0.0,0.0,0.017000379040837288,0.08514758944511414,0.0,0.0,0.5770823359489441,0.0,0.0,0.0,0.013118338771164417,0.0,0.0,0.0,0.0,0.0,0.0,0.0,0.5891879200935364,0.027988595888018608,0.0,0.03818903863430023,0.0,0.006587176118046045,0.0022997111082077026,0.0,0.0,0.0,0.004461098462343216,0.2771743834018707,0.023309817537665367,1.2618271112442017,0.0,0.011652674525976181,0.00717434985563159,0.0,0.0,0.017889969050884247,2.2984702587127686,0.019764414057135582,0.0,0.0,0.037619784474372864,0.003043354721739888,0.0,0.0,0.03443543612957001,0.0,0.0,0.5224254727363586,0.0,0.00982139352709055,0.03547276183962822,0.0,0.0,0.0,0.05301664024591446,0.21460984647274017,0.015360672026872635,0.0,0.13207030296325684,0.0,0.0,0.0,0.0,0.0,0.11211933195590973,0.003998390398919582,0.013815542683005333,0.002871423028409481,0.0,0.16672565042972565,0.023969843983650208,0.009786495007574558,0.04246548190712929,0.5573509335517883,0.0,0.02031964808702469,0.1624343991279602,0.0,0.0165883656591177,0.0,0.0002052882337011397,0.0,0.04988619685173035,0.0,0.0,0.0,0.0,0.0,0.021018095314502716,0.0,0.08540450781583786,0.035474952310323715,1.053473711013794,0.0,0.029119685292243958,0.0,0.019284052774310112,0.05692827329039574,0.0,0.0388595387339592,0.0,0.0,0.44304007291793823,0.0,0.018862957134842873,0.0,0.0,0.0,0.0,0.03509780764579773,0.0015143585624173284,0.0,0.0,0.0,0.0,0.0,0.0,0.002338305814191699,0.0,0.0,0.0,0.0,0.007104189600795507,0.2287953943014145,0.0,0.0526098757982254,0.0,0.0,0.0,0.0066354419104754925,0.0,0.05134964361786842,0.0,0.0,0.021726498380303383,0.0025258588138967752,0.0007229918264783919,0.0,0.02668347768485546,0.03189493343234062,0.0,0.058100756257772446,0.014236798509955406,0.0,0.012403730303049088,0.0,0.018090862780809402,0.0,0.014834762550890446,0.0,0.0,0.0,0.0264141745865345,0.0,0.0,0.0,0.015290365554392338,0.009763387963175774,0.002845758106559515,0.2785683572292328,0.08810991048812866,0.0,0.0,0.0,0.00021806776931043714,0.052494172006845474,0.0,0.007034657057374716,0.14671771228313446,0.01963726431131363,0.0,0.01955617219209671,0.0,0.02279929630458355,0.0,0.0,0.0,0.085923932492733,0.2007313370704651,0.03436655551195145,0.0,0.002642234554514289,0.35188448429107666,0.00503538828343153,0.01308694202452898,0.0,0.26066672801971436,0.08264927566051483,0.046924419701099396,0.04842567443847656,0.0,0.0,1.0958502292633057,0.48194968700408936,0.09367086738348007,0.0,0.0,0.0,0.0,0.0,0.014733604155480862,0.007719851564615965,0.6064713001251221,0.009965003468096256,0.09920277446508408,0.0,0.0,0.0,0.0035109661985188723,0.046537190675735474,0.0,0.0,0.09465428441762924,0.18208226561546326,0.0,0.027494054287672043,0.3713319003582001,0.0075246370397508144,0.4636877477169037,0.05680295079946518,0.0043455492705106735,0.3420068025588989,0.07911191880702972,0.056043218821287155,0.0,0.3299315273761749,0.023020802065730095,0.0,0.0,0.0018375021172687411,0.0,0.0,0.09262004494667053,0.0,0.0034546121023595333,0.24742679297924042,0.01986585557460785,0.0,0.0,0.10099033266305923,0.017270971089601517,0.0014836919726803899,0.0,0.0,0.0,0.09546495229005814,0.02432647906243801,0.0008391380542889237,0.0,0.09950242191553116,0.005374314729124308,0.0,0.0013794851256534457,0.0,0.008913585916161537,0.0,0.0,0.004185850732028484,0.255833238363266,0.0004767811333294958,0.0,0.03553169593214989,0.0,0.14817889034748077,0.0,0.0,0.0001531088346382603,0.0,0.035798218101263046,0.010630961507558823,0.0,0.0,0.0,0.0,0.0,0.0,0.0,0.0,0.0,0.0,0.0,0.013679548166692257,0.0,0.00043120860937051475,0.0,0.06168334186077118,0.00857060868293047,0.03664432838559151,0.013707228004932404,0.05805473402142525,0.0,0.019681546837091446,0.0,0.12151456624269485,7.778644794598222e-05,0.022932834923267365,0.08996854722499847,0.09171882271766663,0.0,0.0,0.0,0.004911624360829592,0.0,0.2623516917228699,0.028803419321775436,0.013376278802752495,0.0,0.022062810137867928,0.04043564945459366,0.048834122717380524,0.0,0.0025884569622576237,0.0,0.0,0.07422524690628052,0.13026270270347595,0.0,0.0010916399769484997,0.0,0.03759913519024849,0.022693270817399025,0.05852106586098671,0.05155125632882118,0.0,0.0,0.14473146200180054,0.08901314437389374,0.010104486718773842,0.0,0.0,0.012850240804255009,0.0,0.6033998727798462,0.010079910978674889,0.02640758827328682,0.0,0.1501258909702301,0.07875140011310577,0.03884561359882355,0.0,0.08880850672721863,0.0,0.0,0.2604835629463196,0.24257507920265198,0.0,0.08113044500350952,0.0,0.7477632164955139,0.0,0.0,0.0013266324531286955,0.006265799980610609,0.004117358475923538,0.0003392219659872353,0.0,0.0,0.05048264190554619,0.005385240539908409,0.22960025072097778,0.0,0.08775320649147034,0.0,0.004761171527206898,0.008522752672433853,0.09057939797639847,0.26971635222435,0.0,0.026955725625157356,0.12740544974803925,0.0002632915857248008,0.03554517403244972,0.008500930853188038,0.0,0.0,0.08843732625246048,0.027999605983495712,0.0,0.0,0.028152920305728912,0.20712639391422272,0.01243069488555193,0.0,0.0011708867968991399,0.05097512900829315,0.056053027510643005,0.0,0.0,0.0,0.024411296471953392,0.0,0.010198959149420261,0.011756709776818752,0.1273784637451172,0.0003316211805213243,0.07312069088220596,0.0008976745884865522,0.07654844969511032,0.6437693238258362,0.05229540914297104,0.0645715743303299,0.007096609100699425,0.05829070135951042,0.01279834471642971,0.0,0.0,0.0,0.036616288125514984,0.018301276490092278,0.047149885445833206,0.0,0.02634129486978054,0.0,0.39143848419189453,0.13046705722808838,0.0,0.04923820495605469,0.0,0.19627664983272552,0.3044792115688324,0.033187542110681534,0.015410354360938072,0.6106149554252625,0.016382165253162384,0.8007112145423889,0.07301368564367294,0.0,0.0,0.0,0.08503780514001846,0.0,0.07928599417209625,0.0,0.0,0.014574562199413776,0.0,0.03613947331905365,1.3271615505218506,0.14909522235393524,0.022543132305145264,0.0,0.058799851685762405,0.0,0.046233948320150375,0.010127336718142033,0.007932048290967941,0.0,0.4412321448326111,0.03209136798977852,0.02990029565989971,0.03365592658519745,0.0,0.0,0.06146204471588135,0.0,0.09838362783193588,0.0674242228269577,0.0,0.22204004228115082,0.0,0.05707605928182602,0.0,0.004772989545017481,0.0,0.0,0.6432322859764099,0.36963900923728943,0.0,0.06316588819026947,0.18849897384643555,0.040352482348680496,0.16299940645694733,0.006023853551596403,0.02626672200858593,0.00786640029400587,0.009956474415957928,0.0,0.0,0.01339743658900261,0.0,0.03524598479270935,0.0,0.05645934119820595,0.10864619165658951,0.01388865802437067,0.0,0.04264134541153908,0.043119292706251144,0.032548509538173676,0.18270497024059296,0.01999230682849884,0.0,0.1457284390926361,0.0,0.03174715116620064,0.07800304144620895,0.0,0.036058731377124786,0.0027388071175664663,0.000460330251371488,0.0,0.3952929973602295,0.0,0.06800149381160736,0.019135665148496628,0.0,0.0,0.0,0.008531706407666206,0.0,0.0,0.025982065126299858,0.01093306578695774,0.029343295842409134,0.004838340450078249,0.00374867906793952,0.0,0.7451401352882385,0.10231354087591171,0.0,0.18974128365516663,0.07606203109025955,0.004332522861659527,0.0,0.0,0.012110228650271893,0.0,0.00752788782119751,0.05502884089946747,0.006491989362984896,0.013138148002326488,0.0,0.0009309982997365296,0.0,0.013827157206833363,0.0,0.07851767539978027,0.033405229449272156,0.02070012502372265,0.025740694254636765,0.12613768875598907,0.07378341257572174,0.02607898972928524,0.13404425978660583,0.053512416779994965,0.0,0.07582920789718628,0.0,0.0031718695536255836,0.0,0.03549608588218689,0.006244151387363672,0.0,0.10055769234895706,0.20260576903820038,0.0,0.0,0.0,0.04953746497631073,0.0,0.0,0.030930817127227783,0.011053541675209999,0.0,0.05647575855255127,0.01601433753967285,0.0028616113122552633,0.02562222257256508,0.0,0.0,0.007353310473263264,0.0026596379466354847,0.03278132900595665,0.25607556104660034,0.02131262980401516,0.4313722848892212,0.02574492245912552,0.0469600073993206,0.2012539505958557,0.0,0.018834317103028297,0.0,0.0,0.0006032109376974404,0.0008029645541682839,0.10214553773403168,0.4228517413139343,0.0,0.006013953592628241,0.0,0.0,0.01665235310792923,0.0,0.0,0.0,0.0,0.4856758117675781,0.0,0.006897397805005312,0.0,0.0,0.19200360774993896,0.010436727665364742,0.0,0.0,0.0,0.2201686054468155,0.011690609157085419,0.03525809571146965,0.0008097934769466519,0.0,0.010538612492382526,0.05035584419965744,0.0025285696610808372,0.0,0.06851878017187119,0.01180967316031456,0.02271273359656334,0.02311752736568451,0.0,0.0,0.05486190319061279,0.0,0.02274147793650627,0.0,0.0,0.007108505815267563,0.045083656907081604,0.0876595601439476,0.0,0.034186992794275284,0.09043989330530167,0.04559110477566719,0.0,0.03652292117476463,0.6673673391342163,0.0068912385031580925,0.25844958424568176,0.04867624118924141,0.17465414106845856,0.027731718495488167,0.4202883839607239,0.0,0.0,0.0,0.0297097060829401,0.025476200506091118,0.013212271966040134,0.0,0.026510978117585182,0.0,0.045119963586330414,0.015979476273059845,0.04055564105510712,0.004547216929495335,0.49942728877067566,0.023202357813715935,0.03509636968374252,0.0008963820291683078,0.0,0.06524527072906494,0.0010217309463769197,0.034708280116319656,0.015714935958385468,0.0,0.007419545669108629,0.021567096933722496,0.0,0.011278207413852215,0.05066441372036934,0.005987016949802637,0.011423931457102299,0.0052400995045900345,0.008806133642792702,0.020258145406842232,0.025000981986522675,0.0,0.0,0.0016134906327351928,0.058302246034145355,0.06712927669286728,0.7488014101982117,0.0,0.0,0.0,0.0,0.0,0.08647839725017548,0.0,0.0,0.0,0.0,0.0,0.004847678355872631,0.1315411627292633,0.0,0.006600535940378904,0.20104116201400757,0.012458798475563526,0.21238955855369568,0.05032142996788025,0.11192605644464493,0.0,0.18809658288955688,0.0,0.0,0.0010840320028364658,0.010942909866571426,0.0,0.0,0.28985539078712463,0.0,0.0,0.10342095047235489,0.0,0.0010641637491062284,0.0,0.0,0.0,0.0,0.01270244736224413,0.06951036304235458,0.015599558129906654,0.0,0.0,0.007214267272502184,0.010383857414126396,0.0,0.0,0.1255415380001068,0.010525844991207123,0.12106180936098099,0.09500308334827423,0.001203162712045014,0.0348396860063076,0.0,0.0006153881549835205,0.0,0.14042213559150696,0.0,0.0,0.038988977670669556,0.0,0.007165360264480114,0.0,0.0,0.019290857017040253,0.00038877964834682643,0.0,0.0,0.0,0.0,0.0,0.01766948774456978,0.0033221065532416105,0.019781049340963364,0.4912334084510803,0.0,0.010839724913239479,0.005429177079349756,0.00016378470172639936,0.0,0.1903638392686844,0.0,0.06977992504835129,0.3872619569301605,0.0,0.0006230473518371582,0.00554451160132885,0.0,0.0,0.0,0.0,0.4068968892097473,0.0,0.0,0.0,0.0,0.0,0.368169367313385,0.11760248243808746,0.012828150764107704,0.0,0.004151931032538414,0.1144292950630188,0.32734447717666626,0.0,0.0,0.012487874366343021,0.0,0.0,0.0016498294426128268,0.0,0.0,0.014897878281772137,0.004430459812283516,0.0,0.0,0.0,0.2313098907470703,0.0,0.024158306419849396,0.04391989856958389,0.010495011694729328,0.0,0.2887749969959259,0.14896473288536072,0.0,0.1622222512960434,0.0,0.0,0.0,0.011397285386919975,0.03290455415844917,0.0,0.0,0.03616367280483246,0.0,0.03738303855061531,0.026261797174811363,0.0,0.0,0.00283627025783062,0.0018488037167117,0.21715736389160156,0.009179601445794106,0.013871009461581707,0.02585313282907009,0.0,0.05236152186989784,0.04007577896118164,0.1038251668214798,0.02225417084991932,0.0,0.0,0.007130927871912718,0.039918072521686554,0.0005218035075813532,0.002095293952152133,0.02679687924683094,0.0,0.020157044753432274,0.0,0.0,0.0,0.0,0.013410317711532116,0.00498358067125082,0.004261893220245838,0.0,0.0,0.07549088448286057,0.09326127916574478,0.047231219708919525,0.004345239605754614,0.020586339756846428,0.0020471191965043545,0.0,0.0,0.247336745262146,0.0,0.07620346546173096,0.05648161098361015,0.015858469530940056,0.0,0.35274001955986023,0.0004043531371280551,0.03579622879624367,0.0
0.0,0.008168011903762817,0.36056602001190186,0.0,0.0,0.0,0.014032073318958282,0.009965913370251656,0.0,0.08403981477022171,0.0,0.05456741154193878,0.03197600319981575,0.3426096439361572,0.1505870670080185,0.17863430082798004,0.0,0.032545074820518494,0.001174591132439673,0.24161231517791748,0.03981944918632507,0.0,0.02117200940847397,0.2622615694999695,0.047949232161045074,0.0933801680803299,0.0,0.0,0.0,0.0,0.4560583233833313,0.07228115946054459,0.0,0.0,0.1914822906255722,0.19099220633506775,0.0,0.04093782976269722,0.0,0.09019193798303604,0.2792244851589203,0.0,0.005898506846278906,0.150181382894516,0.45588579773902893,0.006331426091492176,0.03537963330745697,0.0,0.29667985439300537,0.0,0.0,0.17745345830917358,0.008663776330649853,0.13536126911640167,0.03316047042608261,0.0,0.0,0.0,0.05177527293562889,0.004001166671514511,0.005865748040378094,0.5014438033103943,0.09631075710058212,0.0,0.0006961285835132003,0.3065480589866638,0.09959834814071655,0.0251579862087965,0.020821327343583107,0.0,0.19766166806221008,0.022285664454102516,0.011338181793689728,0.09143216907978058,0.01917225308716297,0.07819738984107971,0.34641897678375244,0.005682250484824181,0.16923026740550995,0.45515677332878113,0.0,0.09502355754375458,0.0,0.06828496605157852,0.01694687083363533,0.2920662462711334,0.0735434889793396,0.0,0.0,0.01284807175397873,0.012623393908143044,0.00021530628146138042,0.23147186636924744,0.3857542872428894,0.005376068409532309,0.11644401401281357,0.042035941034555435,0.003570341970771551,0.0,0.004385669715702534,0.009722216054797173,0.03821144625544548,0.12390580773353577,0.03266206383705139,0.06250268220901489,0.0010630727047100663,0.014177565462887287,0.0,0.0,0.007641880307346582,0.015613442286849022,0.022291598841547966,0.0,0.17105716466903687,0.006540446076542139,0.421175092458725,0.0,0.06646666675806046,0.0,0.16187584400177002,0.01608002930879593,0.006955354008823633,0.3814258873462677,0.048199690878391266,0.001307306345552206,0.0017888057045638561,0.2289222925901413,0.044174760580062866,0.18772079050540924,0.00029202699079178274,0.07967724651098251,0.0,0.04568738490343094,0.02970842830836773,0.05565832555294037,0.06295428425073624,0.008117983117699623,0.0,0.018329234793782234,0.0,0.12053468823432922,0.05007599666714668,0.0,0.02502373233437538,0.22817909717559814,0.0,0.022118160501122475,0.29154643416404724,0.010821226052939892,0.04470343142747879,0.11767424643039703,0.0,0.04745103046298027,0.06464193016290665,0.0,0.060113683342933655,0.01002442091703415,0.056220635771751404,0.17721876502037048,0.08908899128437042,0.0006127107189968228,0.012335567735135555,0.017145004123449326,0.3601232171058655,0.06998123973608017,0.0,0.17737983167171478,0.0,0.08867038786411285,0.33983665704727173,0.14278723299503326,0.026810260489583015,0.08855609595775604,0.2096785008907318,0.05072471499443054,0.045086346566677094,0.6207872629165649,0.029832568019628525,0.0,0.2959056496620178,0.0,0.01024115551263094,0.04546816647052765,0.008414254523813725,0.002043693093582988,0.2878676652908325,0.16947013139724731,0.06736066937446594,0.03554385155439377,0.3015809953212738,0.05332976207137108,0.06650788336992264,0.0006739568780176342,0.009657135233283043,0.022559350356459618,0.027068736031651497,0.03756764531135559,0.012591157108545303,0.34076958894729614,0.0054997350089251995,0.1426500678062439,0.029425065964460373,0.0,0.16766798496246338,0.0,0.033734872937202454,0.03362446278333664,0.03679399564862251,0.027318811044096947,0.1108943521976471,0.12858621776103973,0.0,0.20099769532680511,0.0008166426559910178,0.014033693820238113,0.027562500908970833,0.03840482607483864,0.03553139045834541,0.0,0.028335146605968475,0.06290959566831589,0.02072404883801937,0.1520964652299881,0.15845441818237305,0.007347194943577051,0.2058781385421753,0.008903197944164276,0.020245501771569252,0.10836023092269897,0.12902680039405823,0.16920030117034912,0.0,0.21431589126586914,0.09023390710353851,0.12065339833498001,0.2770794630050659,0.0258366446942091,0.09442131966352463,0.04734329134225845,0.0,0.002847580937668681,0.05200345069169998,0.05571570247411728,0.0,0.05495467782020569,0.045575160533189774,0.060516513884067535,0.023055654019117355,0.0,0.006775476969778538,0.026399048045277596,0.0035186803434044123,0.001826412626542151,0.009287314489483833,0.014008887112140656,0.11078241467475891,0.0,0.08050952106714249,0.061226435005664825,0.4441807270050049,0.0,0.008416716009378433,0.011927932500839233,0.0,0.09682906419038773,0.016732588410377502,0.10280551016330719,0.08123035728931427,0.0045679714530706406,0.023952262476086617,0.08241716027259827,0.0005574989481829107,0.0,0.11154185235500336,0.05045480281114578,0.0,0.06756163388490677,0.006748504471033812,0.14105935394763947,0.1504799723625183,0.02793126180768013,0.0,0.012560191564261913,0.14109784364700317,0.01978358067572117,0.6049961447715759,0.0,0.0,0.20222969353199005,0.07953213900327682,0.1531752645969391,0.15743741393089294,0.05055562034249306,0.0,0.03822217136621475,0.022976702079176903,0.1985638290643692,0.0,0.2959898114204407,0.0,0.033429816365242004,0.04010404646396637,0.12610051035881042,0.12934212386608124,0.1314040571451187,0.008424725383520126,0.009364788420498371,0.02466481924057007,0.0,0.0,0.0,0.12902584671974182,0.017048576846718788,0.1968597173690796,0.04018213227391243,0.2438429594039917,0.0340023897588253,0.0038467764388769865,0.14815160632133484,0.0411095954477787,0.0,0.010082210414111614,0.0,0.0,0.7105100750923157,0.0,0.0,0.014105712994933128,0.0,0.0,0.0,0.04201003536581993,0.0,0.0,0.023566408082842827,0.0,0.0,0.0,0.006849890574812889,0.049875833094120026,0.09368185698986053,0.0,0.0,0.0,0.0,0.0,0.0,0.0,0.0,0.0,0.17084215581417084,0.0,0.09474453330039978,0.09483510255813599,0.4049125015735626,0.0,0.0,0.0,0.03158104047179222,0.0006620335625484586,0.0,0.0,0.0,0.0,0.0,0.004542540293186903,0.07657776027917862,0.048152126371860504,0.0,0.0,0.5501376986503601,0.0,0.0,0.060387901961803436,0.01990816555917263,0.0,0.023801367729902267,0.0,0.004294611047953367,0.1744299829006195,0.061521224677562714,0.0,0.0,0.0,0.013371681794524193,0.0,0.0,0.05792560055851936,0.0,0.0,0.27799031138420105,0.0,0.0,0.0,0.0,0.0,0.17264120280742645,0.0,0.10971273481845856,0.023299284279346466,0.0006532931583933532,0.03240930661559105,0.0,0.00025058528990484774,0.005545222666114569,0.0,0.02374854125082493,0.0,0.0,0.06646538525819778,0.0,0.0,0.0,0.0,0.009557186625897884,0.0,0.0,0.0,0.0,0.0,0.03392644226551056,0.0,0.02741781435906887,0.0,0.018727922812104225,0.14496451616287231,0.01197050791233778,0.005914409179240465,0.0,0.11726231873035431,0.0,0.005316619761288166,0.0,0.14862647652626038,0.0,0.0,0.0,0.03203826770186424,0.003785860724747181,0.0,0.0,0.0,0.022466642782092094,0.006463260855525732,0.0,0.0,0.1160891056060791,0.0,0.029529131948947906,0.04079325497150421,0.006594790145754814,0.0,0.0,0.015422573313117027,0.0,0.008300107903778553,0.0,0.0,0.02506680227816105,0.0,0.002554114442318678,0.19800835847854614,0.0,0.0,0.047688692808151245,0.2947787344455719,0.04919750243425369,0.0,0.0,0.00443858839571476,0.0,0.0,0.024689625948667526,0.0,0.018938787281513214,0.0,0.0,0.04522705078125,0.09151006489992142,0.0,0.0,0.0,0.11569458246231079,0.007983717136085033,0.028893761336803436,0.20903289318084717,0.012743272818624973,0.0,0.0,0.0,0.020043648779392242,0.0,0.0,0.0,0.0,0.0,0.0,0.015339946374297142,0.025867315009236336,0.0,0.0,0.0,0.010490987449884415,0.03417304903268814,0.026318620890378952,0.0,0.0,0.0014504562132060528,0.14145317673683167,0.035539641976356506,0.015618818812072277,0.019680187106132507,0.0,0.013798979111015797,0.0,0.0,0.2396768033504486,0.032778386026620865,0.0,0.019774097949266434,0.0,0.0,0.37582793831825256,0.0,0.0,0.0,0.0,0.0,0.0,0.013103323057293892,0.02495785988867283,0.0,0.003947064746171236,0.0,0.0,0.10769756138324738,0.0,0.0,0.0,0.016625696793198586,0.004424111917614937,0.03839501738548279,0.0,0.12030161172151566,0.0,0.0,0.05053040385246277,0.0,0.005932214204221964,0.0008503556018695235,0.0,0.0289497971534729,0.020336546003818512,0.2696040868759155,0.0,0.0088483402505517,0.0,0.0,0.029357407242059708,0.0,0.012340856716036797,0.055800069123506546,0.06548845022916794,0.0,0.19981376826763153,0.06811833381652832,0.0,0.0,0.05421268567442894,0.259976327419281,0.0,0.040669046342372894,0.09647595137357712,0.0,0.0032804871443659067,0.001630178070627153,0.0,0.0,0.0,0.0033294428139925003,0.05274086073040962,0.0,0.06725794821977615,0.0,0.16838520765304565,0.04676946625113487,0.09229347854852676,0.01611662097275257,0.0,0.0,0.0,0.0046283346600830555,0.0054488275200128555,0.0,0.019150588661432266,0.20437350869178772,0.006262736860662699,0.050693873316049576,0.0,0.0,0.0,0.0,0.0,0.015519409440457821,0.0,0.0,0.0,0.35444748401641846,0.008229182101786137,0.031812213361263275,0.0,0.08058910071849823,0.0,0.0,0.010404245927929878,0.03604388236999512,0.004148156847804785,0.0298109482973814,0.0,0.0,0.0,0.0,0.0,0.0,0.0,0.004673561546951532,0.0,0.012119540944695473,0.0,0.06164632737636566,0.0558306984603405,0.01209635753184557,0.0,0.0,0.0,0.0,0.0,0.00327487476170063,0.0,0.0,0.0,0.0,0.1181822419166565,0.009923312813043594,0.0,0.0,0.0,0.0,0.05469946935772896,0.0,0.0,0.010571763850748539,0.0,0.0,0.010300347581505775,0.0,0.0,0.09385363757610321,0.0012095492566004395,0.07937324792146683,0.014204692095518112,0.0,0.22226274013519287,0.004711128305643797,0.10180022567510605,0.016362370923161507,0.008233620785176754,0.14208686351776123,0.0,0.05097157880663872,0.10843851417303085,0.0,0.040016498416662216,0.0,0.0,0.0,0.0,0.0,0.0,0.0,0.0,0.038153573870658875,0.0,0.0,0.0,0.09659113734960556,0.022290538996458054,0.0,0.0,0.0,0.04263845458626747,0.07272227108478546,0.034287407994270325,0.0,0.06111958995461464,0.037215109914541245,0.0,0.0,0.0066742743365466595,0.05568470433354378,0.0,0.0,0.316237211227417,0.08739150315523148,0.03164742514491081,0.0,0.015935976058244705,0.0,0.12306424230337143,0.004536197055131197,0.0,0.0,0.0,0.008424592204391956,0.16690044105052948,0.0915207490324974,0.03867746889591217,0.0,0.019493084400892258,0.07741162925958633,0.0,0.0,0.0,0.04983983188867569,0.004973492585122585,0.011361454613506794,0.0035222575534135103,0.07455823570489883,0.0,0.23037311434745789,0.0,0.0,0.0003284102713223547,0.34037330746650696,0.03401203826069832,0.0,0.021683819591999054,0.5324785113334656,0.0,0.011658119969069958,0.0,0.01599692739546299,0.0,0.0,0.0,0.01131339743733406,0.25235050916671753,0.0,0.10327937453985214,0.0,0.0,0.007500613108277321,0.0066571664065122604,0.0,0.0126181086525321,0.0008634948753751814,0.0,0.2567538917064667,0.09246180206537247,0.0,0.0,0.003925634548068047,0.0943363830447197,0.000943709455896169,0.3352624177932739,0.0,0.0,0.0,0.07688632607460022,0.0,0.09816034138202667,0.07183858752250671,0.08663935959339142,0.13222724199295044,0.02191241830587387,0.002083835657685995,0.008305259048938751,0.021533718332648277,0.02398047037422657,0.005220652092248201,0.0,0.0,0.15837858617305756,0.009983131662011147,0.03653553128242493,0.0,0.011701489798724651,0.08466602116823196,0.2709960639476776,0.005208635702729225,0.04301963374018669,0.027923747897148132,0.03961760178208351,0.0,0.0,0.0,0.08729734271764755,0.0,0.0009051478118635714,0.15391771495342255,0.029862940311431885,0.03787977620959282,0.0,0.020990051329135895,0.0,0.0,0.019534913823008537,0.05987178161740303,0.08624467998743057,0.0,0.18959598243236542,0.0,0.0,0.0,0.005858038552105427,0.06449738144874573,0.2096550166606903,0.013897597789764404,0.13355566561222076,0.0525936596095562,0.0,0.0,0.0,0.0,0.0,0.0,0.003280419623479247,0.0,0.0,0.035562679171562195,0.14282655715942383,0.0,0.007915410213172436,0.035231925547122955,0.018618028610944748,0.0,0.1791941523551941,0.0,0.004637232981622219,0.04194214195013046,0.03839757665991783,0.0,0.02849259413778782,0.007936669513583183,0.26313692331314087,0.0,0.002761008683592081,0.5113106369972229,0.0,0.025101829320192337,0.004457424860447645,0.0,0.0,0.0,0.03105984628200531,0.01283245999366045,0.0,0.13874977827072144,0.0,0.0,0.0,0.0,0.0,0.007547514513134956,0.0,0.050841059535741806,0.0019305371679365635,0.0038945269770920277,0.005672014784067869,0.0,0.43887197971343994,0.0,0.0,0.0,0.0,0.0,0.001812541508115828,0.6716468334197998,0.054096899926662445,0.007762127090245485,0.018274419009685516,0.08415359258651733,0.0,0.0159407090395689,0.0,0.21885205805301666,0.03057743050158024,0.09128011018037796,0.011113784275949001,0.01898290403187275,0.013687245547771454,0.017633106559515,0.1767829954624176,0.0,0.004720704630017281,0.0,0.07262782007455826,0.04614663124084473,0.09361498057842255,0.03091396763920784,0.09939256310462952,0.03916991874575615,0.0,0.4008581042289734,0.0,0.0,0.06638950109481812,0.005962918512523174,0.15174593031406403,0.0,0.0073759471997618675,0.0,0.07655743509531021,0.11911200731992722,0.0,0.14716041088104248,0.0173632875084877,0.07879051566123962,0.0,0.04472249001264572,0.31638985872268677,0.009222548454999924,0.16525958478450775,0.07994510978460312,0.20259886980056763,0.048603806644678116,0.018835408613085747,0.11487211287021637,0.1262572556734085,0.02407347969710827,0.15746791660785675,0.0,0.0,0.278899222612381,0.01775413006544113,0.0,0.013183586299419403,0.0,0.0,0.11372356116771698,0.0012558335438370705,0.005395107436925173,0.0,0.005412476137280464,0.0,0.0,0.20248624682426453,0.05935473367571831,0.0,0.0,0.03491485118865967,0.0,0.00826416164636612,0.07685808837413788,0.0,0.11718280613422394,0.0,0.14911329746246338,0.00234993826597929,0.012105455622076988,0.05779733508825302,0.0,0.03262409567832947,0.0,0.06810375303030014,0.13729926943778992,0.0061289845034480095,0.07094089686870575,0.03594561666250229,0.06374310702085495,0.0,0.11038117110729218,0.043473996222019196,0.006434332579374313,0.0,0.15034784376621246,0.0,0.0,0.028143377974629402,0.6124770045280457,0.15203070640563965,0.0,0.010987691581249237,0.4116957485675812,0.0,0.0068735708482563496,0.0,0.2523331046104431,0.0,0.04230122268199921,0.0,0.0020919227972626686,0.0,0.001790181384421885,0.10143747925758362,0.006944775581359863,0.0,0.14502881467342377,0.029936756938695908,0.0,0.005627972073853016,0.2572009563446045,0.006302664056420326,0.0,0.017793329432606697,0.025226330384612083,0.0314626470208168,0.03144778683781624,0.01369702722877264,0.054102569818496704,0.0,0.04480735957622528,0.22774064540863037,0.0,0.0,0.019529299810528755,0.09358340501785278,0.0580880306661129,0.0,0.09165046364068985,0.0,0.0,0.30233338475227356,0.0,0.0,0.031343117356300354,0.0,0.0,0.02331816963851452,0.3218097686767578,0.00576953636482358,0.0007228470058180392,0.1782189905643463,0.07099366933107376,0.02595067024230957,0.07037538290023804,0.0010336822597309947,0.06996753066778183,0.008209499530494213,0.0,0.0,0.0,0.05433165654540062,0.0,0.0,0.008070017211139202,0.08977381885051727,0.0730147659778595,0.01137428730726242,0.20868930220603943,0.0,0.03441055119037628,0.016789335757493973,0.0,0.16599370539188385,0.001376017346046865,0.005580801982432604,0.08017764240503311,0.006225783843547106,0.0,0.0923863872885704,0.05160461738705635,0.0,0.018888423219323158,0.48165199160575867,0.07353764772415161,0.03924368694424629,0.0,0.0543346032500267,0.1759818196296692,0.030766405165195465,0.09188104420900345,0.0,0.06166635453701019,0.0,0.07342594861984253,0.048538580536842346,0.04782039299607277,0.40261149406433105,0.010075275786221027,0.4214969873428345,0.0,0.006802177522331476,0.019356222823262215,0.34753096103668213,0.11637455224990845,0.11284126341342926,0.12482994794845581,0.0,0.01740974560379982,0.01978018693625927,0.0018281507072970271,0.0,0.04236874729394913,0.030810341238975525,0.0,0.0,0.002756367903202772,0.0,0.13461078703403473,0.0,0.0,0.133905827999115,0.023643450811505318,0.3534095287322998,0.0,0.0,0.007981102913618088,0.0,0.0,0.0,0.45435619354248047,0.0,0.0,0.0,0.0,0.2043999284505844,0.0,0.0,0.0,0.053200121968984604,0.010822348296642303,0.043374061584472656,0.2852274477481842,0.33288097381591797,0.0,0.008561670780181885,0.0,0.034588634967803955,0.0,0.0,0.0,0.0,0.12405364960432053,0.0,0.0,0.0,0.010581854730844498,0.010658523999154568,0.07630742341279984,0.11938118934631348,0.0,0.0,0.0,0.0032044805120676756,0.0,0.316567063331604,0.02190656028687954,0.3130732774734497,0.0,0.057258591055870056,0.004548781085759401,0.005288064479827881,0.0,0.04448504000902176,0.0,0.06452129781246185,0.04022429138422012,0.007814694195985794,0.016035081818699837,0.0,0.0034540845081210136,0.0,0.04703826829791069,0.0,0.0764479711651802,0.02486380562186241,0.0,0.0,0.0,0.0,0.0,0.9631751775741577,0.17345771193504333,0.0,0.0,0.03413219377398491,0.006667175330221653,0.011033118702471256,0.037430211901664734,0.08946891874074936,0.0,0.0,0.617630124092102,0.0,0.0,0.0,0.01170597318559885,0.0,0.0,0.0,0.0,0.0,0.0,0.0,0.5526885390281677,0.019432231783866882,0.0,0.0938991904258728,0.0,0.015717359259724617,0.0026225608307868242,0.0,0.0,0.0,0.0008458083611913025,0.3695495128631592,0.017907200381159782,1.1800169944763184,0.0,0.004664379172027111,0.009012943133711815,0.0006118869641795754,0.0,0.025127621367573738,2.2876133918762207,0.0119287995621562,0.0,0.0,0.03644401580095291,0.05210304260253906,0.0,0.0,0.026105785742402077,0.0,0.0,0.6873814463615417,0.0,0.013636182993650436,0.03495938703417778,0.0,0.0,0.0,0.06981189548969269,0.21159499883651733,0.03250991925597191,0.0,0.14425188302993774,0.0,0.0,0.0,0.0,0.0,0.1736093908548355,0.018055148422718048,0.03078792616724968,0.0016913962317630649,0.0,0.2076777070760727,0.02302030473947525,0.028713805601000786,0.08333328366279602,0.6976468563079834,0.0,0.07746780663728714,0.18656207621097565,0.0020110858604311943,0.011462206952273846,0.0,0.0028711280319839716,0.0,0.024057814851403236,0.0,0.0,0.003090809565037489,0.0,0.0,0.017795206978917122,0.0,0.11584312468767166,0.035632725805044174,1.0665675401687622,0.0,0.04459204524755478,0.0,0.03633364289999008,0.026975836604833603,0.0,0.03918713331222534,0.0,0.0,0.44237643480300903,0.0,0.029596518725156784,0.0,0.0,0.0,0.0,0.030123531818389893,0.01203188207000494,0.0,0.0011453612241894007,0.0,0.0,0.0,0.0,0.0,0.0,0.0,0.0,0.0,0.008112698793411255,0.23061487078666687,0.0,0.11154922842979431,0.0,0.0,0.0,0.010825658217072487,0.0,0.04903002828359604,0.0,0.007678114343434572,0.03391982614994049,0.012578468769788742,0.0,0.0,0.034913185983896255,0.03207668289542198,0.0,0.07751896232366562,0.01801716536283493,0.0,0.026007015258073807,0.0,0.025119507685303688,0.0,0.0398038774728775,0.0,0.0,0.0,0.033860012888908386,0.0,0.0,0.0,0.028002748265862465,0.0,0.0,0.2699870467185974,0.0944577008485794,0.0,0.0,0.0,0.00046346246381290257,0.03219078108668327,0.0,0.004402116406708956,0.06885716319084167,0.01857331022620201,0.0,0.020779164507985115,0.0,0.01803847774863243,0.0,0.0,0.0,0.012911937199532986,0.2229827344417572,0.05482565239071846,0.0,0.00777098536491394,0.3092285394668579,0.007365856319665909,0.0049452949315309525,0.0,0.2609119117259979,0.10491405427455902,0.05027827247977257,0.0328681506216526,0.0,0.0,1.0218325853347778,0.3270879089832306,0.09157473593950272,0.0,0.0,0.0,0.0,0.0,0.0026842611841857433,0.0,0.6942647695541382,0.004097256809473038,0.0952872484922409,0.0,0.0,0.0,0.014474017545580864,0.056755390018224716,0.0,0.0,0.036893732845783234,0.09445972740650177,0.0,0.0361550897359848,0.5367699265480042,0.01621626876294613,0.5420262813568115,0.060032814741134644,0.008199664764106274,0.3129585087299347,0.05272192880511284,0.0556446835398674,0.0,0.40362703800201416,0.02762153185904026,0.0,0.0009385013836435974,0.0006012758822180331,0.0,0.0,0.08298919349908829,0.0,0.001719060936011374,0.31888219714164734,0.006635346449911594,0.0,0.0,0.11036079376935959,0.009100692346692085,0.004980617202818394,0.0,0.0,0.0,0.09902647137641907,0.018574899062514305,0.0015574562130495906,0.0,0.11399290710687637,0.007917013019323349,0.0,0.005847956985235214,0.0,0.0,0.0,0.0,0.0,0.25280463695526123,0.0,0.0,0.021653927862644196,0.0,0.10857672989368439,0.0,0.0,0.0035297239664942026,0.0,0.08824032545089722,0.0038486821576952934,0.0,0.0,0.0,0.0,0.0,0.0,0.0,0.0,0.0,0.0,0.0,0.01958797499537468,0.0,0.0033566642086952925,0.0,0.07225291430950165,0.009969892911612988,0.03101234696805477,0.003649048740044236,0.05805448442697525,0.0,0.07199706137180328,0.0,0.11554180830717087,0.012690799310803413,0.03715130686759949,0.1395239681005478,0.10613134503364563,0.0,0.0,0.0,0.009394521825015545,0.0026684843469411135,0.21903003752231598,0.02007715404033661,0.02292926050722599,0.0,0.022663943469524384,0.025361403822898865,0.05045035481452942,0.0,0.00653424859046936,0.0,0.0,0.14052972197532654,0.08179408311843872,0.0,0.0068681384436786175,0.0,0.029957808554172516,0.024814095348119736,0.06340120732784271,0.043280430138111115,0.0,0.0,0.15034322440624237,0.06676502525806427,0.015028822235763073,0.0005167651106603444,0.0,0.0029042649548500776,0.0,0.5993173122406006,0.01869647018611431,0.005648695398122072,0.0,0.17815819382667542,0.05671963840723038,0.1182217225432396,0.00011733054998330772,0.0794057846069336,0.0,0.0,0.1964917629957199,0.3294646739959717,0.0,0.08598461747169495,0.0,0.6501256823539734,0.0,0.009828860871493816,0.0,0.017375459894537926,0.008835885673761368,0.006769994273781776,0.0,0.0,0.14435164630413055,0.009147227741777897,0.21086719632148743,0.0,0.11397616565227509,0.0,0.013399708084762096,0.0066693490371108055,0.12842929363250732,0.228307843208313,0.0,0.04204847291111946,0.21709157526493073,0.0,0.03793875128030777,0.0,0.0,0.0,0.08263698220252991,0.045545727014541626,0.0004822277987841517,0.0,0.01863689348101616,0.16759277880191803,0.018612435087561607,0.0,0.00375260878354311,0.04877707362174988,0.12858949601650238,0.0,0.0,0.0,0.012092841789126396,0.0017213940154761076,0.0034011071547865868,0.020240359008312225,0.1515558660030365,0.0,0.06422223895788193,0.0,0.08472811430692673,0.7162834405899048,0.05439051613211632,0.07246977090835571,0.003802285296842456,0.06626271456480026,0.006791772786527872,0.0,0.0,0.0,0.034384191036224365,0.015155205503106117,0.04098279029130936,0.0,0.02901373617351055,0.003823913400992751,0.484945684671402,0.16238798201084137,0.0,0.04074031859636307,0.005669674836099148,0.1978391408920288,0.336669385433197,0.037926025688648224,0.021650666370987892,0.6574693918228149,0.022005677223205566,0.7684780359268188,0.03322451189160347,0.00019993305613752455,0.0,0.0,0.08422423154115677,0.0,0.05756990611553192,0.0,0.0,0.017495790496468544,0.0,0.021009575575590134,1.1760656833648682,0.12989944219589233,0.03037717565894127,0.0,0.06094217300415039,0.0,0.04724293202161789,0.015917742624878883,0.00545705808326602,0.0,0.36933791637420654,0.03994738683104515,0.025141172111034393,0.02328224666416645,0.0,0.0,0.06151250749826431,0.0026219510473310947,0.13124912977218628,0.05729962885379791,0.0,0.2256477326154709,0.0,0.05033494159579277,0.0,0.0036624001804739237,0.0,0.0,0.7779385447502136,0.4690498113632202,0.0005919254035688937,0.07105205953121185,0.19445466995239258,0.03940316289663315,0.10442935675382614,0.004557595122605562,0.027798570692539215,0.0147987250238657,0.011867880821228027,0.0,0.0,0.027667762711644173,0.0,0.029043570160865784,0.007433257065713406,0.05459000542759895,0.08897878974676132,0.016201917082071304,0.0,0.05804895982146263,0.03722048178315163,0.036332909017801285,0.1991492062807083,0.002956583397462964,0.0,0.15115270018577576,0.0,0.020111240446567535,0.08768992125988007,0.0,0.04295306280255318,0.006456400267779827,0.0,0.000566469447221607,0.4714449644088745,0.0,0.08537169545888901,0.012561138719320297,0.0,0.0,0.0,0.02398488111793995,0.0,0.0,0.03877556696534157,0.004697221331298351,0.035479068756103516,0.012669229879975319,0.01568029634654522,0.0,0.7539852261543274,0.09043282270431519,0.0034674264024943113,0.1681428849697113,0.07389800995588303,0.0,0.0076148249208927155,0.0,0.02942495048046112,0.0,0.010893572121858597,0.05054094269871712,0.0025301100686192513,0.001497119665145874,0.0,0.0,0.0,0.005796010605990887,0.0,0.10000665485858917,0.038562074303627014,0.018577219918370247,0.024212565273046494,0.1412608027458191,0.07651454210281372,0.05652528256177902,0.10629186779260635,0.042205777019262314,0.0,0.08084766566753387,0.0,0.0037210392765700817,0.00038061977829784155,0.01801072433590889,0.020832180976867676,0.00447937473654747,0.05545961484313011,0.2473950833082199,0.0,0.0,0.0,0.03574560582637787,0.0,9.26435022847727e-05,0.036327823996543884,0.00624884944409132,0.0,0.07621844857931137,0.006912828888744116,0.004026515409350395,0.002066221321001649,0.0,0.0,0.0028447245713323355,0.0,0.020616980269551277,0.2856489419937134,0.028175532817840576,0.49203094840049744,0.03472485765814781,0.03824274241924286,0.30580541491508484,0.0,0.010464957915246487,0.0,0.0,0.0008772313594818115,0.0,0.0864705815911293,0.4463793933391571,0.0,0.012319675646722317,0.0,0.004977358505129814,0.014869606122374535,0.0,0.0,0.006165904924273491,0.0,0.45968714356422424,0.0,0.009846333414316177,0.0,0.0,0.20801453292369843,0.01774846576154232,0.0,0.0,0.0,0.15335285663604736,0.003346092766150832,0.04953600838780403,0.001576275797560811,0.0,0.012426749803125858,0.03577497974038124,0.0,0.0,0.07055043429136276,0.024315524846315384,0.023949211463332176,0.002325432375073433,0.0,0.0,0.08523288369178772,0.0,0.03888742998242378,0.0,0.0,0.01953602395951748,0.049341682344675064,0.09682732820510864,0.0,0.01791241019964218,0.10752446949481964,0.0781276673078537,0.0,0.03778526932001114,0.5905277729034424,0.0,0.2527584731578827,0.04547657072544098,0.16061659157276154,0.023329904302954674,0.4940618574619293,0.0,0.0,0.0,0.032911669462919235,0.014279649592936039,0.0003716748906299472,0.0,0.013951070606708527,0.0,0.0339735671877861,0.0011870217276737094,0.04618016257882118,0.005411610472947359,0.5233922600746155,0.02756141684949398,0.07224833220243454,0.0,0.0008530521299690008,0.0776020810008049,0.012058865278959274,0.04601491987705231,0.010921621695160866,0.0,0.0039071510545909405,0.012259479612112045,0.0,0.0060864947736263275,0.06871537864208221,0.0055830287747085094,0.010260768234729767,0.0059023164212703705,0.007010909263044596,0.019831852987408638,0.021408163011074066,0.0,0.0,0.0007515728357248008,0.07593250274658203,0.09463787078857422,0.7821405529975891,0.0,0.0,0.00225270027294755,0.0,0.0,0.10682705789804459,0.0,0.0,0.0,0.0,0.0,0.020397629588842392,0.14214415848255157,0.0,0.007275992538779974,0.1396356076002121,0.03884132206439972,0.21058103442192078,0.06926184892654419,0.09100685268640518,0.0,0.1879294067621231,0.0,0.0,0.009466266259551048,0.010650929063558578,0.01575484685599804,0.0,0.30561789870262146,0.0,0.0,0.10278011113405228,0.0,0.0034943479113280773,0.0,0.0,0.0,0.0,0.025218989700078964,0.060591068118810654,0.009066497907042503,0.0,0.0,0.003329778090119362,0.01832306757569313,0.0,0.0,0.12430455535650253,0.013856559060513973,0.09138857573270798,0.06869707256555557,0.0,0.042810190469026566,0.0,0.0,0.0,0.08113043010234833,0.0,0.0003565597580745816,0.034448690712451935,0.0,0.03241105005145073,0.0,0.0,0.05700819566845894,0.0,0.0,0.0,0.0,0.0,0.0,0.0199896153062582,0.0006568825338035822,0.017522243782877922,0.605978786945343,0.0,0.008893648162484169,0.009432838298380375,0.0,0.0038537096697837114,0.2068520486354828,0.0,0.09523239731788635,0.3505629301071167,0.000970975321251899,0.0,0.01643981784582138,0.0,0.0,0.0,0.0,0.4164973795413971,0.0,0.0,0.0,0.0,0.0,0.5537954568862915,0.09918041527271271,0.0014145481400191784,0.0,0.009608201682567596,0.09095127135515213,0.32193705439567566,0.0,0.0,0.01893780753016472,0.0,0.0,0.0,0.0,0.0,0.014901195652782917,0.0,0.0,0.0,0.0,0.302443265914917,0.0,0.027900710701942444,0.04126536473631859,0.02514795772731304,0.0,0.3609386384487152,0.14794330298900604,0.0,0.18079210817813873,0.003167941467836499,0.0,0.0,0.005771917290985584,0.05383598804473877,0.0,0.0,0.03225186839699745,0.0,0.06688766181468964,0.03865935280919075,0.023422718048095703,0.0,0.0031968308612704277,0.0017138064140453935,0.17687749862670898,0.00896218791604042,0.007595853880047798,0.023468486964702606,0.0,0.1869957596063614,0.05089624226093292,0.08320248872041702,0.05476132780313492,0.0,0.0,0.004909832496196032,0.07212426513433456,0.0,0.0,0.023616306483745575,0.0,0.017595581710338593,0.0,0.0,0.0,0.0,0.0023068678565323353,0.04004417359828949,0.003617426147684455,0.0,0.0,0.1130344495177269,0.04127318412065506,0.08048983663320541,0.01091859582811594,0.012676877900958061,0.009938696399331093,0.0,0.0,0.3227134048938751,0.0,0.0951782763004303,0.057666901499032974,0.006507611367851496,0.0,0.39423736929893494,0.0009979628957808018,0.05362410470843315,0.018934154883027077
0.0,0.017595289275050163,0.36470428109169006,0.0,0.0,0.0,0.026210477575659752,0.005703289527446032,0.006087386514991522,0.09143935143947601,0.0,0.0403825081884861,0.029458170756697655,0.3539733588695526,0.1103232353925705,0.16176509857177734,0.0020407664123922586,0.029250282794237137,0.0,0.2737600803375244,0.08585371822118759,0.0,0.026198657229542732,0.11923006176948547,0.04869424179196358,0.09806995093822479,0.0,0.0010304999304935336,0.0,0.0,0.45694926381111145,0.12010511755943298,0.0,0.0,0.2469581961631775,0.18828438222408295,0.006801116280257702,0.03363633155822754,0.0,0.06493526697158813,0.3739550709724426,0.0,0.01506881508976221,0.1491750180721283,0.4993070363998413,0.013791914097964764,0.05172765627503395,0.0,0.274278849363327,0.0,0.0,0.1992056965827942,0.010529041290283203,0.14981204271316528,0.04972439259290695,0.0,0.0,0.0,0.06118139252066612,0.01790577918291092,0.0,0.4873393177986145,0.10890597105026245,0.0,0.010209646075963974,0.3025388717651367,0.12005241215229034,0.01846770942211151,0.02109537646174431,0.003572640474885702,0.14348699152469635,0.026933496817946434,0.018937649205327034,0.13359016180038452,0.0004603004490491003,0.049494724720716476,0.3641298711299896,0.003480570623651147,0.1608727127313614,0.46140769124031067,0.0,0.07628294825553894,0.0,0.08647778630256653,0.017916452139616013,0.21665824949741364,0.03197088465094566,0.0,0.0,0.020137567073106766,0.009950663894414902,0.011957316659390926,0.20148801803588867,0.4394758939743042,0.0,0.20635055005550385,0.0532371960580349,0.0,0.0037761449348181486,0.0,0.01543381717056036,0.04386714845895767,0.11449732631444931,0.019479496404528618,0.08949760347604752,0.00888137798756361,0.01610509119927883,0.0,0.0,0.004867072217166424,0.045604266226291656,0.011451992206275463,0.0,0.17815212905406952,0.009878936223685741,0.4083196222782135,0.0,0.07940271496772766,0.0,0.16463907063007355,0.021178364753723145,0.006211938802152872,0.2948320508003235,0.03302514925599098,1.8537044525146484e-05,0.006618175655603409,0.2690398097038269,0.025898108258843422,0.13062866032123566,0.011431941762566566,0.1294756680727005,0.0,0.041967906057834625,0.041769061237573624,0.06310659646987915,0.07341669499874115,0.005993702448904514,0.0017164557939395308,0.013829881325364113,0.0,0.08923313766717911,0.039077989757061005,0.0,0.026715528219938278,0.22072181105613708,0.0,0.05193409323692322,0.31017252802848816,0.016167376190423965,0.07473623007535934,0.09735704213380814,0.0,0.05553952604532242,0.06152156740427017,0.0,0.045877281576395035,0.00043071270920336246,0.05644022300839424,0.14270858466625214,0.08158724009990692,0.0,0.00385744939558208,0.018413668498396873,0.40119829773902893,0.09424997121095657,0.0,0.219167560338974,0.007175471633672714,0.11784297227859497,0.3487866520881653,0.10665495693683624,0.023417288437485695,0.08054240047931671,0.23727600276470184,0.05723061412572861,0.022108450531959534,0.5496374368667603,0.021848583593964577,0.0,0.2778642773628235,0.0,0.0008120250422507524,0.048949792981147766,0.0029238176066428423,0.011034505441784859,0.28750911355018616,0.15693022310733795,0.054541002959012985,0.04476935416460037,0.3348785638809204,0.04632435739040375,0.053597383201122284,0.004681596532464027,0.01859341561794281,0.021270668134093285,0.009759201668202877,0.019046911969780922,0.014499754644930363,0.2841445207595825,0.0,0.12423242628574371,0.008468377403914928,0.0,0.1709657907485962,0.0,0.012827491387724876,0.024557605385780334,0.022669751197099686,0.04800255224108696,0.08980276435613632,0.11647369712591171,0.0,0.17932938039302826,0.0,0.01694769784808159,0.026578014716506004,0.028449902310967445,0.03301700949668884,0.0,0.00394517881795764,0.05639975517988205,0.0,0.1773475706577301,0.15866884589195251,0.0,0.15476931631565094,0.013045077212154865,0.028714315965771675,0.09360895305871964,0.09349022805690765,0.19799326360225677,0.0,0.19161319732666016,0.08002182841300964,0.16417373716831207,0.27317461371421814,0.01406903751194477,0.10753335803747177,0.026597879827022552,0.0009009766508825123,0.0,0.058232661336660385,0.10777860879898071,0.0,0.04468585178256035,0.04721493646502495,0.04131219536066055,0.046377912163734436,0.0,0.016170142218470573,0.012987947091460228,0.008786187507212162,0.001387362484820187,0.01604831963777542,0.00097663642372936,0.12278148531913757,0.0,0.07520604878664017,0.06463062018156052,0.4536854028701782,0.0,0.01232072152197361,0.03983266279101372,0.0,0.11226014792919159,0.023736944422125816,0.09541640430688858,0.07388295978307724,0.000905559048987925,0.015527618117630482,0.053144246339797974,0.008761346340179443,0.006478447932749987,0.0931055098772049,0.035387713462114334,0.0,0.05533647537231445,0.027864957228302956,0.14575588703155518,0.15407411754131317,0.0,0.0,0.0015942954923957586,0.15780095756053925,0.0346410758793354,0.6450132131576538,0.0,0.0033998130820691586,0.17230308055877686,0.04431033134460449,0.12700490653514862,0.18774652481079102,0.058249641209840775,0.0,0.030406150966882706,0.002705605002120137,0.24050301313400269,0.0,0.2873683273792267,0.0,0.019530344754457474,0.02555779367685318,0.16572146117687225,0.1575494259595871,0.1793360561132431,0.0005178618594072759,0.014593961648643017,0.033950965851545334,0.0,0.0,0.0,0.12426502257585526,0.006459803786128759,0.17907728254795074,0.05871788412332535,0.2784440517425537,0.03371767699718475,0.014167001470923424,0.21690204739570618,0.029023874551057816,0.00019121170043945312,0.005128307268023491,0.0,0.0,0.7292878031730652,0.0,0.0,0.003987698350101709,0.0,0.0,0.0023196267429739237,0.0651496946811676,0.0,0.0,0.08053407818078995,0.0,0.0,0.0,0.015000902116298676,0.07337694615125656,0.07571517676115036,0.0060930512845516205,0.0,0.001803726889193058,0.0,0.0,0.0,0.005799722857773304,0.0,0.0,0.12302917242050171,0.0,0.0873652845621109,0.017946790903806686,0.23479428887367249,0.0,0.0,0.0,0.02486123889684677,0.004612001124769449,0.0027762525714933872,0.0,0.0,0.0,0.0,0.006810584105551243,0.07500968128442764,0.030990924686193466,0.0,0.0,0.49122127890586853,0.0,0.0,0.05969686433672905,0.0029488748405128717,0.0,0.0018636405002325773,0.0,0.008025511167943478,0.2246110886335373,0.050905246287584305,0.0,0.0,0.0,0.017494823783636093,0.0,0.0,0.06692587584257126,0.0,0.0,0.32381516695022583,0.0,0.0,0.0,0.0,0.0,0.1525242179632187,0.0,0.11140879988670349,0.009782874956727028,0.004204520955681801,0.01135915145277977,0.0,0.006582486443221569,0.0,0.0,0.009685042314231396,0.0,0.0,0.008787390775978565,0.0,0.0,0.0,0.0,0.0014589690836146474,0.0,0.0,0.0,0.0,0.0,0.06180446967482567,0.0,0.05097154155373573,0.0,0.02041870541870594,0.07499046623706818,0.023921461775898933,0.006375549361109734,0.013597066514194012,0.1116703674197197,0.0,0.00539380544796586,0.0,0.09986809641122818,0.0,0.0,0.0,0.0,0.0037947932723909616,0.0003741857362911105,0.0,0.0,0.010792959481477737,0.003654756583273411,0.0,0.0,0.16206306219100952,0.0,0.020993122830986977,0.05218319594860077,0.025565089657902718,0.0,0.0,0.03164062649011612,0.0,0.009473944082856178,0.0,0.0,0.024286655709147453,0.0,0.0046928394585847855,0.20595663785934448,0.0,0.0,0.09241625666618347,0.2300802767276764,0.03906286507844925,0.0,0.0,0.0,0.0,0.0,0.02553904987871647,0.0,0.014400077052414417,0.0,0.0,0.03419230878353119,0.05736300349235535,0.0,0.0,0.0,0.17698852717876434,0.0,0.08354377001523972,0.2697192132472992,0.011700799688696861,0.0,0.0,0.0,0.037150055170059204,0.0,0.0,0.0,0.0,0.0,0.0,0.02345791831612587,0.04820549860596657,0.0,0.0,0.0,0.014710187911987305,0.024145571514964104,0.03479407727718353,0.0,0.0,0.0,0.11424949765205383,0.019435953348875046,0.06719956547021866,0.04991936311125755,0.0,0.000352725968696177,0.0,0.0,0.1465635597705841,0.03631403669714928,0.0,0.021034205332398415,0.0,0.0009584113722667098,0.45557892322540283,0.0,0.003228970104828477,0.0,0.0,0.0,0.0,0.01863030716776848,0.04494968429207802,0.0,0.006407158449292183,0.007243727333843708,0.0,0.11307065188884735,0.0,0.0,0.0,0.026186110451817513,0.017247337847948074,0.01968918927013874,0.0,0.05142002925276756,0.0,0.0,0.02063453383743763,0.0,0.0049642943777143955,0.0,0.0032198172993957996,0.012654510326683521,0.01314891129732132,0.1415061205625534,0.00024950862280093133,0.024608325213193893,0.0,0.0,0.02987230382859707,0.0,0.011664736084640026,0.09117401391267776,0.023954031988978386,0.0,0.2010844647884369,0.03577651083469391,0.003458863589912653,0.0,0.04834247753024101,0.2669643759727478,0.0,0.0475129596889019,0.06807856261730194,0.0,0.005620857700705528,0.0,0.011946599930524826,0.0,0.0,0.010358822531998158,0.125190868973732,0.0,0.05902690812945366,0.0,0.12111256271600723,0.05390708148479462,0.10038362443447113,0.03676604479551315,0.0,0.0,0.0,0.003721454180777073,0.006509420927613974,0.0,0.0,0.15200275182724,0.017872536554932594,0.036073192954063416,0.0,0.0,0.0,0.0,0.0,0.034007810056209564,0.0,0.0,0.0,0.36996209621429443,0.007431539241224527,0.055529166013002396,0.0,0.19372226297855377,0.0,0.0,0.00857894029468298,0.015701981261372566,0.006579292938113213,0.02444576472043991,0.0,0.0,0.0,0.0,0.0,0.0,0.015723906457424164,0.004298279993236065,0.0,0.005074788350611925,0.0,0.054954685270786285,0.020245136693120003,0.008558101952075958,0.0,0.0,0.0,0.0,0.0,0.0,0.0,0.0,0.0,0.0,0.14999189972877502,0.017543228343129158,0.005819408223032951,0.0,0.0,0.0,0.050218600779771805,0.0,0.0,0.009497693739831448,0.0,0.0,0.013385995291173458,0.0,0.0,0.08923561871051788,0.0,0.08973342180252075,0.019426070153713226,0.0,0.20253998041152954,0.00028789095813408494,0.06162742152810097,0.0002875423524528742,0.0006317674997262657,0.09920728951692581,0.0,0.03053206019103527,0.0802387073636055,0.0,0.01991420052945614,0.0,0.0,0.0,0.0,0.0,0.0,0.03377683460712433,0.0,0.067346952855587,0.0,0.0,0.0,0.14826145768165588,0.00048569749924354255,0.0,0.0,0.0,0.036053236573934555,0.08059702813625336,0.010012834332883358,0.004595551639795303,0.048801641911268234,0.05681690201163292,0.0,0.0,0.0,0.048031166195869446,0.0,0.0,0.39166751503944397,0.07794055342674255,0.01392817497253418,0.0,0.018951784819364548,0.0,0.11381635069847107,0.0048225498758256435,0.0,0.0,0.005218446254730225,0.011597400531172752,0.21504612267017365,0.12129310518503189,0.04205840080976486,0.0,0.006886510644108057,0.08672540634870529,0.0,0.0,0.0,0.043229490518569946,0.0,0.02886858768761158,0.0,0.07703398913145065,0.0,0.23341193795204163,0.0,0.0,0.0,0.257390558719635,0.03145178407430649,0.0,0.024347219616174698,0.49470919370651245,0.0,0.007940161041915417,0.0,0.007063520140945911,0.0,0.0,0.0,0.015442452393472195,0.20252209901809692,0.0,0.12152648717164993,0.0,0.0011108911130577326,0.006622612942010164,0.0074743605218827724,0.0,0.025098424404859543,0.007998905144631863,0.0,0.26404130458831787,0.09039323031902313,0.0,0.0,0.001726062037050724,0.09496572613716125,0.0,0.3432137370109558,0.0,0.0,0.01562890037894249,0.07478702068328857,0.0,0.10481356829404831,0.1361972987651825,0.09494464844465256,0.15693062543869019,0.03658472001552582,0.0,0.0,0.022626321762800217,0.01770739257335663,0.014854619279503822,0.0,0.0,0.1649491935968399,0.027980875223875046,0.04886610805988312,0.0,0.026599740609526634,0.1178726777434349,0.2951589822769165,0.007937907241284847,0.05599131062626839,0.07896219938993454,0.048782844096422195,0.0006815397646278143,0.0,0.0,0.05744422599673271,0.0,0.0,0.16472652554512024,0.029640765860676765,0.03653061017394066,0.0,0.034005533903837204,0.0,0.0,0.02281586080789566,0.05445452779531479,0.06688372790813446,0.0,0.1411069929599762,0.0,0.0,0.0,0.013023067265748978,0.062332574278116226,0.1587330847978592,0.02333991602063179,0.15338842570781708,0.048447877168655396,0.0,0.0,0.005344839300960302,0.0,0.0,0.0,0.006021305453032255,0.0,0.0,0.07120963931083679,0.20718678832054138,0.0,0.0,0.020215798169374466,0.018775975331664085,0.0,0.17531444132328033,0.0,0.0,0.026939118281006813,0.033290937542915344,0.0,0.02946496568620205,0.017922604456543922,0.2474144548177719,0.0,0.0,0.5353043079376221,0.0,0.02431832253932953,0.008357522077858448,0.0,0.0,0.0,0.05159685015678406,0.012522945180535316,0.0,0.1398034542798996,0.0,0.0,0.0,0.0,0.0,0.010204622521996498,0.0,0.0028235125355422497,0.0,0.004159302916377783,0.00016675352526362985,0.0,0.42658522725105286,0.0,0.0,0.0,0.0,0.0,0.0,0.6846392154693604,0.049040537327528,0.011300024576485157,0.01733488403260708,0.07115429639816284,0.0,0.02590777911245823,0.0,0.1953621804714203,0.015742767602205276,0.03823106735944748,0.011693911626935005,0.01257918681949377,0.008890309371054173,0.012944013811647892,0.1512337327003479,0.0,0.011999904178082943,0.0,0.10909321904182434,0.04383139684796333,0.13408733904361725,0.004278381355106831,0.05313156545162201,0.03433268889784813,0.0,0.4253620505332947,0.0,0.0,0.05990675464272499,0.0018598330207169056,0.13693004846572876,0.0,0.0025765395257622004,0.0,0.07251168042421341,0.10154760628938675,0.0,0.13723239302635193,0.027365321293473244,0.07210864871740341,0.0,0.039955463260412216,0.35238102078437805,0.030752921476960182,0.1771303117275238,0.05454998463392258,0.17011559009552002,0.04508340731263161,0.04573850333690643,0.10493605583906174,0.09723427891731262,0.008557754568755627,0.1962214708328247,0.0,0.0,0.36840659379959106,0.03884076327085495,0.0,0.018148239701986313,0.0,0.0,0.09578891098499298,0.0,0.0,0.0,0.0017453455366194248,0.0,0.0,0.24226006865501404,0.06253966689109802,0.002147665712982416,0.0,0.026201313361525536,0.0,0.0007601904799230397,0.08959394693374634,0.0,0.18104591965675354,0.0,0.14473246037960052,0.0,0.033866818994283676,0.05752551555633545,0.0,0.037018127739429474,0.0,0.03680598735809326,0.15328466892242432,0.00022163242101669312,0.06591803580522537,0.026798639446496964,0.09047164022922516,0.0,0.11105070263147354,0.0344097837805748,0.002660092432051897,0.0,0.18292760848999023,0.0,0.0,0.0,0.5241408348083496,0.14633026719093323,0.0,0.03176051378250122,0.38407379388809204,0.0,0.0040712058544158936,0.0,0.26967766880989075,0.0,0.07294134795665741,0.0,0.0,0.0,0.0,0.08660240471363068,0.0,0.0,0.11524228751659393,0.030551331117749214,0.0,0.0013427078956738114,0.2435929924249649,0.0013655471848323941,0.01199558936059475,0.003111347323283553,0.02959260903298855,0.029419125989079475,0.020014965906739235,0.017404796555638313,0.07168938964605331,0.0,0.01849563792347908,0.26445847749710083,0.0,0.0,0.0,0.07103773206472397,0.07438414543867111,0.0,0.12232856452465057,0.0,0.0,0.35996904969215393,0.010959832929074764,0.0,0.024390647187829018,0.0,0.0,0.012392238713800907,0.44332826137542725,0.0,0.0,0.20986393094062805,0.07883544266223907,0.020188791677355766,0.06411837786436081,0.0013965809484943748,0.06351330876350403,0.036666661500930786,0.0,0.0,0.0,0.04032814875245094,0.0,0.0,0.0,0.09547846764326096,0.1054559051990509,0.010226517915725708,0.16709165275096893,0.0,0.05067645385861397,0.014762382954359055,0.0,0.19953811168670654,0.004760390613228083,0.0,0.12870196998119354,0.0064403461292386055,0.0,0.12991590797901154,0.013987711630761623,0.0045977067202329636,0.022525036707520485,0.42444169521331787,0.0445665568113327,0.04331975430250168,0.0,0.049546871334314346,0.13487829267978668,0.037826959043741226,0.08702246844768524,0.0,0.055945828557014465,0.013031184673309326,0.02728646993637085,0.06026533246040344,0.07269758731126785,0.4061099588871002,0.008170540444552898,0.40535828471183777,0.0,0.022706910967826843,0.03603218495845795,0.24652092158794403,0.08672788739204407,0.18194928765296936,0.13270726799964905,0.0,0.003922809846699238,0.016428962349891663,0.0046891807578504086,0.0,0.037862714380025864,0.02939479798078537,0.00046513081179000437,0.0,0.0025829458609223366,0.0,0.17216376960277557,0.0,0.0,0.10028624534606934,0.0242949016392231,0.3354150354862213,0.0,0.0,0.02252231165766716,0.0,0.0,0.0,0.41160354018211365,0.0,0.0,0.0,0.0,0.20050545036792755,0.0,0.0,0.0,0.06402457505464554,0.01514797005802393,0.02383170835673809,0.3450484871864319,0.3790223002433777,0.0,0.0018406820017844439,0.0,0.038639795035123825,0.0,0.0,0.0,0.0,0.07287431508302689,0.0,0.0,0.004209680482745171,0.019083524122834206,0.013059962540864944,0.11351444572210312,0.14504502713680267,0.0,0.0,0.0,0.0,0.0,0.39065471291542053,0.03995222970843315,0.29569166898727417,0.0,0.06890302151441574,0.002784909214824438,0.008364844135940075,0.0,0.03852735832333565,0.0,0.07689252495765686,0.03945810720324516,0.012354379519820213,0.01931551843881607,0.0,0.008297783322632313,0.0,0.05117552727460861,0.0,0.06546828895807266,0.03189997747540474,0.0,0.0,0.0,0.0,0.0,0.9394679069519043,0.16341650485992432,0.0,0.0,0.02717185765504837,0.0,0.0015302395913749933,0.06304727494716644,0.09613893181085587,0.0,0.0,0.5022525787353516,0.0,0.0,0.0,0.007080156821757555,0.0,0.0,0.0,0.0074997758492827415,0.0,0.0,0.0,0.5809222459793091,0.04634996876120567,0.0,0.07943420112133026,0.0,0.012488112784922123,0.0029654905665665865,0.0,0.0006867096526548266,0.0,0.0042270999401807785,0.3606127202510834,0.042798109352588654,1.2797303199768066,0.0,0.006100737024098635,0.0043215323239564896,0.0,0.0,0.02362748421728611,2.2977612018585205,0.013945350423455238,0.0,0.0,0.04178743436932564,0.010252654552459717,0.0,0.0,0.04300839453935623,0.00028138398192822933,0.0,0.47578585147857666,0.0,0.0003003060701303184,0.03224785625934601,0.0,0.0,0.0,0.07086753100156784,0.2575473189353943,0.04048529267311096,0.0,0.14700274169445038,0.0,0.0,0.0,0.0,0.0,0.10798512399196625,0.023185724392533302,0.03353292867541313,0.0,0.0,0.1775294840335846,0.022094955667853355,0.017104316502809525,0.051488474011421204,0.5296157598495483,0.0,0.030792247503995895,0.16784335672855377,0.005376538261771202,0.01096735242754221,0.0,0.0,0.0,0.04697582125663757,0.0,0.0,0.0,0.0,0.0,0.024497784674167633,0.0,0.08287772536277771,0.03576134145259857,1.031958818435669,0.0,0.03658469021320343,0.0,0.03368062898516655,0.07246412336826324,0.0,0.04368213564157486,0.0,0.0,0.4516822099685669,0.0,0.022469080984592438,0.0,0.0,0.0,0.0,0.024567773565649986,0.0015774440253153443,0.0,0.007594480644911528,0.0,0.0,0.0,0.006051256787031889,0.0023180926218628883,0.0,0.0,0.002759306924417615,0.005812249146401882,0.004276282154023647,0.23358666896820068,0.0,0.07813060283660889,0.0,0.0,0.0,0.002716752700507641,0.0,0.05491632968187332,0.0,0.005576119292527437,0.024761563166975975,0.002966918982565403,0.0,0.0,0.022928988561034203,0.004277357831597328,0.0,0.1097281277179718,0.01675005629658699,0.0,0.017563199624419212,0.0,0.018141331151127815,0.0,0.017445426434278488,0.0,0.008574213832616806,0.0,0.03804079443216324,0.0,0.0,0.0025563740637153387,0.029286760836839676,0.002971119247376919,0.0,0.26879191398620605,0.09668586403131485,0.0,0.0,0.0,0.0,0.051738716661930084,0.0,0.0117441825568676,0.10557878762483597,0.029108943417668343,0.0,0.022100860252976418,0.0,0.015140715055167675,0.0,0.0,0.0,0.019357582554221153,0.2068062424659729,0.0453927218914032,0.0,0.004182355012744665,0.2654654085636139,0.006686623208224773,0.00855235941708088,0.0,0.26893866062164307,0.0898960679769516,0.042578283697366714,0.05237114802002907,0.0,0.0,1.043200969696045,0.3706209659576416,0.09034169465303421,0.0,0.0,0.0,0.0,0.00925432052463293,0.01179664395749569,0.004671650007367134,0.6875705122947693,0.013765151612460613,0.10333451628684998,0.0,0.0,0.0,0.012036795727908611,0.05122268199920654,0.0,0.00012712001625914127,0.0706804171204567,0.1493218094110489,0.0,0.01804262585937977,0.4078069031238556,0.014288677833974361,0.43497151136398315,0.06092679128050804,0.0,0.35267940163612366,0.06480779498815536,0.06619789451360703,0.0,0.3508264422416687,0.021757034584879875,0.0,0.00033286213874816895,0.004419554956257343,0.0,0.0,0.11102451384067535,0.0,0.0,0.3348427712917328,0.013747015036642551,0.0,0.0,0.1251184344291687,0.009943378157913685,0.0,0.0,0.0,0.0,0.04988660663366318,0.06195909529924393,0.0030621886253356934,0.0,0.08485563099384308,0.006308126263320446,0.0,0.003414106322452426,0.0,0.0,0.0,0.0,0.0,0.3386964797973633,0.0,0.0,0.033259641379117966,0.0,0.1604442149400711,0.0,0.0,0.0023227178025990725,0.0,0.07662572711706161,0.0,0.0,0.0,0.0,0.0,0.0,0.0,0.0,0.0,0.0,0.0,0.0,0.016486594453454018,0.0,4.402160629979335e-05,0.0,0.07315094023942947,0.004248254466801882,0.030877400189638138,0.011770942248404026,0.05293464660644531,0.0,0.031578563153743744,0.0,0.13270577788352966,0.016955601051449776,0.032083701342344284,0.10843593627214432,0.10000123828649521,0.0,0.0,0.0,0.008560622110962868,0.0,0.27108025550842285,0.026844244450330734,0.01003451831638813,0.0,0.030988167971372604,0.035624004900455475,0.03578847646713257,0.0,0.0224493145942688,0.005612140987068415,0.0,0.07891739159822464,0.09265902638435364,0.01563113182783127,0.0038823424838483334,0.0,0.037493668496608734,0.009062564000487328,0.07900577783584595,0.032085832208395004,0.0,0.0004895174643024802,0.16215792298316956,0.09200260043144226,0.018815724179148674,0.0014607381308451295,0.0,0.004423684906214476,0.0,0.6182304620742798,0.02721359208226204,0.0400652252137661,0.0,0.1543576866388321,0.09218153357505798,0.0516371876001358,0.0026447169948369265,0.08515310287475586,0.0,0.0,0.22903133928775787,0.2743709683418274,0.004621241241693497,0.10177436470985413,0.0027361202519387007,0.7508360147476196,0.0,0.010081985034048557,0.015154805034399033,0.0010042261565104127,0.020841727033257484,0.005748264957219362,0.0,0.0,0.07038679718971252,0.0068244533613324165,0.24244190752506256,0.0,0.08396134525537491,0.0,0.0,0.022847304120659828,0.08400752395391464,0.313488245010376,0.0,0.051637087017297745,0.13604366779327393,0.0,0.03069990687072277,0.0202472023665905,0.0,0.0,0.10024946182966232,0.03894178941845894,0.005883693695068359,0.0,0.0338171049952507,0.18896177411079407,0.024934804067015648,0.0,0.004670041147619486,0.03437510132789612,0.12250155210494995,0.0,0.009938596747815609,0.0,0.022711053490638733,0.0,0.011864335276186466,0.0329727977514267,0.1168999895453453,0.010729150846600533,0.07773629575967789,0.0017829275457188487,0.08044128119945526,0.708995521068573,0.036538198590278625,0.06908728927373886,0.006019677966833115,0.053459104150533676,0.007844162173569202,0.0,0.0,0.0,0.04592617601156235,0.03825109824538231,0.03478951379656792,0.0097737405449152,0.036779142916202545,0.00458284979686141,0.4353649616241455,0.15829230844974518,0.0,0.0553668774664402,0.013155486434698105,0.20687368512153625,0.3197048306465149,0.046350039541721344,0.03350251540541649,0.608083963394165,0.020175514742732048,0.8088014125823975,0.06946148723363876,0.0023619746789336205,0.0,0.0,0.08265884220600128,0.0,0.06574040651321411,0.0,0.0,0.025088002905249596,0.0,0.026802372187376022,1.2581760883331299,0.17665667831897736,0.03037436492741108,0.0,0.07489871233701706,0.0,0.04451358690857887,0.02613743580877781,0.0003643941890913993,0.0,0.4264053404331207,0.0381290465593338,0.020173445343971252,0.0162191279232502,0.0,0.0,0.060392141342163086,0.0,0.11482153087854385,0.08438341319561005,0.0,0.21522745490074158,0.0,0.0729096531867981,0.0,0.009892420843243599,0.003326873993501067,0.0,0.6280401349067688,0.43907928466796875,0.0,0.06908624619245529,0.18803717195987701,0.03552117571234703,0.19819267094135284,0.0,0.005806074012070894,0.00445422763004899,0.00010583162656985223,0.01342744380235672,0.0,0.03764169290661812,0.0017321634804829955,0.04952557012438774,0.0,0.04095340147614479,0.07877805829048157,0.0063890074379742146,0.0,0.07121173292398453,0.03474675491452217,0.03178800642490387,0.18304307758808136,0.016264954581856728,0.006351886782795191,0.12151766568422318,0.0,0.01728479377925396,0.09914091229438782,0.0,0.05758211016654968,0.013179459609091282,0.0,0.0,0.44191238284111023,0.0,0.07687786966562271,0.012392189353704453,0.0,0.0,0.0,0.024449417367577553,0.0,0.0,0.03316470980644226,0.007230069488286972,0.03419258072972298,0.0,0.01624518632888794,0.0,0.7155057787895203,0.11518946290016174,0.012582439929246902,0.17223957180976868,0.06270794570446014,0.0,0.007808363530784845,0.0,0.03288356214761734,0.0,0.01299802865833044,0.050570763647556305,0.014588708989322186,0.006695478688925505,0.0,0.0031767797190696,0.0,0.0017716861329972744,0.0,0.10966656357049942,0.05712153762578964,0.022267227992415428,0.01733357645571232,0.1369997262954712,0.07468698173761368,0.029090838506817818,0.17123819887638092,0.043625470250844955,0.0,0.07877524942159653,0.0,0.0069637238048017025,0.0,0.01248510554432869,0.003815896576270461,0.0,0.062211763113737106,0.21481740474700928,0.0,0.0,0.0,0.04362984001636505,0.0,0.0,0.04516085609793663,0.012660560198128223,0.0022365618497133255,0.06949290633201599,0.0019021749030798674,0.004235200118273497,0.025082657113671303,0.0,0.0,0.0,0.0,0.017755931243300438,0.24313080310821533,0.02494230307638645,0.41088229417800903,0.02924973890185356,0.02192237228155136,0.27845901250839233,0.0,0.01387197244912386,0.0,0.0,0.0012824475998058915,0.001959986751899123,0.12060979008674622,0.45259228348731995,0.0010629332391545177,0.00034663439146243036,0.0004262745496816933,0.0038313521072268486,0.010868591256439686,0.0,0.003106287680566311,0.002745938254520297,0.0,0.41680908203125,0.0,0.0,0.0,0.0,0.21585319936275482,0.020426155999302864,0.0,0.0,0.0,0.20502515137195587,0.030390344560146332,0.03785630315542221,0.0008282256312668324,0.0,0.008489958010613918,0.05118582397699356,0.0003882837190758437,0.0,0.07711655646562576,0.01386440172791481,0.022032544016838074,0.020288240164518356,0.006842959672212601,0.0,0.08361716568470001,0.0,0.04257978871464729,0.0,0.0,0.020638540387153625,0.041311416774988174,0.0929630696773529,0.0,0.01934003457427025,0.10940688848495483,0.04574860632419586,0.0,0.041738275438547134,0.6040787696838379,0.007913799025118351,0.27561160922050476,0.061329860240221024,0.1948460042476654,0.02422131970524788,0.34476542472839355,0.0,0.014511452056467533,0.0,0.04457700252532959,0.013183051720261574,0.012937447987496853,0.0,0.021347055211663246,0.0,0.03745400160551071,0.009323632344603539,0.09847430884838104,0.007630265783518553,0.4539421796798706,0.016088398173451424,0.05944805219769478,0.0034725326113402843,0.014436876401305199,0.07139664143323898,0.0048489500768482685,0.035958096385002136,0.019465461373329163,0.0,0.017379427328705788,0.020644163712859154,0.0,0.01702328957617283,0.06375566869974136,0.0,0.012226443737745285,0.006252861116081476,0.04380526393651962,0.014268822968006134,0.01606217585504055,0.0,0.006496377754956484,0.0017300391336902976,0.062449607998132706,0.08752109855413437,0.841907799243927,0.0,0.0,0.0,0.0,0.0,0.051828280091285706,0.0,0.0,0.0,0.0,0.0,0.02128128707408905,0.1776246279478073,0.0,0.0005511784693226218,0.10826659202575684,0.06514515727758408,0.194692000746727,0.03986765071749687,0.07089278846979141,0.0,0.18562759459018707,0.0,0.0,0.019664302468299866,0.011596877127885818,0.009354102425277233,0.0,0.26074814796447754,0.0,0.0,0.07454714924097061,0.0,0.004396289587020874,0.0,0.0,0.0028738141991198063,0.0,0.009451360441744328,0.05813893675804138,0.02228638157248497,0.0,0.0,0.03165486454963684,0.01259527076035738,0.0,0.000273826124612242,0.13661453127861023,0.011786279268562794,0.08748617023229599,0.09676214307546616,0.0,0.03252813220024109,0.0,0.0,0.0,0.12452623248100281,0.0,0.0,0.05239946395158768,0.0,0.006277828011661768,0.0,0.0,0.038786232471466064,0.0,0.0,0.0,0.0,0.0,0.0,0.0,0.0030223834328353405,0.014857448637485504,0.530744731426239,0.0,0.008668997325003147,0.005766219925135374,0.0,0.0,0.21959707140922546,0.0,0.08413416147232056,0.39693009853363037,0.0,0.0020861411467194557,0.027732891961932182,0.0,0.0,0.0,0.0,0.3869560956954956,0.0,0.0,0.0,0.0,0.0,0.4604720175266266,0.10439532995223999,0.01174249965697527,0.0,0.005205116234719753,0.09082761406898499,0.31772834062576294,0.0,0.0,0.004348441492766142,0.0,0.0,0.0,0.0,0.0,0.0077805109322071075,0.0,0.0,0.00046812056098133326,0.0,0.2666848301887512,0.0,0.026494845747947693,0.05513590946793556,0.007617599796503782,0.0,0.3990590274333954,0.1480831652879715,0.0,0.19428493082523346,0.0048781754449009895,0.0,0.0,0.006600955035537481,0.05977466702461243,0.0,0.0,0.03308304026722908,0.0,0.029887225478887558,0.02548016980290413,0.013513206504285336,0.0,0.0,0.0004195857036393136,0.16218391060829163,0.029003137722611427,0.014058654196560383,0.0820341408252716,0.0,0.10561368614435196,0.05969560146331787,0.10090027004480362,0.03317180275917053,0.0,0.0,0.005716057028621435,0.06280656158924103,0.0008959114784374833,0.0,0.026964126154780388,0.0,0.013459663838148117,0.0,0.0,0.0,0.0,0.0021204769145697355,0.008170034736394882,0.0022733318619430065,0.0,0.0,0.1227138414978981,0.03236503526568413,0.07586556673049927,0.029998065903782845,0.0159517340362072,0.0,0.0,0.0,0.30505603551864624,0.0,0.0794973149895668,0.044599615037441254,0.00669378275051713,0.0,0.4269992709159851,0.0,0.020581603050231934,0.0
0.0,0.01755576767027378,0.37137576937675476,0.0,0.0,0.0,0.018466245383024216,0.00963036809116602,0.0,0.07517076283693314,0.0,0.05409062281250954,0.05584701523184776,0.33300864696502686,0.08663537353277206,0.17656497657299042,0.0,0.031135650351643562,0.0010807084618136287,0.2118779718875885,0.06531292200088501,0.0,0.06515613943338394,0.11556597799062729,0.051492780447006226,0.10978471487760544,0.0,0.0,0.0,0.0,0.37873101234436035,0.11613405495882034,0.0035632336512207985,0.0,0.2743690609931946,0.2033628672361374,0.01882304437458515,0.037803344428539276,0.0,0.07200061529874802,0.3041311204433441,0.0,0.008211965672671795,0.15278451144695282,0.4853968322277069,0.004228941164910793,0.035083893686532974,0.0,0.2550245523452759,0.0,0.0,0.16353100538253784,0.0023071884643286467,0.15478074550628662,0.041232336312532425,0.0,0.0,0.0,0.06277506053447723,0.0027133775874972343,0.0,0.4570857286453247,0.14165514707565308,0.0007026076200418174,0.002006012247875333,0.2751021981239319,0.08328273892402649,0.016224466264247894,0.03606864809989929,0.0,0.16227924823760986,0.0,0.003144750604405999,0.12146735936403275,0.017898302525281906,0.13008657097816467,0.3836085796356201,0.007475163787603378,0.14428822696208954,0.43186837434768677,0.0,0.08901554346084595,0.0,0.11753913015127182,0.0,0.22189861536026,0.06048133969306946,0.0,0.0,0.012761817313730717,0.020133445039391518,0.0,0.2520817518234253,0.366750031709671,0.0048926169984042645,0.2517866790294647,0.03628590703010559,0.0,0.0037097728345543146,0.0,0.014601035043597221,0.030681433156132698,0.11281520128250122,0.016474854201078415,0.09123117476701736,0.0,0.014441478066146374,0.0,0.0,0.004247813019901514,0.0716463029384613,0.014845357276499271,0.0,0.1557208001613617,0.005581619683653116,0.5042168498039246,0.0,0.09512607753276825,0.0,0.1672266125679016,0.011822686530649662,0.003914330154657364,0.2777141034603119,0.02304116077721119,0.0008166969055309892,0.005320138763636351,0.18588149547576904,0.04237578436732292,0.1685769259929657,0.0019423913909122348,0.1251627802848816,0.0,0.050798654556274414,0.017517080530524254,0.034302737563848495,0.09573540091514587,0.007912260480225086,0.0037904083728790283,0.009777064435184002,0.0,0.12076300382614136,0.03664367273449898,0.0,0.016445012763142586,0.24366554617881775,0.0,0.03881543502211571,0.29106682538986206,0.016098344698548317,0.06591594964265823,0.10968222469091415,0.0,0.07526766508817673,0.07066290080547333,0.0,0.04339076578617096,0.004507994744926691,0.046644095331430435,0.20295190811157227,0.0796261876821518,0.0024782996624708176,0.013190275058150291,0.01937159150838852,0.421993225812912,0.06139529123902321,0.0,0.2354050576686859,0.0,0.13825851678848267,0.3296888470649719,0.09983325749635696,0.03672873601317406,0.03450099378824234,0.23545020818710327,0.0541752353310585,0.036209799349308014,0.5580766201019287,0.014306077733635902,0.0,0.297727108001709,0.0,0.0,0.0414850190281868,0.010253977961838245,0.014284453354775906,0.24924536049365997,0.18187111616134644,0.061810147017240524,0.03113308735191822,0.31027278304100037,0.03822213411331177,0.044403769075870514,0.0,0.005973553750663996,0.020181696861982346,0.02829180657863617,0.019072312861680984,0.04054948315024376,0.30325427651405334,0.0033112431410700083,0.10714199393987656,0.021108774468302727,0.0,0.16554884612560272,0.0,0.01789686270058155,0.03516398370265961,0.02015184797346592,0.04355520382523537,0.09310794621706009,0.12586525082588196,0.0,0.20043104887008667,0.0061264862306416035,0.015451217070221901,0.014639872126281261,0.03231402859091759,0.027118267491459846,0.0,0.002752284985035658,0.048846665769815445,0.0210029985755682,0.20705658197402954,0.17064732313156128,0.0014707207446917892,0.1789804995059967,0.012420072220265865,0.026928724721074104,0.07752211391925812,0.14532092213630676,0.19191426038742065,0.0,0.21528160572052002,0.05525728687644005,0.12790913879871368,0.26322922110557556,0.012894992716610432,0.09928084164857864,0.039505064487457275,0.0,0.0,0.0659395232796669,0.10769262164831161,0.0,0.0499366857111454,0.03718073293566704,0.01878267712891102,0.05532612279057503,0.0,0.010243279859423637,0.016248052939772606,0.0065963841043412685,0.0,0.01935162954032421,0.014131073839962482,0.08019348233938217,0.0,0.07998184114694595,0.08322437107563019,0.508685290813446,0.0,0.014261582866311073,0.05316804721951485,0.0,0.09834682196378708,0.030929693952202797,0.08844814449548721,0.06897176057100296,0.005181923042982817,0.021577293053269386,0.07750774919986725,0.007843139581382275,0.0012194395530968904,0.12099537253379822,0.013617260381579399,0.0,0.050923608243465424,0.003079073503613472,0.13711267709732056,0.1042717918753624,0.00571439741179347,0.0,0.01194420550018549,0.13796983659267426,0.027895266190171242,0.6677824258804321,0.0,0.0,0.19382600486278534,0.0594070628285408,0.14434553682804108,0.16352935135364532,0.04917953908443451,0.0,0.04867032915353775,0.0,0.1653553992509842,0.0,0.2785416841506958,0.0,0.028280215337872505,0.0362091027200222,0.1879372000694275,0.1715424656867981,0.15949450433254242,0.005979395005851984,0.009534139186143875,0.02728165127336979,0.0,0.0,0.0036625147331506014,0.13054141402244568,0.01147959753870964,0.19082704186439514,0.03778112679719925,0.3476024568080902,0.032802142202854156,0.0,0.19640259444713593,0.01849185861647129,0.0,0.023850049823522568,0.0,0.0,0.6439808011054993,0.0,0.0,0.012999612838029861,0.0,0.0,0.0,0.046949028968811035,0.0,0.0,0.13653399050235748,0.0,0.0,0.0,0.007732987869530916,0.0753413587808609,0.11144822835922241,0.0,0.0,0.0013654273934662342,0.0,0.0,0.0,0.013315029442310333,0.0,0.0,0.13051582872867584,0.0,0.08278084546327591,0.022277450188994408,0.29914000630378723,0.0,0.0,0.0,0.01158998254686594,0.006118669640272856,0.00611567497253418,0.0,0.0,0.0,0.0,0.0126229552552104,0.08534257858991623,0.050734180957078934,0.0008411729359067976,0.0,0.4912872612476349,0.0,0.0,0.0728607103228569,0.013434477150440216,0.0,0.022682085633277893,0.0,0.007765867747366428,0.19238826632499695,0.059651508927345276,0.0,0.0,0.0,0.017579130828380585,0.0,0.0,0.07056983560323715,0.0,0.0012473794631659985,0.27208763360977173,0.0,0.0,0.0,0.0,0.0,0.16496719419956207,0.0,0.08924835175275803,0.005630203522741795,0.0,0.012436901219189167,0.0,0.008048654533922672,0.025298073887825012,0.0,0.050068389624357224,0.0,0.0,0.02658335492014885,0.0,0.0,0.0,0.0,0.0013041353086009622,0.0,0.0,0.0,0.0,0.0,0.06838729977607727,0.0,0.036284852772951126,0.0,0.013946845196187496,0.12863284349441528,0.031922779977321625,0.014383357018232346,0.011203834787011147,0.09318007528781891,0.0,0.0,0.0,0.08130427449941635,0.0,0.0,0.0,0.0067829107865691185,6.241261871764436e-05,0.0026149165350943804,0.0,0.0,0.00817650742828846,0.0,0.0,0.0,0.08852429687976837,0.0,0.00677265040576458,0.08927523344755173,0.019719714298844337,0.0,0.0,0.031227366998791695,0.0,0.00650416174903512,0.0,0.0,0.01359827071428299,0.0,0.0,0.13265842199325562,0.0,0.0,0.07136008888483047,0.2657264769077301,0.03336690366268158,0.0,0.0,0.007523280568420887,0.0,0.0,0.03301765024662018,0.0,0.015117454342544079,0.0,0.0,0.030510518699884415,0.04147902503609657,0.0,0.0,0.0,0.1425853967666626,0.0,0.04628891497850418,0.22688359022140503,0.013819372281432152,0.0,0.0,0.0,0.02893141284584999,0.0,0.0,0.0,0.0,0.0,0.0,0.02024882473051548,0.03339432552456856,0.0,0.0,0.0,0.013863150961697102,0.02524677664041519,0.035352203994989395,0.0,0.0,0.004342183470726013,0.15455591678619385,0.01811569184064865,0.03141102194786072,0.04919245094060898,0.0,0.009954724460840225,0.0,0.002953143324702978,0.1644965410232544,0.04623528942465782,0.0,0.02065346948802471,0.0,0.0,0.5172316431999207,0.0,0.0,0.0,0.0,0.0,0.0,0.0242911409586668,0.05014953762292862,0.0,0.0,0.0,0.0,0.07684406638145447,0.0,0.0,0.0,0.0319448746740818,0.009748055599629879,0.018504269421100616,0.0,0.026717975735664368,0.0,0.0,0.0,0.0,0.013480915687978268,0.0,0.0004174214554950595,0.008112145587801933,0.007434445433318615,0.1763940304517746,0.0,0.0,0.0,0.0,0.020495783537626266,0.0,0.0,0.15639668703079224,0.04032634198665619,0.0,0.1960560381412506,0.042465414851903915,0.01062282919883728,0.0,0.03405044600367546,0.2400982677936554,0.0,0.031222939491271973,0.057801809161901474,0.0,0.0,0.013636060059070587,0.0002483534917701036,0.0,0.0,0.0037866972852498293,0.08134955167770386,0.0,0.06531048566102982,0.0,0.1341700404882431,0.03997453674674034,0.10802190750837326,0.009876329451799393,0.0,0.0,0.0,0.0030851387418806553,0.008548791520297527,0.0,0.026127757504582405,0.18709279596805573,0.009611416608095169,0.05528242141008377,0.0,0.0,0.0,0.0,0.0,0.025307081639766693,0.0,0.0,0.0,0.41017377376556396,0.007553391624242067,0.019758135080337524,0.0,0.17983777821063995,0.0,0.0,0.012436844408512115,0.030762100592255592,0.0,0.08054601401090622,0.0,0.0,0.0,0.0,0.0,0.0,0.0023123889695852995,0.005274536553770304,0.0,0.01250587310642004,0.0,0.05343698337674141,0.017590874806046486,0.000865260954014957,0.0,0.0,0.0,0.0,0.0,0.0,0.0,0.0,0.0,0.0,0.10928084701299667,0.011425325646996498,0.0,0.0,0.0,0.0,0.06669656187295914,0.0,0.0,0.01157891470938921,0.0,0.0,0.005428031552582979,0.0,0.0,0.07372811436653137,0.002519838744774461,0.12287736684083939,0.02042802795767784,0.0,0.1845179945230484,0.004312934819608927,0.06884396821260452,0.001776549848727882,0.019683754071593285,0.1255284547805786,0.0,0.021594684571027756,0.07420675456523895,0.0,0.02541990764439106,0.0,0.0,0.0,0.0,0.0,0.0,0.015425946563482285,0.0,0.04369913041591644,0.0,0.0,0.0,0.07298639416694641,0.0018878317205235362,0.0,0.0,0.0,0.04020511731505394,0.07671768218278885,0.0,0.008859226480126381,0.053597524762153625,0.03216803818941116,0.0,0.0,0.004978565499186516,0.02719159424304962,0.0,0.0,0.43063971400260925,0.10950004309415817,0.01013980433344841,0.0,0.0313122496008873,0.0,0.12169923633337021,0.008478431962430477,0.0,0.0,0.0053315553814172745,0.016470659524202347,0.19305098056793213,0.12953396141529083,0.051264457404613495,0.0,0.023618247359991074,0.09456904232501984,0.0,0.0,0.002348005073145032,0.025248009711503983,0.007585011888295412,0.028232403099536896,0.0,0.09065715968608856,0.0,0.21870873868465424,0.0,0.0,0.0008340519852936268,0.2948610186576843,0.060094308108091354,0.0,0.026851026341319084,0.5794553756713867,0.0,0.034495409578084946,0.0,0.008702152408659458,0.0,0.0,0.0,0.0026364875957369804,0.25381314754486084,0.0,0.13900789618492126,0.0,0.0,0.0,0.0019037127494812012,0.0,0.010985147207975388,0.007142772898077965,0.0,0.2936580777168274,0.11714759469032288,0.0,0.0,0.002577651059255004,0.11924688518047333,0.004328802693635225,0.3549553155899048,0.0,0.0,0.008924526162445545,0.0772688090801239,0.0,0.11738350242376328,0.1288669854402542,0.09248000383377075,0.14737263321876526,0.03459089994430542,0.0,0.004161450080573559,0.02932240068912506,0.02175934799015522,0.02178790792822838,0.0,0.0,0.1405288726091385,0.022181278094649315,0.040351253002882004,0.0034991889260709286,0.008037272840738297,0.13021594285964966,0.24714495241641998,0.001153817749582231,0.06382757425308228,0.026199862360954285,0.07266051322221756,0.00017213582759723067,0.0,0.0,0.09571396559476852,0.0,0.0028694283682852983,0.13784179091453552,0.04600919783115387,0.024766387417912483,0.0,0.02305717021226883,0.0,0.0,0.02940385788679123,0.07997322827577591,0.0886637419462204,0.00030751380836591125,0.19328784942626953,0.0,0.0,0.0,0.003849431872367859,0.07869594544172287,0.23988112807273865,0.009362041018903255,0.11600576341152191,0.04082109406590462,0.0,0.002080764854326844,0.000764347321819514,0.0,0.0,0.0,0.0043050809763371944,0.002705819671973586,0.0,0.03543206676840782,0.16641998291015625,0.0,0.0,0.023654120042920113,0.0169088002294302,0.0,0.163561150431633,0.0,0.018074439838528633,0.03366685286164284,0.03131115809082985,0.0,0.025965619832277298,0.015004460699856281,0.23524756729602814,0.0,0.0,0.45646145939826965,0.0,0.01805057004094124,0.006458586547523737,0.0,0.0,0.0,0.04776351526379585,0.0020653235260397196,0.0,0.09775693714618683,0.0,0.0,0.00296168215572834,0.0,0.0017940890975296497,0.019149713218212128,0.0,0.027038225904107094,0.009935201145708561,0.006270458921790123,0.0,0.0,0.43159961700439453,0.0,0.0,0.0,0.0,0.0,0.0014656615676358342,0.6585832834243774,0.04411682114005089,0.011246426030993462,0.013152568601071835,0.05715824291110039,0.0,0.005449180491268635,0.0,0.23480159044265747,0.015471719205379486,0.05219154432415962,0.016926223412156105,0.013415541499853134,0.007844519801437855,0.012207546271383762,0.1813197284936905,0.0,0.032217126339673996,0.0,0.13957718014717102,0.05224364250898361,0.0702502429485321,0.019164182245731354,0.06884539872407913,0.06055203825235367,0.0,0.46354565024375916,0.0,0.0,0.007369790226221085,0.009226157329976559,0.10052028298377991,0.0,0.0016996872145682573,0.017554836347699165,0.0811762735247612,0.11467143148183823,0.0,0.15366707742214203,0.013259802013635635,0.08124606311321259,0.0,0.03617250546813011,0.37954235076904297,0.01822573132812977,0.18183162808418274,0.027087345719337463,0.17755071818828583,0.04606235399842262,0.025576375424861908,0.11219150573015213,0.15502199530601501,0.038006491959095,0.2436140775680542,0.0,0.0,0.34730541706085205,0.023461632430553436,0.0,0.023778505623340607,0.0,0.0,0.09787306934595108,0.007212148513644934,0.0016332316445186734,0.0,0.0,0.0,0.0,0.1817009150981903,0.08253561705350876,0.0,0.0,0.027786167338490486,0.0,0.0009571403497830033,0.08046607673168182,0.0,0.1202719435095787,0.0,0.1467645913362503,0.0,0.04820260405540466,0.0665089339017868,0.0,0.027422768995165825,0.0020070690661668777,0.05842792987823486,0.11877794563770294,0.0,0.07653257995843887,0.062254611402750015,0.12174752354621887,0.0,0.10646463185548782,0.041496239602565765,0.00671360082924366,0.0,0.21056951582431793,0.0,0.0,0.015386410057544708,0.5630205273628235,0.16776834428310394,0.0,0.02534978836774826,0.3819237947463989,0.0,0.008176830597221851,0.0,0.27776873111724854,0.0,0.05015689507126808,0.0,0.004833796061575413,0.0,0.0,0.1425163596868515,0.0,0.0,0.14630229771137238,0.03638911619782448,0.0,0.0,0.289867639541626,0.004141564480960369,0.009609502740204334,0.01116846315562725,0.034968193620443344,0.06362176686525345,0.038564909249544144,0.007694274187088013,0.023980433121323586,0.0,0.01081366278231144,0.2961682975292206,0.0,0.0,0.0,0.053187046200037,0.04267248511314392,0.0,0.11267555505037308,0.0,0.0,0.3170609474182129,0.005713161081075668,0.0,0.023654546588659286,0.0,0.0,0.016260361298918724,0.45675450563430786,0.0037406785413622856,0.0,0.18048129975795746,0.06442867964506149,0.013875351287424564,0.060194775462150574,0.003055091015994549,0.053121503442525864,0.04616469889879227,0.0,0.0,0.0,0.050746094435453415,0.0,0.0,0.0,0.08049570769071579,0.08616484701633453,0.028916340321302414,0.12904319167137146,0.0,0.039672162383794785,0.01718134619295597,0.0,0.1708514392375946,0.007873802445828915,0.0,0.1248735636472702,0.001125817303545773,0.0,0.12761791050434113,0.048616982996463776,0.004461174830794334,0.024075552821159363,0.44859564304351807,0.050057005137205124,0.05366605892777443,0.0,0.051358841359615326,0.13468745350837708,0.03596026077866554,0.06863012164831161,0.0,0.05141583830118179,0.0,0.04458867013454437,0.043439507484436035,0.07554123550653458,0.44862425327301025,0.0,0.43765363097190857,0.0,0.01024254783987999,0.029027026146650314,0.3001585006713867,0.12425849586725235,0.15219131112098694,0.13467109203338623,0.0,0.012580372393131256,0.02377062849700451,0.006458763964474201,0.0,0.03869331255555153,0.028618797659873962,0.0,0.0,0.004025998525321484,0.0,0.14041924476623535,0.0,0.0,0.09928064048290253,0.03069487400352955,0.2895641624927521,0.0,0.0,0.007917845621705055,0.0,0.0,0.0,0.5009821057319641,0.0,0.0,0.0,0.0,0.16507473587989807,0.0,0.0,0.0,0.06866192817687988,0.006632726173847914,0.018626593053340912,0.23380741477012634,0.3994959890842438,0.0,0.007040524389594793,0.0,0.0282354187220335,0.0,0.0,0.0,0.0,0.045966196805238724,0.0,0.0,0.008565411902964115,0.0047196922823786736,0.009848044253885746,0.20303510129451752,0.1872357875108719,0.0,0.0,0.0,0.002533241407945752,0.0,0.3773823082447052,0.02732851356267929,0.3050369918346405,0.0,0.061526231467723846,0.0,0.014437472447752953,0.0,0.035395652055740356,0.0,0.09143346548080444,0.0,0.01584312692284584,0.027370817959308624,0.0,0.0,0.0,0.07608164846897125,0.0,0.06065228581428528,0.02063903398811817,0.0,0.0,0.0,0.0,0.0,0.9889363050460815,0.18315403163433075,0.0,0.0,0.020588688552379608,0.0,0.0,0.06828249245882034,0.0933346152305603,0.0,0.0,0.5922711491584778,0.0,0.0,0.0,0.004296379163861275,0.0,0.0,0.0,0.0028491162229329348,0.0,0.0,0.0,0.4671516418457031,0.031243734061717987,0.0,0.061016663908958435,0.0,0.020177289843559265,0.002539217472076416,0.0,0.0,0.0,0.0065346467308700085,0.15808914601802826,0.051639657467603683,1.364957332611084,0.0,0.00297701358795166,0.006466643884778023,0.0,0.0,0.017859719693660736,2.2927756309509277,0.007893106900155544,0.0,0.0,0.030886005610227585,0.010573914274573326,0.0,0.0,0.06186584383249283,0.0,0.0,0.442874938249588,0.0,0.005052168853580952,0.020035233348608017,0.0,0.0,0.0,0.057850051671266556,0.21271704137325287,0.030959203839302063,0.0,0.15644684433937073,0.0,0.0,0.0,0.0,0.0,0.09786516427993774,0.011991736479103565,0.024335861206054688,0.0,0.0,0.1724843978881836,0.010250850580632687,0.018585875630378723,0.03450433909893036,0.5188275575637817,0.0,0.014486730098724365,0.16665112972259521,0.0,0.015259682200849056,0.0,0.0,0.0,0.07335449010133743,0.0,0.00917013268917799,0.0,0.0,0.0,0.0064260270446538925,0.0,0.10699540376663208,0.036248039454221725,0.9505937099456787,0.0,0.03265051543712616,0.0,0.01209920085966587,0.0413895845413208,0.0,0.038076311349868774,0.0,0.0,0.40784576535224915,0.0,0.022144975140690804,0.0,0.0,0.0,0.0,0.0341273732483387,0.005533640272915363,0.0,0.002630490344017744,0.0,0.0,0.0,0.0015085801715031266,0.0,0.0,0.0,0.0049818227998912334,0.0028116118628531694,0.00883430615067482,0.2298482358455658,0.0,0.09962527453899384,0.0,0.0,0.0,0.001979056280106306,0.0,0.05498932674527168,0.0,0.003956349100917578,0.02501811273396015,0.003805567044764757,0.0,0.0,0.0318429209291935,0.04114440083503723,0.0,0.07814626395702362,0.013750431127846241,0.0,0.010101277381181717,0.0,0.019640829414129257,0.0,0.015757601708173752,0.0,0.0,0.0,0.02126750536262989,0.0,0.0,0.0,0.032258737832307816,0.0,0.0,0.2641422152519226,0.08857789635658264,0.0,0.0,0.0,0.005940078292042017,0.09398593753576279,0.0,0.019044162705540657,0.09476131200790405,0.02197948470711708,0.0,0.014604482799768448,0.0,0.036413054913282394,0.0,0.0,0.00021327614376787096,0.03234665095806122,0.1972084939479828,0.028838172554969788,0.0,0.010408902540802956,0.26285243034362793,0.0015622020000591874,0.004706514999270439,0.0,0.27475056052207947,0.09979447722434998,0.03446807339787483,0.01937396265566349,0.0,0.0,0.9213294386863708,0.4940633475780487,0.09556998312473297,0.0,0.0,0.004287905525416136,0.0,0.0,0.006404506973922253,0.002083343220874667,0.5739971399307251,0.010609516873955727,0.1102350652217865,0.0,0.0,0.0,0.0066725159995257854,0.05808252841234207,0.0,0.0,0.06248548626899719,0.23991307616233826,0.0,0.018501143902540207,0.2965184450149536,0.011211421340703964,0.45846280455589294,0.058912068605422974,0.0,0.28937098383903503,0.0440179817378521,0.05014403164386749,0.0,0.3073151707649231,0.01867094822227955,0.0,0.0,0.003131470177322626,0.0,0.0,0.08904717117547989,0.0,0.0003875404654536396,0.35246917605400085,0.013573212549090385,0.0,0.0,0.0843702107667923,0.015865197405219078,0.001850583590567112,0.0,0.0,0.0,0.07880954444408417,0.00550111522898078,0.0,0.0,0.0266888327896595,0.009204444475471973,0.0,0.0020640564616769552,0.0,0.0,0.0,0.002116664545610547,0.0,0.36605942249298096,0.0,0.0,0.005089552607387304,0.0,0.13735738396644592,0.0,0.0,0.0037634146865457296,0.0,0.06533534079790115,0.0018001088174059987,0.0,0.0,0.0,0.0,0.0,0.0,0.0,0.0,0.0,0.0,0.0,0.01777464523911476,0.0,0.007374844513833523,0.0,0.056343600153923035,0.011227842420339584,0.014860873110592365,0.010070624761283398,0.06140006706118584,0.0,0.029874108731746674,0.0,0.12696169316768646,0.0018054306274279952,0.04496698081493378,0.14074930548667908,0.1077524945139885,0.0,0.0,0.0,0.0076229930855333805,0.0,0.24437358975410461,0.03517680615186691,0.02546079084277153,0.0,0.02864493802189827,0.04736127331852913,0.03417835384607315,0.0,0.044643402099609375,0.0,0.0,0.08635362982749939,0.09341039508581161,0.0,0.010857740417122841,0.0,0.02487361617386341,0.02548099495470524,0.06862440705299377,0.03025766648352146,0.0,0.0,0.1585787534713745,0.09455916285514832,0.017223283648490906,0.003170264884829521,0.0,0.011460516601800919,0.0,0.6051387786865234,0.027248308062553406,0.02696029469370842,0.0,0.14175893366336823,0.1045123040676117,0.10372056812047958,0.0036252217832952738,0.07361134141683578,0.0,0.0,0.24934440851211548,0.24827808141708374,0.005120370537042618,0.08824951946735382,0.01912960782647133,0.7475138306617737,0.0,0.00046980023034848273,0.003346536075696349,0.007189617026597261,0.011307964101433754,0.004663517698645592,0.0,0.0,0.02425110898911953,0.002138773212209344,0.27623051404953003,0.0,0.1047205999493599,0.0,0.005067033693194389,0.012790861539542675,0.14710722863674164,0.36409488320350647,0.0,0.032811541110277176,0.1554781198501587,0.002664186293259263,0.02453777566552162,0.011312365531921387,0.0,0.0,0.10420873761177063,0.03496306389570236,0.0015315174823626876,0.0,0.02294948138296604,0.18887002766132355,0.006038862280547619,0.0,0.006923328619450331,0.04735284671187401,0.09923341125249863,0.008571979589760303,0.0006719428347423673,0.0,0.018712472170591354,0.0,0.007923586294054985,0.01646086759865284,0.13254830241203308,0.007773795165121555,0.06969703733921051,0.007685725577175617,0.06777656823396683,0.6545587778091431,0.03053906001150608,0.08006880432367325,0.0025660537648946047,0.06796291470527649,0.006409206427633762,0.0,0.0,0.0,0.0320441834628582,0.01985636167228222,0.03407563269138336,0.0,0.03023219108581543,0.0018019020790234208,0.4372667670249939,0.1185266375541687,0.0,0.05661403760313988,0.01346110925078392,0.18091179430484772,0.30375897884368896,0.04418302699923515,0.034692589193582535,0.5281751155853271,0.023455023765563965,0.8764950037002563,0.058936815708875656,0.0,0.0,0.0,0.09206061065196991,0.0,0.06977175921201706,0.0,0.0,0.02628510631620884,0.0,0.026125025004148483,1.2861204147338867,0.14639419317245483,0.031240053474903107,0.0,0.0785982683300972,0.0,0.050297413021326065,0.04014499485492706,0.0032605265732854605,0.0,0.38859057426452637,0.042979005724191666,0.043408263474702835,0.01849033311009407,0.0,0.0,0.03971448913216591,0.0,0.08229313790798187,0.06871344894170761,0.0,0.22474685311317444,0.0,0.05216154083609581,0.0,0.0,0.0,0.0,0.7053034901618958,0.4602612257003784,0.0,0.06269287317991257,0.20202518999576569,0.019821058958768845,0.19416020810604095,0.006807413883507252,0.027191070839762688,0.01973707228899002,0.014442835934460163,0.0059289694763720036,0.0,0.04076533392071724,0.0,0.06446518003940582,0.0,0.07841290533542633,0.04843207448720932,0.010057768784463406,0.0,0.05285724624991417,0.027628565207123756,0.026239896193146706,0.18428784608840942,0.011561639606952667,0.0,0.13754935562610626,0.0,0.02051958069205284,0.09502553939819336,0.0,0.046744152903556824,0.007403352297842503,0.0,0.0,0.43102169036865234,0.0,0.06733731925487518,0.015567081049084663,0.0,0.0,0.0,0.010487159714102745,0.0,0.0,0.007930295541882515,0.020544014871120453,0.036070507019758224,0.0031188703142106533,0.017551057040691376,0.0,0.6748096346855164,0.08903013169765472,0.011928961612284184,0.2530323266983032,0.05995704233646393,0.0,0.009832238778471947,0.0,0.027082709595561028,0.0,0.007814032025635242,0.03383532911539078,0.00604488980025053,0.007445742376148701,0.0,0.0,0.0,0.00039555548573844135,0.0,0.11550359427928925,0.048615239560604095,0.0293247289955616,0.015414402820169926,0.15377692878246307,0.08466015011072159,0.010037673637270927,0.13638651371002197,0.046498462557792664,0.0,0.07940763980150223,0.003774651326239109,0.0009894168470054865,0.0060756029561161995,0.01490945927798748,0.007210488431155682,0.0,0.06553368270397186,0.1974702626466751,0.0,0.0,0.0,0.04601940140128136,0.0,0.0,0.022699983790516853,0.008894720114767551,0.0,0.055209361016750336,0.003937127534300089,0.006010605022311211,0.013863219879567623,0.0,0.0,0.0,0.0048443530686199665,0.019393475726246834,0.22838431596755981,0.0104674668982625,0.42673438787460327,0.024546684697270393,0.023286476731300354,0.2204599529504776,0.0,0.0022069739643484354,0.0,0.0,0.001981831854209304,0.005920387338846922,0.12365827709436417,0.40375909209251404,0.0,0.002147376537322998,0.00041543482802808285,0.0,0.0050316681154072285,0.0,0.0037201929371804,0.0,0.0,0.3804576098918915,0.0,0.006775423418730497,0.0,0.0,0.19598938524723053,0.02114984206855297,0.0,0.0,0.0,0.2239728718996048,0.027717966586351395,0.04385782405734062,0.0030223203357309103,0.0,0.006825676187872887,0.039400726556777954,0.0,0.0,0.07724068313837051,0.02571677602827549,0.02541775070130825,0.007363182492554188,0.0,0.0,0.036466848105192184,0.0,0.039292965084314346,0.000911335926502943,0.0,0.014331295154988766,0.03504456579685211,0.08402641117572784,0.00029043437098152936,0.02899763733148575,0.09120017290115356,0.06483017653226852,0.0,0.037533313035964966,0.5843210220336914,0.011201167479157448,0.2752401828765869,0.03762277588248253,0.1679280698299408,0.012411333620548248,0.3268437087535858,0.0,0.0006455039838328958,0.0,0.03857020288705826,0.03125854954123497,0.010634933598339558,0.0,0.018130328506231308,0.0,0.0429643914103508,0.006952502764761448,0.048564836382865906,0.0,0.36413994431495667,0.02249581180512905,0.03801560774445534,0.0,0.0,0.024328365921974182,0.0032838606275618076,0.026811661198735237,0.01953972317278385,0.0,0.007416142150759697,0.007862374186515808,0.0,0.0,0.0694437026977539,0.004835753235965967,0.0043938420712947845,0.0018246412510052323,0.02436850033700466,0.015014943666756153,0.03908362612128258,0.0,0.00466633727774024,0.0,0.08727850764989853,0.07874924689531326,0.7367191910743713,0.0,0.0,0.0,0.0,0.0,0.06607957184314728,0.0,0.0,0.0,0.0,0.0,0.010015768930315971,0.15762385725975037,0.0,0.0,0.13525956869125366,0.07312348484992981,0.06992170959711075,0.03814664110541344,0.0695347785949707,0.0,0.21247030794620514,0.0,0.0,0.021867480129003525,0.0023774278815835714,0.016492659226059914,0.0,0.34191572666168213,0.0,0.0,0.061154261231422424,0.0,0.0021630628034472466,0.0,0.0,0.0,0.0,0.02063366398215294,0.05754347890615463,0.021943774074316025,0.0,0.0,0.020342232659459114,0.0003919017326552421,0.0,0.0029217195697128773,0.12686851620674133,0.012662091292440891,0.07711102068424225,0.11198360472917557,0.0,0.03701130300760269,0.0,0.0,0.0,0.12330596894025803,0.0,0.0,0.10199396312236786,0.0015087604988366365,0.013275244273245335,0.0,0.0,0.05758141353726387,0.0,0.0,0.0,0.0,0.0,0.0,0.006510391365736723,0.010155265219509602,0.0014371461002156138,0.6140782833099365,0.0,0.007439713459461927,0.0,0.0030474697705358267,0.0,0.17947253584861755,0.0,0.09050790965557098,0.32860249280929565,0.0,0.0,0.03570657595992088,0.0,0.0,0.0,0.0,0.3861036002635956,0.0,0.0,0.0,0.0,0.0,0.4404134750366211,0.11819110065698624,0.007461225613951683,0.0,0.0035760211758315563,0.13546104729175568,0.3048379123210907,0.0025431227404624224,0.0,0.009307540953159332,0.0,0.0,0.0,0.0,0.0,0.008058455772697926,0.0,0.0,0.0,0.0,0.24971947073936462,0.0,0.027971873059868813,0.030316989868879318,0.013209148310124874,0.0,0.4023294448852539,0.19247178733348846,0.0,0.14984312653541565,0.0018527054926380515,0.0,0.0,0.007883703336119652,0.04320705309510231,0.0,0.0,0.03241252899169922,0.0,0.016326455399394035,0.031483281403779984,0.022745126858353615,0.0,0.01589733362197876,0.0,0.09149806201457977,0.020408296957612038,0.007466929964721203,0.1101761981844902,0.0,0.13863204419612885,0.039291348308324814,0.08139440417289734,0.032296668738126755,0.0,0.0,0.008907914161682129,0.05708528682589531,0.0,0.0,0.036678019911050797,0.0,0.01355853769928217,0.0,0.0,0.0,0.0,0.005072193220257759,0.0008732437854632735,0.0028441506437957287,0.0,0.0,0.1070273295044899,0.034399665892124176,0.06984112411737442,0.008880747482180595,0.010489716194570065,0.005449139047414064,0.0,0.0,0.24972109496593475,0.0,0.08117178082466125,0.06799689680337906,0.007312282454222441,0.0,0.4770358204841614,0.0,0.04264448210597038,0.0
0.0,0.01172986626625061,0.29835283756256104,0.006034616380929947,0.0,0.0,0.02923882193863392,0.011126694269478321,0.004231167025864124,0.07771814614534378,0.0,0.0885806679725647,0.021783266216516495,0.2579147517681122,0.10532703250646591,0.15211357176303864,0.0059613133780658245,0.03493122011423111,0.0,0.29981938004493713,0.022483330219984055,0.0,0.03935343399643898,0.13511934876441956,0.07183995097875595,0.13920840620994568,0.0,0.0,0.0,0.004838069900870323,0.46638429164886475,0.11168047040700912,0.0030549680814146996,0.004273377824574709,0.2804173231124878,0.20515871047973633,0.02063683792948723,0.03465139865875244,0.0,0.08704189211130142,0.39350077509880066,0.0,0.0064963605254888535,0.11893556267023087,0.47314926981925964,0.009683854877948761,0.04082319140434265,0.0,0.18910987675189972,0.0,0.0,0.1988162249326706,0.004836771637201309,0.13785669207572937,0.018618479371070862,0.0,0.0,0.0,0.10016179829835892,0.005740451626479626,0.0014556264504790306,0.4599356949329376,0.08325155079364777,0.0,0.007614616304636002,0.3917025029659271,0.08506511896848679,0.0173374991863966,0.0506446547806263,0.0,0.17006511986255646,0.03975740447640419,0.006030521355569363,0.10760552436113358,0.0008198547293432057,0.1312352418899536,0.3627128303050995,0.004861797206103802,0.17945358157157898,0.398233026266098,0.0,0.0975923240184784,0.0,0.0885659009218216,0.0023535944055765867,0.29088109731674194,0.035808004438877106,0.0,0.0,0.03507276996970177,0.01572512462735176,0.007357044145464897,0.2154422402381897,0.49094489216804504,0.009110625833272934,0.23046419024467468,0.023387914523482323,0.005042724777013063,0.0,0.0,0.0250802394002676,0.03832816332578659,0.14966170489788055,0.012422694824635983,0.04898306727409363,0.002025618450716138,0.019357338547706604,0.0,0.0,0.00016810417582746595,0.01575600914657116,0.02570261061191559,0.0,0.14967498183250427,0.005242411978542805,0.42193835973739624,0.0,0.09369493275880814,0.003770339535549283,0.15287816524505615,0.022866077721118927,0.0023815154563635588,0.31091639399528503,0.040210410952568054,0.001199818798340857,0.008326822891831398,0.19418546557426453,0.01845792680978775,0.1408149003982544,0.008377938531339169,0.11801031231880188,0.0002682542835827917,0.038455113768577576,0.0,0.05126627907156944,0.09124940633773804,0.0028561712242662907,0.0,0.002970570232719183,0.0,0.1083257868885994,0.03406435623764992,0.0,0.014684932306408882,0.23462140560150146,0.0,0.02561497874557972,0.28048810362815857,0.03316783532500267,0.049952469766139984,0.027577197179198265,0.0,0.060651663690805435,0.07472458481788635,0.0,0.027412381023168564,0.014522080309689045,0.016315551474690437,0.15193790197372437,0.0908571183681488,0.0077901273034513,0.02204466424882412,0.03651930391788483,0.45668795704841614,0.08099161088466644,0.0,0.21826191246509552,0.0,0.0967227965593338,0.403167724609375,0.15060484409332275,0.055865369737148285,0.09452909231185913,0.2421102374792099,0.04590373486280441,0.05201015993952751,0.5202116966247559,0.00999460555613041,0.0,0.2980922758579254,0.0,0.0,0.033209361135959625,0.036686625331640244,0.020645253360271454,0.2910770773887634,0.17725726962089539,0.06024283543229103,0.05080172419548035,0.2663114070892334,0.01678166165947914,0.07232421636581421,0.0,0.008756637573242188,0.014723856002092361,0.015421321615576744,0.022832298651337624,0.03555411472916603,0.26476186513900757,0.0,0.14322343468666077,0.025209451094269753,0.0,0.14584974944591522,0.0,0.03558395802974701,0.05499695613980293,0.0034094704315066338,0.06915532052516937,0.12966987490653992,0.15020956099033356,0.0,0.2280929535627365,0.0,0.0007025146624073386,0.03849172964692116,0.07212217152118683,0.03863176703453064,0.0,0.011500420980155468,0.07552603632211685,0.0032699776347726583,0.23358502984046936,0.18887116014957428,0.0,0.17249174416065216,0.0042580366134643555,0.015723014250397682,0.09765185415744781,0.1472107321023941,0.14915837347507477,0.0,0.19513343274593353,0.06081688776612282,0.15448564291000366,0.30449217557907104,0.014427261427044868,0.10363320261240005,0.059208717197179794,0.0024663866497576237,0.0,0.08908721059560776,0.09553924202919006,0.0,0.07142271101474762,0.0433177575469017,0.0061418102122843266,0.0839461013674736,0.0023377537727355957,0.015810463577508926,0.016723208129405975,0.008828681893646717,0.0048879291862249374,0.005787408445030451,0.004889898467808962,0.06585142761468887,0.0,0.064898781478405,0.0481506884098053,0.42161092162132263,0.0,0.030439965426921844,0.023882882669568062,0.0,0.1521691381931305,0.01762157864868641,0.11165823042392731,0.08681998401880264,0.013290963135659695,0.024272337555885315,0.10287216305732727,0.014638524502515793,0.0063074445351958275,0.128298819065094,0.07268049567937851,0.0,0.02782631106674671,0.021015165373682976,0.09536731988191605,0.14809145033359528,0.0,0.0,0.01778377778828144,0.14396363496780396,0.018625309690833092,0.6696502566337585,0.0,0.0002933549985755235,0.1908387392759323,0.08208730816841125,0.19669294357299805,0.162225604057312,0.06043357774615288,0.0,0.0534798763692379,0.01293576043099165,0.1537589430809021,0.0,0.28665849566459656,0.0,0.01951483078300953,0.03336712718009949,0.19161729514598846,0.1306360363960266,0.1244022399187088,0.0055731819011271,0.03151145204901695,0.024682268500328064,0.0,0.0,0.0,0.1298949122428894,0.02784588746726513,0.16762535274028778,0.052019983530044556,0.3508248031139374,0.03057735413312912,0.008758265525102615,0.1805826723575592,0.02670885995030403,0.0,0.04694170132279396,0.0,0.0,0.7713029384613037,0.0,0.0,0.041035257279872894,0.0,0.0,0.0,0.04454823583364487,0.0,0.0,0.07358089834451675,0.0,0.0,0.0,0.0055818501859903336,0.08997505903244019,0.08110063523054123,0.007416583131998777,0.0,0.0,0.0,0.0,0.0,0.0,0.0,0.0,0.1610299050807953,0.0,0.11073792725801468,0.031183550134301186,0.2830723226070404,0.0,0.0,0.0,0.09440923482179642,0.011503699235618114,0.006235506385564804,0.0,0.0,0.0,0.0,0.0031002878677099943,0.0818023756146431,0.01848977617919445,0.0,0.0,0.5506477952003479,0.0,0.0,0.05032069608569145,0.010829390026628971,0.0,0.0,0.000878086662851274,0.004653206095099449,0.23183384537696838,0.04856506362557411,0.0,0.0,0.0,0.015062806196510792,0.0,0.0,0.06937014311552048,0.0,0.0,0.30533096194267273,0.0,0.0,0.0,0.0,0.0,0.09567829221487045,0.0,0.09630905836820602,0.03623771667480469,0.002763180760666728,0.02866099588572979,0.0,0.010718028992414474,0.010711493901908398,0.0,0.050634898245334625,0.0,0.0,0.05439620837569237,0.0,0.0,0.0,0.0,0.024561941623687744,0.0,0.0,0.0,0.0,0.0,0.022289840504527092,0.0,0.07584606111049652,0.0,0.019800176844000816,0.1424649953842163,0.022508950904011726,0.02055945433676243,0.009105666540563107,0.1417546272277832,0.0,0.006963853724300861,0.0,0.09183767437934875,0.0,0.0,0.0,0.0025250648614019156,0.0,0.0,0.0,0.0,0.005768146365880966,0.011619794182479382,0.0,0.0,0.1213567703962326,0.0,0.03521176427602768,0.017552996054291725,0.009274397045373917,0.0,0.0,0.04954101890325546,0.0,0.0,0.0,0.0,0.026103148236870766,0.004773081745952368,0.00100363465026021,0.23753111064434052,0.0,0.0,0.06598054617643356,0.23019728064537048,0.0642026737332344,0.0,0.0,0.009999760426580906,0.0,0.0,0.020164115354418755,0.0,0.014625616371631622,0.0,0.0,0.034821949899196625,0.056348901242017746,0.0,0.0,0.0,0.1728188395500183,0.006411020644009113,0.057060547173023224,0.27274999022483826,0.030293963849544525,0.0,0.0,0.0,0.01664550229907036,0.0,0.0,0.0,0.0,0.0,0.0,0.016235150396823883,0.028565559536218643,0.0,0.0,0.0,0.016671771183609962,0.02836981974542141,0.012701939791440964,0.0,0.0,0.011734614148736,0.17925624549388885,0.014905321411788464,0.045025769621133804,0.0,0.0,0.0,0.0,0.0,0.13101229071617126,0.05533936619758606,0.0,0.003285965882241726,0.0002116858959197998,0.0006037965649738908,0.461296945810318,0.0,0.003194308839738369,0.0,0.0,0.0,0.0,0.030054382979869843,0.015276291407644749,0.0,0.002092332812026143,0.0,0.0,0.11245459318161011,0.0,0.0,0.0,0.012684759683907032,0.0077154748141765594,0.02879619598388672,0.0,0.062181659042835236,0.0,0.0,0.0227467343211174,0.0,0.0003571188426576555,0.0,1.0410547474748455e-05,0.06520532816648483,0.008521229960024357,0.23308755457401276,0.011120395734906197,0.021288111805915833,0.0,0.0,0.04416634514927864,0.0,0.008450387977063656,0.11552351713180542,0.0355055145919323,0.0,0.2599349915981293,0.04006959870457649,0.007736756931990385,0.0,0.07583193480968475,0.2783374488353729,0.0,0.02554214932024479,0.06297183036804199,0.0,0.008749173022806644,0.014964849688112736,0.0,0.0,0.0,0.0011037588119506836,0.07579006999731064,0.0,0.0777084082365036,0.0,0.12430944293737411,0.04097846895456314,0.07347511500120163,0.043154239654541016,0.0,0.0,0.0,0.0,0.008902502246201038,0.0,0.006797443609684706,0.18610845506191254,0.00799241941422224,0.03441125899553299,0.0,0.0,0.0,0.0,0.0,0.006459677126258612,0.0,0.0,0.0,0.4688624441623688,0.005256134085357189,0.012353336438536644,0.0,0.1680266559123993,0.0,0.0,0.009561900049448013,0.003558777505531907,0.008196394890546799,0.06682836264371872,0.0,0.0,0.0,0.0,0.0,0.0,0.02129627764225006,0.006224246229976416,0.0,0.0,0.0,0.066057950258255,0.02671339362859726,0.010607532225549221,0.0,0.0,0.0,0.0,0.0,0.0,0.0,0.0,0.0,0.0,0.1328309178352356,0.012033235281705856,0.0,0.0,0.0,0.0,0.022011613473296165,0.0,0.0,0.007828001864254475,0.0,0.0,0.019392864778637886,0.0,0.0,0.09310922771692276,0.010236144065856934,0.11435160785913467,0.014881346374750137,0.0,0.2517922520637512,0.0,0.08588869869709015,0.013015227392315865,0.0,0.11107181757688522,0.0,0.019136741757392883,0.07506686449050903,0.0,0.0343383327126503,0.0023796071764081717,0.0,0.0,0.0,0.0,0.0,0.053550127893686295,0.0,0.07050394266843796,0.0,0.0,0.0,0.1456398069858551,0.003674500621855259,0.0,0.0,0.0,0.028294896706938744,0.12662234902381897,0.005086658056825399,0.02730056270956993,0.07110133022069931,0.049346331506967545,0.0,0.0,0.010003565810620785,0.06419534981250763,0.0007898026960901916,0.0,0.41816115379333496,0.056182071566581726,0.03413727879524231,0.0,0.014331732876598835,0.0,0.14105170965194702,0.009216027334332466,0.0,0.00496353255584836,0.00035249709617346525,0.00893978588283062,0.16638031601905823,0.14296682178974152,0.022747807204723358,0.0,0.011122114956378937,0.0924602523446083,0.0,0.0,0.0,0.061118267476558685,0.0,0.007014911156147718,0.0,0.06094277277588844,0.0,0.2296794354915619,0.0,0.0,0.0,0.25360676646232605,0.04644104093313217,0.0,0.027025392279028893,0.5982338786125183,0.0,0.02352355793118477,0.0,0.014174149371683598,0.0,0.0,0.0,0.008928332477807999,0.29308176040649414,0.0,0.15037797391414642,0.0016048174584284425,0.0,0.008758297190070152,0.005379047244787216,0.0,0.007081630174070597,0.00732459407299757,0.0,0.23230694234371185,0.09268267452716827,0.0,0.0,0.0018492579692974687,0.06949905306100845,0.009294412098824978,0.4406534433364868,0.0,0.0,0.0,0.0645022839307785,0.0021902425214648247,0.11125434935092926,0.10680082440376282,0.07237590849399567,0.16031715273857117,0.011762754991650581,0.0,0.012128539383411407,0.024419035762548447,0.026820626109838486,0.02774491161108017,0.0,0.0,0.1947961449623108,0.005337804555892944,0.03322143480181694,0.0,0.013980505056679249,0.06138826534152031,0.24878568947315216,0.0,0.04540647566318512,0.025055088102817535,0.04271857813000679,0.0,0.0,0.0,0.06121785193681717,0.0,0.009289851412177086,0.13447190821170807,0.044326458126306534,0.026334084570407867,0.0,0.030751915648579597,0.0,0.0,0.03721153363585472,0.07988262176513672,0.06681659072637558,0.0,0.14596134424209595,0.0,0.009038523770868778,0.0,0.008871457539498806,0.08781704306602478,0.23890186846256256,0.03841116279363632,0.10489322990179062,0.05530918017029762,0.0,0.0,0.0,0.0,0.0,0.0,0.008870499208569527,0.0,0.0,0.04443008080124855,0.18506942689418793,0.0,0.0,0.04360075294971466,0.0063870311714708805,0.0,0.20607022941112518,0.0,0.0,0.058150582015514374,0.04436358064413071,0.0,0.024900345131754875,0.0,0.28136536478996277,0.0,0.0,0.5503924489021301,0.0,0.028197934851050377,0.0034046631772071123,0.0,0.0,0.0,0.050139620900154114,0.013402452692389488,0.0,0.1305210441350937,0.0,0.0,0.00011728048411896452,0.0,0.018760543316602707,0.010089120827615261,0.0,0.008911393582820892,0.00020106315787415951,0.005166845396161079,0.0,0.0,0.4042869210243225,0.0,0.0,0.0,0.0,0.0,0.0,0.707246720790863,0.06396814435720444,0.0173519104719162,0.0176494512706995,0.08376564830541611,0.0,0.009273027069866657,0.0,0.22499090433120728,0.00908802729099989,0.08247729390859604,0.01083329226821661,0.021639900282025337,0.0021957193966954947,0.016046052798628807,0.17319074273109436,0.0,0.005096956621855497,0.0,0.12770962715148926,0.03464823216199875,0.09506691247224808,0.012126065790653229,0.06754852086305618,0.029384227469563484,0.0,0.46966856718063354,0.0,0.0,0.04982000216841698,0.019867723807692528,0.06910772621631622,0.0,0.004037613049149513,0.004353010561317205,0.07587820291519165,0.14027006924152374,0.0,0.13952933251857758,0.027345404028892517,0.07188095897436142,0.0,0.014057793654501438,0.3680482506752014,0.0,0.14831465482711792,0.10164754837751389,0.1767353117465973,0.05924678221344948,0.026395104825496674,0.12835204601287842,0.11660876870155334,0.027012953534722328,0.21824081242084503,0.0,0.0,0.45079153776168823,0.0019405150087550282,0.0,0.025960387662053108,0.0,0.0,0.07059388607740402,0.0036360016092658043,0.003765085944905877,0.0,0.0,0.0021425215527415276,0.0,0.23583698272705078,0.07046036422252655,0.0,0.002389957895502448,0.01038792822510004,0.0,0.0028714060317724943,0.0881161019206047,0.0007668972248211503,0.12190021574497223,0.0,0.1495448499917984,0.0,0.009296477772295475,0.048769593238830566,0.0,0.029924795031547546,0.0,0.03540491685271263,0.16846507787704468,0.0,0.10946471989154816,0.017386242747306824,0.13241994380950928,0.0,0.0798317939043045,0.05113409459590912,0.012279965914785862,0.0,0.23830023407936096,0.0,0.0,0.0,0.4970915913581848,0.1811518520116806,0.002653085393831134,0.030207522213459015,0.3325236439704895,0.0,0.005979586858302355,0.0,0.223027765750885,0.0,0.03993481770157814,0.0,0.0,0.0,0.008634425699710846,0.11657997965812683,0.0,0.0,0.16321700811386108,0.03480435907840729,0.0,0.0,0.2623848021030426,0.0,0.005792886484414339,0.021386004984378815,0.02356988936662674,0.050207652151584625,0.02231997810304165,0.009269551374018192,0.0988280177116394,0.002842527814209461,0.005655922926962376,0.29283589124679565,0.0,0.0,0.0,0.08584416657686234,0.08532987534999847,0.0,0.06522556394338608,0.0,0.0,0.34654250741004944,0.005868555512279272,0.0,0.04237988591194153,0.0,0.0,0.04357729107141495,0.4210212826728821,0.0,0.0,0.28299233317375183,0.06528971344232559,0.012546684592962265,0.06600723415613174,0.0,0.07597269862890244,0.03558947518467903,0.0,0.0,0.0,0.05591868236660957,0.0007589471060782671,0.0,0.010152998380362988,0.07587871700525284,0.08436755836009979,0.01503666676580906,0.18364471197128296,0.0,0.01441853865981102,0.019472172483801842,0.0,0.20140349864959717,0.002224874449893832,0.009887389838695526,0.1312372088432312,0.007643861696124077,0.0,0.10365024209022522,0.023898476734757423,0.003993677906692028,0.016280625015497208,0.39950084686279297,0.08119300752878189,0.05497795715928078,0.0,0.04976636543869972,0.16831424832344055,0.020732559263706207,0.06343536078929901,0.0,0.03887132927775383,0.02865530550479889,0.03504275158047676,0.022754091769456863,0.06580837070941925,0.3725104033946991,0.0,0.4556898772716522,0.0,0.006596241146326065,0.023362617939710617,0.2350648045539856,0.11297198385000229,0.16890281438827515,0.17080974578857422,0.0,0.01050391886383295,0.007515027653425932,0.014400716871023178,0.0,0.025283440947532654,0.02018907479941845,0.0,0.0,0.002358212834224105,0.0,0.1346653699874878,0.0,0.0,0.09766487777233124,0.03436460718512535,0.25843989849090576,0.0,0.0,0.0,0.0,0.0,0.0,0.4457959234714508,0.0,0.0,0.0,0.0,0.15885287523269653,0.0,0.0,0.0,0.0600912943482399,0.0050923991948366165,0.02093566209077835,0.2761779725551605,0.33412718772888184,0.0,0.008457664400339127,0.0016336255939677358,0.04088184982538223,0.0,0.0,0.0,0.0,0.05454894155263901,0.004141106735914946,0.0,0.0,0.006492071319371462,0.006262215320020914,0.11019586771726608,0.19798967242240906,0.0,0.008651495911180973,0.0,0.01275048777461052,0.0,0.34796342253685,0.024393415078520775,0.29858872294425964,0.0,0.055605992674827576,0.008814383298158646,0.0,0.0,0.04829318821430206,0.0,0.028591563925147057,0.00454062782227993,0.016471892595291138,0.022406604140996933,0.0,0.025434471666812897,0.0,0.0781915932893753,0.0,0.04148236662149429,0.030059434473514557,0.0,0.0,0.0017870122101157904,0.0,0.0,0.9329256415367126,0.21101762354373932,0.0,0.0,0.022826315835118294,0.0,0.00697490805760026,0.020373277366161346,0.07952390611171722,0.0,0.0,0.5588147044181824,0.0,0.0,0.0,0.007141338661313057,0.0,0.0,0.0,0.0,0.0,0.0,0.0,0.5226547122001648,0.022215936332941055,0.0,0.05174047127366066,0.0,0.018339242786169052,0.0011353585869073868,0.0,0.0,0.0,0.0070181251503527164,0.33033233880996704,0.013065979816019535,1.2144958972930908,0.0,0.005517898593097925,0.005431784316897392,0.0,0.0,0.019501542672514915,2.3038947582244873,0.017845535650849342,0.0,0.0,0.035157572478055954,0.00015997648006305099,0.0,0.0,0.027305645868182182,0.00768987787887454,0.0,0.4905036687850952,0.0,0.01425823662430048,0.027555542066693306,0.0,0.0,0.0,0.06386752426624298,0.20710991322994232,0.04879423975944519,0.0,0.14350146055221558,0.0,0.0,0.0,0.0,0.0,0.07614762336015701,0.0030524134635925293,0.022937964648008347,0.0,0.0,0.18208451569080353,0.02332308329641819,0.013053761795163155,0.03389555588364601,0.5350740551948547,0.0,0.012321357615292072,0.17443157732486725,0.0,0.01699063926935196,0.0,0.0028825222980231047,0.0,0.058922890573740005,0.0,0.0,0.0,0.0,0.0,0.011955793015658855,0.0,0.11079511791467667,0.028051717206835747,1.0648080110549927,0.0,0.03924372419714928,0.00012126088404329494,0.008820713497698307,0.05401502549648285,0.0,0.05320503190159798,0.0,0.0,0.5532219409942627,0.0,0.03218803182244301,0.0,0.0,0.0,0.0,0.025079036131501198,0.0,0.0,0.0,0.0,0.0,0.0,0.0,0.0,0.0,0.0,0.0,0.0,0.006898834835737944,0.2269899994134903,0.0,0.08734969794750214,0.0,0.0,0.0,0.0,0.0,0.05212172120809555,0.0,0.002813122235238552,0.04175977781414986,0.010517030954360962,0.003763931803405285,0.0,0.034796785563230515,0.0793532207608223,0.0,0.0751161053776741,0.015090388245880604,0.0,0.03122141771018505,0.0,0.015392184257507324,0.0,0.018563468009233475,0.0,0.0,0.0,0.03374992683529854,0.0,0.0,0.0,0.039929259568452835,0.0,0.002443986013531685,0.3091886639595032,0.09680148959159851,0.0,1.8775463104248047e-05,0.0,0.0026359634939581156,0.047894950956106186,0.0,0.004523439332842827,0.11933013796806335,0.0202413871884346,0.0,0.016775043681263924,0.0,0.03532617539167404,0.0,0.0,0.0,0.03799319639801979,0.21843890845775604,0.02782813459634781,0.0,0.011922418139874935,0.2615971863269806,0.013644985854625702,0.00031879424932412803,0.0,0.27619263529777527,0.08497221022844315,0.06625602394342422,0.02674483135342598,0.0,0.0,1.1539814472198486,0.378946989774704,0.10555315762758255,0.0,0.0,0.0,0.0,0.0,0.02286684513092041,0.01228297594934702,0.5807691216468811,0.00768850464373827,0.13277976214885712,0.0,0.0,0.0,0.013664042577147484,0.04644080251455307,0.0,0.0,0.07849559187889099,0.13193972408771515,0.0,0.021771056577563286,0.3634631037712097,0.013063865713775158,0.5255856513977051,0.05534787103533745,0.007366811856627464,0.32312047481536865,0.07034895569086075,0.04713073745369911,0.0,0.3489028811454773,0.019648972898721695,0.0,0.0,0.0,0.0,0.0,0.11688986420631409,0.0006274247425608337,0.004067542031407356,0.3168649971485138,0.024716496467590332,0.0,0.0,0.12883764505386353,0.014109973795711994,0.0,0.0,0.006568601354956627,0.001779352780431509,0.09177453070878983,0.01096485834568739,0.0,0.0,0.052471838891506195,0.0027458881959319115,0.0,0.0031975412275642157,0.0,0.0,0.0,0.0,0.004446938168257475,0.25258976221084595,0.006247746758162975,0.0,0.016467854380607605,0.0,0.16011624038219452,0.0,0.0,0.00014837503840681165,0.0,0.05088414251804352,0.032393116503953934,0.0,0.0,0.0,0.0006055253907106817,0.0,0.0,0.0,0.0,0.0,0.0,0.0,0.015231418423354626,0.0,0.006137690506875515,0.0,0.06134534999728203,0.005566995125263929,0.0211536455899477,0.004394159186631441,0.048976484686136246,0.0,0.02907349169254303,0.0,0.09813441336154938,0.00226063490845263,0.03049807995557785,0.081072136759758,0.10725811868906021,0.0,0.0010883939685299993,0.004373073577880859,0.006430267821997404,0.017130082473158836,0.22271721065044403,0.029982376843690872,0.015868594869971275,0.0,0.03426428884267807,0.03682514280080795,0.04958869889378548,0.0,0.016135860234498978,0.0,0.0,0.07705900073051453,0.11332109570503235,0.0,0.004841817542910576,0.0,0.040859319269657135,0.01603294163942337,0.06518286466598511,0.05411887168884277,0.0,0.0,0.16355913877487183,0.09148625284433365,0.020276878029108047,0.00033518075360916555,0.0,0.011308290995657444,0.0,0.6081697940826416,0.010334603488445282,0.011478154920041561,0.0,0.16288602352142334,0.0706433355808258,0.03586975112557411,0.0,0.10153457522392273,0.00312951672822237,0.0,0.23822420835494995,0.23988178372383118,0.0,0.08534704148769379,0.0,0.7807385921478271,0.0,0.004706834442913532,0.006104988045990467,0.006350602954626083,0.003282603109255433,0.0038372636772692204,0.0,0.0,0.06377550214529037,0.0025349389761686325,0.19630582630634308,0.0,0.09969191253185272,0.0,0.008422305807471275,0.01234948169440031,0.11569902300834656,0.23708786070346832,0.0,0.02050086110830307,0.1386197805404663,0.0,0.03025062382221222,0.002409491455182433,0.0,0.0,0.09559189528226852,0.047664422541856766,0.0,0.0,0.03144443780183792,0.22300086915493011,0.015485294163227081,0.0,0.001333773136138916,0.051845017820596695,0.10747724771499634,0.006504806224256754,0.0,0.0,0.011778631247580051,0.0009876751573756337,0.017496153712272644,0.016589069738984108,0.10943076759576797,0.0,0.08114759624004364,0.00462556816637516,0.0907566100358963,0.6790003180503845,0.054622992873191833,0.07258254289627075,0.007247528992593288,0.05673098936676979,0.014640340581536293,0.0,0.0,0.0011609363136813045,0.026412110775709152,0.017787884920835495,0.044624119997024536,0.0,0.017411479726433754,0.004850130062550306,0.35067299008369446,0.12505580484867096,0.0,0.03696591779589653,0.0,0.21052585542201996,0.3349360227584839,0.04005832597613335,0.01883152686059475,0.5843538641929626,0.02320391684770584,0.7640304565429688,0.06597892194986343,0.0007390880491584539,0.0,0.0,0.09090979397296906,0.0,0.04795673489570618,0.0,0.0,0.02903803065419197,0.0,0.03896302357316017,1.3247603178024292,0.19895406067371368,0.022273438051342964,0.0,0.07685856521129608,0.0,0.046661462634801865,0.009488253854215145,0.0037255550269037485,0.0,0.4421308934688568,0.05105029046535492,0.034144327044487,0.028428390622138977,0.0,0.0,0.06457461416721344,9.394168591825292e-05,0.10297610610723495,0.0834290087223053,0.0,0.2010791003704071,0.0,0.06770535558462143,0.0,0.0025417327415198088,0.002186611294746399,0.0,0.6732984781265259,0.343343585729599,0.0,0.07126568257808685,0.17594341933727264,0.032084811478853226,0.1641770899295807,0.008372184820473194,0.02246982418000698,0.007212181109935045,0.0018602132331579924,0.0,0.0,0.016289182007312775,0.0,0.08205569535493851,0.0,0.09231948852539062,0.12429902702569962,0.018541261553764343,0.0,0.06170085072517395,0.043765079230070114,0.04164927452802658,0.1847202628850937,0.011488568037748337,0.0,0.1281633824110031,0.0,0.009300315752625465,0.08880852907896042,0.0007558012148365378,0.05068693310022354,0.007870359346270561,0.0,0.0027667819522321224,0.41405123472213745,0.0,0.08803078532218933,0.01309150829911232,0.0,0.0,0.0,0.01958235539495945,0.0,0.0,0.025615273043513298,0.006969882175326347,0.02818591333925724,0.0,0.018182935193181038,0.0,0.7350644469261169,0.1031658947467804,0.0004406404623296112,0.20453904569149017,0.07550771534442902,0.00844232365489006,0.006528549361974001,0.0,0.0187551099807024,0.0,0.012331693433225155,0.05541454255580902,0.012066946364939213,0.0039243269711732864,0.0,0.0,0.0,0.028440799564123154,0.0,0.105722576379776,0.04540250822901726,0.023486070334911346,0.031056534498929977,0.15220962464809418,0.0821458250284195,0.012405354529619217,0.14208075404167175,0.04727679863572121,0.0,0.10783814638853073,0.0,0.0002150738291675225,0.0,0.027498016133904457,0.016617966815829277,0.0,0.1153014600276947,0.22114112973213196,0.0,0.0,0.0,0.051626235246658325,0.0,0.0021962649188935757,0.07110360264778137,0.009144436568021774,0.0,0.07307177782058716,0.022725924849510193,0.0010450601112097502,0.015363979153335094,0.0,0.0,0.009264574386179447,0.0,0.0654267966747284,0.24663858115673065,0.011649833992123604,0.45804038643836975,0.026335053145885468,0.03471110761165619,0.2298762947320938,0.0,0.0221395306289196,0.0,0.0,0.002072923118248582,0.0,0.17175431549549103,0.468695729970932,0.004619029816240072,0.009197406470775604,0.0,0.0,0.014857023023068905,0.0,0.0,0.0,0.0,0.47086405754089355,0.0,0.01263876911252737,0.0,0.0,0.20499427616596222,0.007174244616180658,0.0,0.0,0.0,0.2029714584350586,0.00306654698215425,0.02019444853067398,0.008567426353693008,0.0,0.011976095847785473,0.024514995515346527,0.0,0.0,0.07600224763154984,0.016627389937639236,0.019701693207025528,0.01451600156724453,0.0002552173682488501,0.0,0.06016496568918228,0.0,0.02491486258804798,0.0,0.0,0.03078751638531685,0.04716857895255089,0.07632820308208466,0.0,0.035523027181625366,0.07741068303585052,0.06421223282814026,0.0,0.05481932684779167,0.6824090480804443,0.0,0.25929683446884155,0.06337616592645645,0.1327003538608551,0.047536902129650116,0.2685644030570984,0.0,0.01067980658262968,0.0,0.03824330121278763,0.016741694882512093,0.00691901333630085,0.0,0.028335969895124435,0.0,0.04148523509502411,0.02990802749991417,0.09485865384340286,0.0,0.4042593836784363,0.03502712398767471,0.0672881007194519,0.0,0.0,0.07295141369104385,0.004311765544116497,0.045023113489151,0.018662607297301292,0.0,0.007185921538621187,0.030137205496430397,0.0,0.01226541306823492,0.06280119717121124,0.00992338452488184,0.006787290796637535,0.004785886034369469,0.02128612995147705,0.009573739022016525,0.03793799504637718,0.0,0.0,0.0009445071336813271,0.08005145937204361,0.08730786293745041,0.773600697517395,0.0,0.0,0.0,0.0,0.0,0.03631935641169548,0.0,0.0,0.0,0.0,0.0,0.008122418075799942,0.12263067066669464,0.0,0.006805779878050089,0.20190057158470154,0.013703249394893646,0.2108485996723175,0.0378117710351944,0.06773366779088974,0.0,0.14123332500457764,0.0,0.0,0.007083860691636801,0.035646721720695496,0.0,0.0,0.3373849391937256,0.0,0.0,0.1103469654917717,0.0,0.0,0.0,0.0,0.0,0.0,0.019282495602965355,0.06377623230218887,0.012815305963158607,0.0,0.0,0.01618254743516445,0.0028355526737868786,0.0,0.0,0.09992716461420059,0.012212234549224377,0.050693534314632416,0.09616149216890335,0.0,0.04433197155594826,0.0,0.0,0.0,0.1035870835185051,0.0,0.0,0.03215912729501724,0.0015700293006375432,0.011310074478387833,0.0,0.0,0.032277077436447144,0.0,0.0,0.0,0.0,0.0,0.0,0.042410656809806824,0.008926374837756157,0.018320243805646896,0.4991498291492462,0.0,0.013652495108544827,0.009698521345853806,0.0,0.0005613279063254595,0.2055928111076355,0.0,0.08013688027858734,0.39080294966697693,0.0,0.0,0.006521101575344801,0.0,0.0012812144123017788,0.0,0.0,0.47176700830459595,0.0,0.0,0.0,0.0,0.0,0.401645302772522,0.15639592707157135,0.003623465308919549,0.0,0.00871760118752718,0.1545998603105545,0.30546605587005615,0.0,0.0,0.008986091241240501,0.0,0.0,0.0016765812179073691,0.0,0.0,0.010337109677493572,0.0,0.0,0.000981371384114027,0.0,0.2259788066148758,0.0,0.019644921645522118,0.02759554795920849,0.01214933954179287,0.0,0.2506686747074127,0.09772549569606781,0.0,0.1111103892326355,0.0027005565352737904,0.0,0.0,0.005662611220031977,0.047532614320516586,0.0,0.0,0.02586175687611103,0.0,0.014940338209271431,0.02987838350236416,0.008780284784734249,0.0,0.0035350013058632612,0.011594563722610474,0.18201526999473572,0.008369565941393375,0.00783957913517952,0.039666034281253815,0.0,0.07041195034980774,0.04193456098437309,0.08721014112234116,0.06522151082754135,0.0,0.0,0.006396787241101265,0.07624151557683945,0.0012390767224133015,0.0,0.02559840679168701,0.0,0.01924392394721508,0.0,0.0,0.0,0.0,0.00530198821797967,0.009508497081696987,0.0,0.0,0.0,0.044322419911623,0.06395743042230606,0.045610085129737854,0.003700339701026678,0.023709410801529884,0.003111028578132391,0.0,0.0,0.22986383736133575,0.0,0.06776812672615051,0.062469977885484695,0.0187124814838171,0.0,0.39763641357421875,0.005559079814702272,0.04096933454275131,0.0
0.0,0.014668161049485207,0.32755157351493835,0.0,0.0,0.0,0.005568187218159437,0.014881152659654617,0.0,0.08386827260255814,0.0,0.06845250725746155,0.008486631326377392,0.3122915029525757,0.09759584069252014,0.14395558834075928,0.007785413414239883,0.015174862928688526,0.0,0.3050224781036377,0.015550710260868073,0.0,0.03800734877586365,0.10755044966936111,0.06363828480243683,0.10663516819477081,0.0,0.0,0.0,0.0019775652326643467,0.46432071924209595,0.11580385267734528,0.0014900148380547762,0.0,0.2974911034107208,0.23446786403656006,0.018541645258665085,0.04509370028972626,0.0,0.10416653752326965,0.3516416847705841,0.0,0.00420745275914669,0.09990750253200531,0.48095837235450745,0.007126966491341591,0.04652165248990059,0.0,0.2177785038948059,0.0,0.0,0.19165681302547455,0.0043624951504170895,0.1385456919670105,0.04109948128461838,0.0,0.0,0.0,0.11012731492519379,0.0083231832832098,0.0009812080534175038,0.432944118976593,0.059673503041267395,0.0,0.009145363233983517,0.3390102684497833,0.09743740409612656,0.014417853206396103,0.03844376280903816,0.0,0.2637987434864044,0.022146498784422874,0.006785816978663206,0.11930420994758606,0.0,0.15253661572933197,0.37917202711105347,0.008312398567795753,0.172160342335701,0.39619797468185425,0.0,0.0750548467040062,0.0,0.0887112244963646,0.010951225645840168,0.2856678366661072,0.05082657188177109,0.0,0.0,0.023458853363990784,0.025526616722345352,0.008171205408871174,0.2112615555524826,0.5167274475097656,0.004032695200294256,0.21925702691078186,0.030824212357401848,0.0,0.0,0.0,0.02663745917379856,0.029787683859467506,0.1165187656879425,0.014892255887389183,0.0636124387383461,0.01291100773960352,0.020722677931189537,0.0,0.0036085080355405807,0.00481038074940443,0.01473279856145382,0.030817775055766106,0.0,0.1332388073205948,0.011381233111023903,0.43726488947868347,0.0,0.09442982077598572,0.0,0.14957749843597412,0.00674468744546175,0.007889311760663986,0.36473312973976135,0.06969790905714035,0.004141323734074831,0.0033672242425382137,0.19065918028354645,0.03262041136622429,0.15911619365215302,0.009556946344673634,0.1259315460920334,0.0,0.038912639021873474,0.0034368967171758413,0.04969131946563721,0.09033046662807465,0.003951771184802055,0.0,0.0023924673441797495,0.0,0.12486923485994339,0.04512382671236992,0.0,0.031152715906500816,0.19481264054775238,0.0,0.01324835978448391,0.30826008319854736,0.014647386036813259,0.04830588772892952,0.02194143272936344,0.0,0.06136520206928253,0.07525298744440079,0.0,0.024338498711586,0.006734456866979599,0.022802887484431267,0.14330634474754333,0.06951155513525009,0.0060160099528729916,0.011917777359485626,0.018468312919139862,0.4466642737388611,0.07350628077983856,0.0,0.21419881284236908,0.0017248940421268344,0.14055074751377106,0.3690027594566345,0.13583384454250336,0.019668374210596085,0.06340862810611725,0.22714225947856903,0.05522756651043892,0.048178158700466156,0.49744242429733276,0.014019430615007877,0.0,0.2836909592151642,0.0,0.0,0.03414490073919296,0.02293209545314312,0.021752357482910156,0.2992725968360901,0.1617441028356552,0.056050099432468414,0.07343269139528275,0.24501904845237732,0.02943846769630909,0.06674034893512726,0.0005088281468488276,0.00493824016302824,0.021793993189930916,0.03551599383354187,0.021045837551355362,0.021451473236083984,0.2476383000612259,0.0,0.12748059630393982,0.033541079610586166,0.0,0.14578217267990112,0.0,0.031030425801873207,0.05823582038283348,0.01185233611613512,0.07210559397935867,0.11463024467229843,0.15441569685935974,0.0,0.23500661551952362,0.0,0.006113505456596613,0.016236282885074615,0.03423142060637474,0.016644135117530823,0.0,0.015002360567450523,0.06252036243677139,0.028643319383263588,0.1975332796573639,0.18633250892162323,0.0,0.18642671406269073,0.013600954785943031,0.012446240521967411,0.09452556818723679,0.13120554387569427,0.17875482141971588,0.0,0.21145062148571014,0.03973926976323128,0.16697779297828674,0.30023857951164246,0.013692918233573437,0.08882882446050644,0.041896019130945206,0.0034650492016226053,0.0,0.06840908527374268,0.07156652212142944,0.0,0.08281688392162323,0.05791686847805977,0.05852939188480377,0.05568463355302811,0.0,0.014557234942913055,0.012297718785703182,0.006838483735918999,0.004307606257498264,0.004228160250931978,0.0037069511599838734,0.07663328945636749,0.0,0.0843704491853714,0.07219405472278595,0.43403205275535583,0.0,0.015373246744275093,0.04336191341280937,0.0,0.13496915996074677,0.033662348985672,0.10348769277334213,0.03677091374993324,0.004509238991886377,0.0288076214492321,0.09150487929582596,0.0,0.0,0.1372518688440323,0.03822207450866699,0.0,0.03590567409992218,0.01142304390668869,0.13072159886360168,0.15462806820869446,0.008801544085144997,0.0,0.01689278520643711,0.14808642864227295,0.023411454632878304,0.633400559425354,0.0,0.0,0.16804441809654236,0.043309301137924194,0.15636838972568512,0.14044173061847687,0.0684020072221756,0.0,0.057881370186805725,0.014202668331563473,0.17205411195755005,0.0,0.27133071422576904,0.0,0.016682464629411697,0.04594013839960098,0.18545947968959808,0.14344333112239838,0.11928942799568176,0.0008960628765635192,0.013040143996477127,0.02390245348215103,0.0,0.0,0.0,0.13707861304283142,0.013582970015704632,0.17917217314243317,0.03554137423634529,0.3430832624435425,0.029819224029779434,0.004312004894018173,0.1683294177055359,0.03773459047079086,0.0,0.04669443517923355,0.0,0.0,0.7484279870986938,0.0,0.0,0.008539366535842419,0.0,0.0,0.0,0.06330138444900513,0.0,0.0,0.0882672518491745,0.0,0.0,0.0,0.004380885977298021,0.08638331294059753,0.06810533255338669,0.004123837221413851,0.0,0.0,0.0,0.0,0.0,0.0,0.0,0.0,0.20595276355743408,0.012715651653707027,0.12777292728424072,0.0239731315523386,0.27706122398376465,0.0,0.0,0.0,0.08930815011262894,0.007762959226965904,0.0,0.0,0.0,0.0,0.0,0.006501731928437948,0.09818629175424576,0.031114989891648293,0.00133238616399467,0.0,0.505422830581665,0.0,0.0,0.048097170889377594,0.010640648193657398,0.0,0.0021963417530059814,0.000775769934989512,5.8062971220351756e-05,0.2038281261920929,0.077525794506073,0.0,0.0,0.0,0.016183407977223396,0.0,0.0,0.06616153568029404,0.0,0.0,0.27313295006752014,0.0,0.0,0.0,0.0,0.0,0.12145628035068512,0.0,0.1091899648308754,0.012358167208731174,0.0,0.05875665321946144,0.0,0.0050347186625003815,0.008420202881097794,0.0,0.04684068635106087,0.0,0.0,0.04485131427645683,0.0,0.0,0.0,0.0,0.007571517024189234,0.0,0.0,0.0,0.0,0.0,0.01356679666787386,0.0,0.0726611390709877,0.0,0.0031331253703683615,0.1244790256023407,0.027569599449634552,0.00919425580650568,0.007673498243093491,0.13713784515857697,0.0,0.0,0.0006746900035068393,0.09803084284067154,0.0,0.0,0.0,0.02613704279065132,0.0021157630253583193,0.0,0.0,0.0,0.002526397118344903,0.007966045290231705,0.0,0.0,0.12482194602489471,0.0,0.04065731167793274,0.05632566288113594,0.010146848857402802,0.0,0.0,0.05323273688554764,0.0,0.0,0.001099386252462864,0.0,0.024729633703827858,0.0,0.0024780065286904573,0.2464263141155243,0.0,0.0,0.09562699496746063,0.17583034932613373,0.032937899231910706,0.0,0.0,0.00511156814172864,0.0,0.0,0.0167706236243248,0.0,0.017962811514735222,0.0,0.0,0.030161965638399124,0.04524582251906395,0.0,0.0,0.0,0.21771246194839478,0.002753207692876458,0.060045771300792694,0.2593729794025421,0.020353494212031364,0.0,0.0,0.0,0.020796680822968483,0.0,0.0,0.0,0.0,0.0,0.0,0.018505819141864777,0.030419709160923958,0.0,0.0,0.0,0.007648145779967308,0.026513028889894485,0.013848895207047462,0.0,0.0,0.01134044211357832,0.22161157429218292,0.02225153148174286,0.03268275037407875,0.0070696137845516205,0.0,0.011508285999298096,0.0,0.0,0.1361256241798401,0.04843241721391678,0.0,0.010628258809447289,0.0,0.0,0.4641630947589874,0.0,0.0,0.0,0.0,0.0,0.0,0.02892119623720646,0.007873782888054848,0.0,0.0006667590350843966,0.0,0.0,0.0900481790304184,0.0,0.0,0.0,0.019221153110265732,0.007761139422655106,0.032845064997673035,0.0,0.07646726816892624,0.0,0.0,0.03727496787905693,0.0,0.004064498003572226,0.00163198949303478,0.0032108009327203035,0.044166162610054016,0.0,0.23250973224639893,0.0007601404213346541,0.02287013828754425,0.0,0.0,0.041471511125564575,0.0,4.6457051212200895e-05,0.0873555913567543,0.019635163247585297,0.0,0.2540830075740814,0.06024535745382309,0.004900943022221327,0.0,0.11507248133420944,0.27165138721466064,0.0,0.03100813925266266,0.08841763436794281,0.0,0.0,0.03133296221494675,0.01842561922967434,0.0,0.0,0.00036541701410897076,0.06878722459077835,0.0,0.05239304527640343,0.0,0.12848468124866486,0.045771025121212006,0.10563308745622635,0.046592459082603455,0.0,0.0,0.0,0.004144846927374601,0.0,0.0,0.01653863675892353,0.18495695292949677,0.013547707349061966,0.036341920495033264,0.0,0.0,0.0,0.0,0.0,0.013481836766004562,0.0,0.0,0.0,0.45521271228790283,0.008609192445874214,0.016630856320261955,0.0,0.188702791929245,0.0,0.0,0.008157020434737206,0.013417143374681473,0.017168886959552765,0.05504578724503517,0.0,0.0,3.0651091947220266e-05,0.0,0.0,0.0,0.006996524520218372,0.004371987655758858,0.0,0.0,0.0,0.04235609993338585,0.03875415027141571,0.017090270295739174,0.0,0.0,0.0,0.0,0.0,0.0005826973938383162,0.0,0.0,0.0,0.0,0.16731342673301697,0.014880373142659664,0.0,0.0,0.0,0.0,0.026929207146167755,0.0,0.0,0.011938081122934818,0.0,0.0,0.007649988401681185,0.0,0.0,0.09677601605653763,0.0028487814124673605,0.14708706736564636,0.018757302314043045,0.0,0.20564445853233337,0.0,0.10872562229633331,0.02218332514166832,0.0,0.12600409984588623,0.0,0.041371945291757584,0.05562707781791687,0.0,0.04376235976815224,0.00747505621984601,0.0,0.0,0.0,0.0,0.0,0.032689522951841354,0.0,0.06500696390867233,0.0,0.0,0.0,0.16664177179336548,0.013039945624768734,0.0,0.0,0.0,0.01966380514204502,0.11874603480100632,0.0023924517445266247,0.016195081174373627,0.08833448588848114,0.011448328383266926,0.0,0.0,0.012527027167379856,0.03186778351664543,0.0,0.0,0.457396537065506,0.056057386100292206,0.028263770043849945,0.0,0.03765381872653961,0.0,0.12292265892028809,0.008347952738404274,0.0,0.008643941953778267,0.0,0.009319829754531384,0.16837823390960693,0.1460789442062378,0.02887028269469738,0.0,0.01491205208003521,0.0956510528922081,0.0,0.0,0.0,0.04254681617021561,0.0,0.011031828820705414,0.0,0.06063859909772873,0.0,0.1950513869524002,0.0,0.0,0.0,0.2600381374359131,0.07107057422399521,0.0,0.0,0.5713266134262085,0.0,0.028179222717881203,0.0,0.027507465332746506,0.0,0.0,0.0,0.02549179643392563,0.26339614391326904,0.0,0.15952156484127045,0.0012846651952713728,0.0,0.0018119111191481352,0.0,0.0,0.008117505349218845,0.007721829228103161,0.0,0.25140342116355896,0.10039614886045456,0.0,0.0,0.0,0.07305678725242615,0.0067790234461426735,0.459715873003006,0.0,0.0,0.0,0.024830270558595657,0.0,0.10907556861639023,0.12089637666940689,0.07962791621685028,0.14766143262386322,0.014849657192826271,0.003081600647419691,0.0033396699000149965,0.03038141317665577,0.024213328957557678,0.02665976993739605,0.0,0.0,0.23557545244693756,0.00044138787779957056,0.040867604315280914,0.0,0.014387650415301323,0.1196405440568924,0.24847781658172607,0.0,0.026175223290920258,0.03642614185810089,0.05164441093802452,0.0,0.0,0.0,0.07114455848932266,0.0,0.01196277979761362,0.13413137197494507,0.061891935765743256,0.018559878692030907,0.0,0.0245723444968462,0.0,0.0,0.043647751212120056,0.05486668273806572,0.07418415695428848,0.0,0.1467387080192566,0.0,0.005361912306398153,0.0,0.010694112628698349,0.07794689387083054,0.26429760456085205,0.019117319956421852,0.10693826526403427,0.05689100921154022,0.0,0.0,0.0,0.0,0.0,0.002834021346643567,0.008480253629386425,0.0,0.0,0.048873066902160645,0.1625021994113922,0.0002061486302409321,0.0,0.027631564065814018,0.008994250558316708,0.0,0.205581396818161,0.0,0.0,0.04865358769893646,0.04816636070609093,0.0,0.04352544620633125,0.002422734396532178,0.28032273054122925,0.0,0.0023076224606484175,0.5339186191558838,0.0,0.040613919496536255,0.002150683430954814,0.0,0.0,0.0,0.03405299037694931,0.025510795414447784,0.0,0.16000674664974213,0.0023706206120550632,0.0,0.0,0.0,0.012770600616931915,0.010102670639753342,0.0,0.012548437342047691,0.00490024546161294,0.0038122832775115967,0.0,0.0,0.348377525806427,0.0,0.0,0.0,0.0,0.0,0.0,0.6259793043136597,0.04522792994976044,0.006121886894106865,0.025438625365495682,0.06429805606603622,0.0,0.005759935360401869,0.0,0.2312045693397522,0.017191965132951736,0.08125097304582596,0.013300666585564613,0.01963028497993946,0.005656027235090733,0.004737120121717453,0.17897236347198486,0.0,0.018814165145158768,0.0,0.13456934690475464,0.04784878343343735,0.10829496383666992,0.009743094444274902,0.04905393719673157,0.03396691754460335,0.0,0.47785595059394836,0.0,0.0,0.04595819115638733,0.022044144570827484,0.07639971375465393,0.0,0.005088676232844591,0.00012651443830691278,0.060236502438783646,0.14697059988975525,0.0,0.13289526104927063,0.026942038908600807,0.07764551043510437,0.0,0.046210456639528275,0.330002099275589,0.013053316622972488,0.17111091315746307,0.11074001342058182,0.19652339816093445,0.06162111461162567,0.013976523652672768,0.128658726811409,0.13536861538887024,0.012542031705379486,0.20466607809066772,0.00043002693564631045,0.0,0.4288314878940582,0.01990160159766674,0.0,0.03564205765724182,0.0,0.0,0.08937405794858932,0.007117631379514933,0.0,0.006393826100975275,0.0,0.003183199791237712,0.0,0.2099357545375824,0.09138111770153046,0.0,0.0,0.018747488036751747,0.0,0.00020137548563070595,0.08748933672904968,0.012439634650945663,0.11629626899957657,0.0,0.16852855682373047,0.0,0.008770168758928776,0.04978101700544357,0.0,0.037836819887161255,0.0,0.043693531304597855,0.14885810017585754,0.00017862499225884676,0.11073848605155945,0.030019354075193405,0.11184079945087433,0.0,0.09649314731359482,0.056611109524965286,0.004372463095933199,0.0,0.22287996113300323,0.0,0.0,0.0,0.4668094217777252,0.1753479540348053,0.0,0.007387769408524036,0.34087470173835754,0.0,0.010696755722165108,0.0,0.27512168884277344,0.0,0.04542924091219902,0.0,0.0,0.0,0.0004265758325345814,0.1000002846121788,0.0,0.0,0.1669902354478836,0.05004475265741348,0.0,0.0,0.28183478116989136,0.0018004941521212459,0.006464183330535889,0.013999835588037968,0.027820002287626266,0.06734664738178253,0.03400567173957825,0.009282994084060192,0.10169707238674164,0.0,0.009559440426528454,0.3130406439304352,0.0,0.0,0.03139321878552437,0.08107057213783264,0.08473095297813416,0.0,0.08038091659545898,0.0,0.0,0.4145691990852356,0.011813699267804623,0.0,0.04952286183834076,0.0,0.0,0.03719433397054672,0.3906477689743042,0.008847823366522789,0.0,0.26804688572883606,0.06586113572120667,0.014949279837310314,0.05285298451781273,0.0025098889600485563,0.08274019509553909,0.03681992366909981,0.0,0.0,0.0,0.03601520508527756,0.0015772688202559948,0.0,0.008525042794644833,0.07314153760671616,0.08302687853574753,0.0052191875874996185,0.17167235910892487,0.0,0.032067351043224335,0.0081529775634408,0.0,0.19582433998584747,0.004121005535125732,0.015779457986354828,0.11196137219667435,0.0,0.0,0.10450644791126251,0.048207130283117294,0.005822237115353346,0.009892716072499752,0.38571837544441223,0.07708894461393356,0.0710514634847641,0.0,0.05957448109984398,0.15119139850139618,0.026052970439195633,0.06644151359796524,0.0,0.06589703261852264,0.0036884485743939877,0.028743749484419823,0.02263648435473442,0.0582272969186306,0.36252933740615845,0.0,0.43203145265579224,0.0,0.0019469528924673796,0.026324095204472542,0.2562575936317444,0.11245008558034897,0.1456233710050583,0.15551446378231049,0.0,0.02024564892053604,0.010199122130870819,0.013981313444674015,0.0,0.03041176125407219,0.043642811477184296,0.0,0.0,0.0038441522046923637,0.0,0.11664986610412598,0.0,0.0,0.07886426150798798,0.05132128670811653,0.3104988932609558,0.0,0.0,0.0,0.0,0.0,0.0,0.45012909173965454,0.0,0.0,0.0,0.0,0.2189466655254364,0.0,0.0,0.0,0.06382064521312714,0.0,0.026404812932014465,0.2353162318468094,0.30528247356414795,0.0,0.009962983429431915,0.004712376277893782,0.04103875160217285,0.0,0.0,0.0,0.0,0.03239988163113594,0.0,0.0,0.0,0.016041873022913933,0.013528935611248016,0.10340899229049683,0.1567145437002182,0.0,0.00011940777039853856,0.0,0.0151040218770504,0.0,0.36712446808815,0.02208220399916172,0.29420188069343567,0.0,0.05053907260298729,0.005960044451057911,0.002139344112947583,0.0,0.04416106268763542,0.0,0.023463621735572815,0.0013488387921825051,0.012866472825407982,0.008073750883340836,0.0,0.021200034767389297,0.0,0.07284591346979141,0.0,0.06302782148122787,0.017763447016477585,0.0,0.0,0.004402196034789085,0.0,0.0,0.9490392804145813,0.16919435560703278,0.0,0.0,0.03295397385954857,0.0,0.001231247209943831,0.04550991952419281,0.08159481734037399,0.0,0.0,0.613844633102417,0.0,0.0,0.0,0.002064096974208951,0.0,0.0,0.0,0.0004625344299711287,0.0,0.0,0.0,0.5350890159606934,0.007810850162059069,0.0,0.04690660163760185,0.0,0.011297612451016903,0.0015115903224796057,0.0,0.0,0.0,0.005053930450230837,0.27832236886024475,0.019147194921970367,1.2772912979125977,0.0,0.0,0.010607404634356499,0.0,0.0,0.016897661611437798,2.29160213470459,0.007947099395096302,0.0,0.0,0.023215999826788902,0.0,0.0,0.0,0.01812702603638172,0.0,0.0,0.4624190628528595,0.0,0.023825015872716904,0.021396832540631294,0.0,0.0,0.0,0.07521771639585495,0.24621057510375977,0.03508945181965828,0.0,0.14724178612232208,0.0,0.0,0.0,0.0,0.0,0.10831737518310547,0.012119892053306103,0.0242678951472044,0.0,0.0,0.15898670256137848,0.02116471342742443,0.023742971941828728,0.018637018278241158,0.5308202505111694,0.0,0.009519718587398529,0.1983906775712967,0.0008649086812511086,0.03160347789525986,0.0,0.0032760370522737503,0.0,0.04871319606900215,0.0,0.0,0.0,0.0,0.0,0.012144417501986027,0.0,0.07987327873706818,0.02532223053276539,1.0996901988983154,0.0,0.04509592056274414,0.0,0.008253615349531174,0.055549219250679016,0.0,0.04931998252868652,0.0,0.0,0.5258904695510864,0.0,0.03173813223838806,0.0,0.0,0.0,0.0,0.028771471232175827,0.009197511710226536,0.0,0.0,0.0,0.0,0.0,0.0,0.0,0.0,0.0,0.0,0.0,0.008539807982742786,0.1899486929178238,0.0,0.08292613923549652,0.001705154194496572,0.0,0.0,0.013832677155733109,0.0,0.05015804246068001,0.0,0.0037115835584700108,0.027618108317255974,0.007712172344326973,0.00040263921255245805,0.0,0.04479880630970001,0.05729851871728897,0.0,0.08004740625619888,0.016197286546230316,0.0,0.012286346405744553,0.0,0.011888793669641018,0.0,0.021507620811462402,0.0,0.0,0.0,0.024003610014915466,0.0,0.0,0.0,0.07111191004514694,0.0046852463856339455,0.0008976698154583573,0.34021222591400146,0.08835313469171524,0.0,0.0,0.0,0.0,0.01329907774925232,0.0,0.004349363036453724,0.1031365618109703,0.024191303178668022,0.0,0.015662338584661484,0.0,0.03284916281700134,0.0,0.0,0.0,0.05355757847428322,0.1973414272069931,0.03242569416761398,0.0,0.004966225475072861,0.23944954574108124,0.005596328992396593,0.004521982744336128,0.0,0.26319724321365356,0.09049786627292633,0.05133282020688057,0.039624813944101334,9.148121171165258e-05,0.0,1.1151854991912842,0.4402511715888977,0.1083601787686348,0.0,0.0,0.0,0.0,0.0,0.032860007137060165,0.0,0.5791009068489075,0.0,0.1400454044342041,0.0,0.0,0.0,0.005803742446005344,0.05449937283992767,0.0,0.0,0.06483598798513412,0.12130246311426163,0.0,0.028466306626796722,0.3425716161727905,0.00945034995675087,0.44283005595207214,0.060518406331539154,0.008404234424233437,0.29820460081100464,0.05349612608551979,0.0470176637172699,0.0,0.4135994017124176,0.02185262180864811,0.0,0.0,0.0,0.0,0.0,0.13183540105819702,0.0,0.0,0.26059702038764954,0.022091275081038475,0.0,0.0,0.1295001059770584,0.00020332455460447818,0.0,0.0,0.00206382037140429,0.0,0.07457537949085236,0.0077597773633897305,0.0,0.0,0.03035476617515087,0.01044382806867361,0.0,0.004674868658185005,0.0,0.0,0.0,0.0,0.0,0.33118584752082825,0.010565784759819508,0.0,0.01928902603685856,0.0,0.14641788601875305,0.0,0.0,0.003727222792804241,0.0,0.05329646170139313,0.017074894160032272,0.0,0.0,0.0,9.381472773384303e-05,0.0,0.0,0.0,0.00402999110519886,0.0,0.0,0.0,0.028070416301488876,0.0,0.008350498974323273,0.0,0.043006882071495056,0.011312415823340416,0.017975181341171265,0.004821655806154013,0.04592430219054222,0.0,0.04617252200841904,0.0,0.11547622084617615,0.00807421375066042,0.04463550075888634,0.07863427698612213,0.11348699778318405,0.0,0.0,0.0,0.0017924142302945256,0.007718948647379875,0.22184406220912933,0.0317530520260334,0.015104692429304123,0.0001517260097898543,0.03245672211050987,0.03474487364292145,0.03183559328317642,0.0,0.024790892377495766,0.0,0.0,0.06604312360286713,0.11022581905126572,0.0003411391517147422,0.010137276723980904,0.0010428786044940352,0.0371672548353672,0.01694238930940628,0.06584981083869934,0.036594513803720474,0.0,0.0,0.1724226176738739,0.04265888035297394,0.01970832608640194,0.0004452943685464561,0.0,0.00943369884043932,0.0,0.6307304501533508,0.014605438336730003,0.00533278938382864,0.0,0.13686108589172363,0.08340334892272949,0.03210876137018204,0.00020993947691749781,0.09245844185352325,0.0023741137702018023,0.0,0.26339030265808105,0.22566765546798706,0.0,0.07216702401638031,0.0,0.7955434322357178,0.0,0.0,0.0,0.0064705670811235905,0.0,0.0044691301882267,0.0,0.0,0.052739668637514114,0.002697503659874201,0.19018658995628357,0.0,0.10249949246644974,0.0,0.0,0.004477623384445906,0.14151397347450256,0.2682434022426605,0.0,0.01737583987414837,0.13225938379764557,0.0,0.0317956916987896,0.0073156096041202545,0.0,0.0,0.08887498080730438,0.02612422965466976,0.007763254456222057,0.0,0.024220596998929977,0.23255090415477753,0.010013677179813385,0.0,0.003271247260272503,0.043294478207826614,0.07731004804372787,0.0,0.0,0.0,0.009269416332244873,0.0,0.020332373678684235,0.011636017821729183,0.1378868669271469,0.0,0.06064188852906227,0.0,0.08111404627561569,0.6463655829429626,0.04186898097395897,0.08425893634557724,0.007615434005856514,0.06408663094043732,0.020650040358304977,0.0,0.0,0.0,0.0298396497964859,0.007884115912020206,0.05736120790243149,0.0,0.02654300257563591,0.0030375386122614145,0.40359947085380554,0.11791010946035385,0.0,0.050067078322172165,0.0,0.1966523975133896,0.2651935815811157,0.0426316075026989,0.020930994302034378,0.5818704962730408,0.022528624162077904,0.8130396008491516,0.05211954936385155,0.0,0.0,0.0,0.07265157997608185,0.0,0.05533819645643234,0.0,0.0,0.027670161798596382,0.0,0.02528049424290657,1.2964481115341187,0.167911097407341,0.024006828665733337,0.0,0.06307635456323624,0.0,0.05384116247296333,0.04403155297040939,0.00253327121026814,0.0,0.35780835151672363,0.05062516778707504,0.03799018636345863,0.02698313258588314,0.0,0.0,0.05497020110487938,0.0,0.1086537167429924,0.03973419591784477,0.0,0.23043815791606903,0.0,0.05644525587558746,0.0,0.005769231356680393,0.005700187757611275,0.0,0.6999850273132324,0.3903043270111084,0.0,0.06862886250019073,0.17168159782886505,0.008119778707623482,0.12774553894996643,0.012092428281903267,0.013254901394248009,0.012307808734476566,0.00872131623327732,0.0,0.0,0.026923835277557373,0.0,0.06222137436270714,0.0,0.0881846621632576,0.11318820714950562,0.017573270946741104,0.0,0.055020906031131744,0.022350983694195747,0.031341303139925,0.18478506803512573,0.002605631249025464,0.0,0.11980792880058289,0.0,0.024123074486851692,0.08762628585100174,0.0,0.043342217803001404,0.0007294249371625483,0.0,0.00020262121688574553,0.35575196146965027,0.0,0.046238694339990616,0.014723901636898518,0.0,0.0,0.0,0.01099825743585825,0.0,0.0,0.012899002991616726,0.01466777827590704,0.02112022414803505,0.0016252589412033558,0.012440716847777367,0.0,0.7384198904037476,0.11290910094976425,0.0,0.20992960035800934,0.07334648072719574,0.0,0.005565445404499769,0.0,0.026116561144590378,0.0,0.01249132864177227,0.051104459911584854,0.010598275810480118,0.01050165668129921,0.0,0.00368903880007565,0.0,0.010778960771858692,0.0,0.10905252397060394,0.0434904620051384,0.03460599482059479,0.023047886788845062,0.13223561644554138,0.076368547976017,0.008050182834267616,0.12809497117996216,0.03421568498015404,0.0008159673307090998,0.0780576542019844,0.0,0.005165132228285074,0.0,0.026300637051463127,0.00873673427850008,0.0024192428681999445,0.08477268368005753,0.215874582529068,0.0,0.0,0.0,0.0400925874710083,0.0,0.0,0.03563631698489189,0.003390772268176079,0.0016204738058149815,0.08566945791244507,0.014400885440409184,0.00028650404419749975,0.014648225158452988,0.0,0.0,0.005911145359277725,0.0,0.03387770801782608,0.24941088259220123,0.011670839041471481,0.4277735948562622,0.022424016147851944,0.053311433643102646,0.2104547917842865,0.0,0.0037062603514641523,0.0,0.0,0.0027302633970975876,0.00297913677059114,0.15449225902557373,0.47276365756988525,1.2525320016720798e-05,0.008784954436123371,0.0,0.002238342771306634,0.007605056744068861,0.0,0.0,0.0,0.0,0.4346332848072052,0.0,0.0,0.0,0.0,0.16261236369609833,0.00877331756055355,0.0,0.0,0.0,0.23982298374176025,0.009204251691699028,0.03181510046124458,0.002155356341972947,0.0,0.01075802557170391,0.020065849646925926,0.0,0.005434856284409761,0.06467729806900024,0.027812397107481956,0.025812113657593727,0.019446156919002533,0.0,0.0,0.04434236139059067,0.0,0.030595924705266953,0.0,0.0,0.024237435311079025,0.04905053228139877,0.0749964490532875,0.0,0.027297550812363625,0.09239078313112259,0.06511147320270538,0.0,0.03631545603275299,0.5869731307029724,0.008140579797327518,0.26909777522087097,0.05872620642185211,0.12518668174743652,0.022770194336771965,0.29385656118392944,0.0,0.00042769432184286416,0.0,0.02142672799527645,0.023364953696727753,0.007146300282329321,0.0,0.023783400654792786,0.0,0.04122086614370346,0.005875151138752699,0.04638671875,0.0,0.4276258051395416,0.02558571845293045,0.028622692450881004,0.0,0.0,0.06222236528992653,0.0008491540211252868,0.033727310597896576,0.01674100197851658,0.0,0.008299973793327808,0.024634668603539467,0.0,0.004254281520843506,0.0661652684211731,0.004446465987712145,0.005253808572888374,0.008551388047635555,0.012573383748531342,0.008516857400536537,0.02574446238577366,0.0,0.0,0.0,0.05883629247546196,0.05978914350271225,0.7218952775001526,0.0,0.0,0.0,0.0,0.0,0.03329355642199516,0.0,0.0,0.0,0.0,0.0,0.005864622071385384,0.1424248069524765,0.0,0.005412933882325888,0.19922183454036713,0.04250989109277725,0.2159942388534546,0.017869705334305763,0.08134908974170685,0.0,0.1432144045829773,0.0,0.0,0.005034610163420439,0.016115084290504456,0.0017735302681103349,0.0,0.3478323817253113,0.0,0.0,0.10059059411287308,0.0,0.0,0.0,0.0,0.0,0.0,0.004516381770372391,0.0616181455552578,0.008211763575673103,0.0,0.0,0.010411744937300682,0.007410457357764244,0.0,0.0006915474077686667,0.11053238064050674,0.011446353979408741,0.030932407826185226,0.0953889861702919,0.0,0.04263608902692795,0.0,0.0,0.0,0.13633699715137482,0.0,0.0,0.03034760057926178,0.0005569159984588623,0.00604739785194397,0.0,0.0,0.03222985565662384,0.0,0.0,0.0,0.0,0.0,0.0,0.017771637067198753,0.0038837825413793325,0.013273995369672775,0.5041725039482117,0.0,0.005823803134262562,0.0007868409156799316,0.0,0.006268570199608803,0.2021842747926712,0.0,0.0935993418097496,0.38058680295944214,0.0,0.0,0.0062183719128370285,0.0,0.0,0.0,0.0,0.4569551348686218,0.0,0.0,0.0,0.0,0.0,0.39860770106315613,0.127054363489151,0.006948348134756088,0.0,0.0045914603397250175,0.17850281298160553,0.3312646746635437,0.0,0.0,0.0017977243987843394,0.0,0.0,0.0004610991454683244,0.0,0.0,0.01665223389863968,0.0,0.0,0.0,0.0,0.22660087049007416,0.0,0.02050483040511608,0.02384345605969429,0.011600992642343044,0.0,0.2874097526073456,0.1369842290878296,0.002316475147381425,0.1379130333662033,0.0,0.0,0.0,0.006701455917209387,0.06443452090024948,0.0,0.0,0.039546504616737366,0.0,0.007210195064544678,0.0259568952023983,0.02078648842871189,0.0,0.0018725180998444557,0.003505634143948555,0.1930343210697174,0.010816395282745361,0.007811501156538725,0.03818175941705704,0.0,0.05410810559988022,0.041514765471220016,0.11056066304445267,0.04111654311418533,0.0,0.0,0.0079058101400733,0.041358832269907,0.0,0.0,0.02472338266670704,0.0,0.012712947092950344,0.0,0.0,0.0,0.0,0.006284819915890694,0.00044195770169608295,0.0015586881199851632,0.0,0.0,0.06595070660114288,0.04052512347698212,0.06465360522270203,0.011253607459366322,0.01703428290784359,0.012359938584268093,0.0,0.0,0.2811805009841919,0.0,0.07287954539060593,0.04979889467358589,0.005496277939528227,0.0,0.47802504897117615,0.0014474558411166072,0.03011304698884487,0.0
0.0,0.006728161592036486,0.34150296449661255,0.0,0.0,0.0,0.010417589917778969,0.013717658817768097,0.0,0.07933998107910156,0.0,0.06414053589105606,0.016659801825881004,0.28657248616218567,0.10213898867368698,0.1830805242061615,0.007966580800712109,0.05019940435886383,0.0,0.26930513978004456,0.04630054533481598,0.0,0.03726617991924286,0.1572698950767517,0.04029267653822899,0.12734442949295044,0.0,0.0,0.0,0.0016617858782410622,0.4558955430984497,0.13619619607925415,0.0,0.0,0.2767810523509979,0.21474994719028473,0.025666745379567146,0.030550962314009666,0.0,0.06849473714828491,0.3634357750415802,0.0,0.005714107770472765,0.11689829081296921,0.4683791697025299,0.007331527303904295,0.059035029262304306,0.0,0.26652878522872925,0.0,0.0,0.26744750142097473,0.0024263025261461735,0.16478928923606873,0.021780891343951225,0.0,0.0,0.0,0.0884757786989212,0.004642929881811142,0.006578255910426378,0.4269475042819977,0.09402554482221603,0.0,0.0,0.2890526354312897,0.11579206585884094,0.015400905162096024,0.014133232645690441,0.0,0.2126859873533249,0.02503129281103611,0.011954674497246742,0.15511779487133026,0.0010900306515395641,0.08828169107437134,0.38974684476852417,0.0027175405994057655,0.16473492980003357,0.4945630729198456,0.0,0.07469393312931061,0.0,0.07005865126848221,0.005844011437147856,0.2843049168586731,0.03503386303782463,0.0,0.0,0.006427578162401915,0.008040730841457844,0.0119240190833807,0.259598970413208,0.5512667894363403,0.0,0.19764751195907593,0.054493967443704605,0.0,0.0,0.0,0.02210385352373123,0.0475892499089241,0.11881906539201736,0.016497746109962463,0.09573248028755188,0.014617822133004665,0.023292802274227142,0.0,0.0,0.004017832223325968,0.037696290761232376,0.02839992195367813,0.0,0.20807571709156036,0.007613227237015963,0.47342610359191895,0.0,0.07881521433591843,0.0,0.1688879430294037,0.021458208560943604,0.006074631121009588,0.3614477813243866,0.04229972884058952,0.019728992134332657,0.0018667125841602683,0.22286973893642426,0.03566646948456764,0.16064105927944183,0.0032700253650546074,0.13515688478946686,0.0,0.0413336455821991,0.006347463000565767,0.06251340359449387,0.07063958793878555,0.003755431156605482,0.0,0.0019205963471904397,0.0026608819607645273,0.1056438460946083,0.068475142121315,0.0,0.02481747791171074,0.2628670036792755,0.0,0.01429734006524086,0.30906176567077637,0.023608749732375145,0.04358064755797386,0.046782806515693665,0.0,0.07027365267276764,0.07096754014492035,0.0,0.03438888117671013,0.009416523389518261,0.02856253646314144,0.1352146714925766,0.06842117011547089,0.0025219558738172054,0.0033816916402429342,0.01500923652201891,0.38813886046409607,0.11378202587366104,0.0,0.26656174659729004,0.006749768275767565,0.13031715154647827,0.365646094083786,0.12283235788345337,0.025860140100121498,0.08028541505336761,0.2187085747718811,0.06401458382606506,0.06088749319314957,0.555381715297699,0.007264925166964531,0.0,0.34751442074775696,0.0,0.0,0.0313153974711895,0.012301833368837833,0.013943741098046303,0.38455361127853394,0.17869924008846283,0.04333847016096115,0.05495072528719902,0.32709023356437683,0.04081104323267937,0.061517294496297836,0.0,0.008502078242599964,0.018442261964082718,0.029359756037592888,0.03591747581958771,0.021639298647642136,0.2854126989841461,0.006640381645411253,0.11796308308839798,0.015796326100826263,0.0,0.16204223036766052,0.0021810198668390512,0.02169087901711464,0.03745563328266144,0.022894030436873436,0.07348408550024033,0.1322089582681656,0.15499405562877655,0.0,0.2453889399766922,0.002292606281116605,0.014423098415136337,0.01769932545721531,0.03610328212380409,0.027999944984912872,0.0,0.010135360062122345,0.06740009039640427,0.0,0.17630510032176971,0.1590227633714676,0.0,0.2090715765953064,0.012403955683112144,0.01567472144961357,0.10924261063337326,0.11748268455266953,0.14874650537967682,0.0,0.20477789640426636,0.06183334439992905,0.12337953597307205,0.26261454820632935,0.007679781876504421,0.11008796095848083,0.0325031504034996,0.0,0.0,0.05525456368923187,0.07625336945056915,0.0,0.06195452809333801,0.03944540396332741,0.046621326357126236,0.08543212711811066,0.0,0.015091321431100368,0.010881965048611164,0.013006290420889854,0.002035033656284213,0.004219498485326767,0.0043321894481778145,0.10266202688217163,0.0,0.07008876651525497,0.03641878440976143,0.4454806447029114,0.0,0.022059431299567223,0.021611249074339867,0.0,0.13040222227573395,0.026896338909864426,0.09002254158258438,0.04711234197020531,0.005506501067429781,0.021243132650852203,0.06127234548330307,0.0028121781069785357,0.0025590420700609684,0.13416853547096252,0.0216512493789196,0.0,0.06341381371021271,0.011091961525380611,0.15711088478565216,0.18377229571342468,0.0067414832301437855,0.0,0.019870080053806305,0.15435203909873962,0.05703068897128105,0.6283161044120789,0.0,0.0,0.18311862647533417,0.048532772809267044,0.16095367074012756,0.1540662795305252,0.08161617070436478,0.0,0.04230818152427673,0.022906634956598282,0.17117662727832794,0.0,0.2808232605457306,0.0,0.024212123826146126,0.0412454828619957,0.16954723000526428,0.12543819844722748,0.1422196477651596,0.0,0.019306330010294914,0.01788634993135929,0.0,0.0,0.0,0.14288337528705597,0.010480174794793129,0.1755044013261795,0.0327795036137104,0.28086164593696594,0.047152452170848846,0.0,0.16358546912670135,0.03143974393606186,0.0,0.030559057369828224,0.0,0.0,0.7614716291427612,0.0,0.0,0.01629224233329296,0.0,0.0,0.0035048173740506172,0.037509746849536896,0.0,0.0,0.047970257699489594,0.0,0.0,0.0,0.01040438748896122,0.06490594893693924,0.07633955031633377,0.005628141108900309,0.0,0.0,0.0,0.0,0.0,0.0037089132238179445,0.0,0.0,0.2205582559108734,0.0,0.11706635355949402,0.01765032485127449,0.26567700505256653,0.0,0.0,0.0,0.09142974019050598,0.006069458555430174,0.004202681593596935,0.0,0.0,0.0,0.0,0.0,0.08449752628803253,0.05235784873366356,0.0010526407277211547,0.0,0.533364474773407,0.0,0.0,0.04262650012969971,0.009095614776015282,0.0,0.0028605174738913774,0.0,0.005314452573657036,0.22863641381263733,0.06299516558647156,0.0018570279935374856,0.0,0.007320052944123745,0.010140543803572655,0.0,0.0,0.04603106901049614,0.0,0.0,0.23864513635635376,0.0,0.0,0.0,0.0,0.0,0.13615839183330536,0.0,0.09513778984546661,0.016905931755900383,0.0,0.02820741944015026,0.0,0.005109149031341076,0.0009479397558607161,0.0,0.02110998146235943,0.0,0.0,0.046755947172641754,0.0,0.0,0.0,0.0,0.021673671901226044,0.0,0.0,0.0,0.0,0.0,0.04871325194835663,0.0,0.05332355201244354,0.0,0.017643781378865242,0.16745799779891968,0.010394908487796783,0.011301443912088871,0.00964061263948679,0.14323239028453827,0.0,0.001376570900902152,0.0,0.10668649524450302,0.0,0.0,0.0,0.008907990530133247,0.0,0.0,0.0,0.0,0.011546976864337921,0.03350228816270828,0.0,0.0,0.13950425386428833,0.0,0.005805769469588995,0.059542346745729446,0.012525013647973537,0.0,0.0,0.034426260739564896,0.0,0.0,0.00019016742589883506,0.0,0.026756422594189644,0.0,0.0015016442630439997,0.23834875226020813,0.0,0.0,0.08099684119224548,0.19062501192092896,0.05241093784570694,0.0,0.0,0.0,0.0,0.0,0.017966970801353455,0.0,0.015095529146492481,0.0,0.0,0.02889205701649189,0.05389225482940674,0.0,0.0,0.0,0.1683003008365631,0.006405429914593697,0.04664057865738869,0.1775842308998108,0.011477441526949406,0.0,0.0,0.0,0.013272847980260849,0.0,0.0,0.0,0.0,0.0,0.0,0.01008671522140503,0.023968704044818878,0.0,0.0,0.0,0.015296107158064842,0.039359916001558304,0.02777167409658432,0.0,0.0,0.00035295364796184003,0.17980529367923737,0.0212736614048481,0.0333646684885025,0.019105058163404465,0.0,0.008331035263836384,0.0,0.0,0.16990843415260315,0.03625832870602608,0.0,0.020741170272231102,0.0,0.0,0.37890625,0.0,0.0,0.0,0.0,0.0,0.0,0.02002108097076416,0.03458952531218529,0.0,0.003178729908540845,0.0,0.0,0.1346176266670227,0.0,0.0,0.0,0.017987944185733795,0.005616562906652689,0.061870068311691284,0.0,0.09357118606567383,0.0,0.0,0.03720787540078163,0.0,0.0,0.0,0.0023481566458940506,0.037192314863204956,0.023515190929174423,0.19128507375717163,0.006120696198195219,0.0,0.0,0.0,0.01691441796720028,0.0,0.003752567805349827,0.11006563901901245,0.04901754483580589,0.0,0.1903303861618042,0.03002217784523964,0.0,0.0,0.08545657247304916,0.2551318407058716,0.0,0.03578529134392738,0.0631331354379654,0.0,0.0,0.01622578129172325,0.0,0.0008526253513991833,0.0,0.0,0.07978533953428268,0.0,0.0743008553981781,0.0,0.13201169669628143,0.08043146133422852,0.10963506996631622,0.025922391563653946,0.0,0.0,0.0,0.0013706338359043002,0.002338273450732231,0.0,0.0040139080956578255,0.18229636549949646,0.018389737233519554,0.021054448559880257,0.0,0.0,0.0,0.0,0.0,0.04460925981402397,0.00272681238129735,0.0,0.0,0.46649014949798584,0.009540686383843422,0.014815069735050201,0.0,0.14873448014259338,0.0,0.0,0.01345246471464634,0.020465603098273277,0.015582067891955376,0.07308803498744965,0.0,0.0,0.0011901498073711991,0.0,0.0,0.0,0.022730786353349686,0.0073155853897333145,0.0,0.0,0.0,0.06430138647556305,0.013570040464401245,0.012248598039150238,0.0,0.0,0.0,0.0,0.0,0.0,0.0,0.0,0.0,0.0,0.11236166954040527,0.012937178835272789,0.0,0.0,0.0,0.0,0.03612758591771126,0.0,0.0,0.014713750220835209,0.0,0.0,0.010946979746222496,0.0,0.0,0.09786267578601837,0.008867391385138035,0.12633676826953888,0.006330742966383696,0.0,0.22949886322021484,0.002313430653885007,0.1573348492383957,0.01017045509070158,0.0,0.13337692618370056,0.00010278433910571039,0.03629418835043907,0.06361301243305206,0.0010569905862212181,0.035703394562006,0.008196868002414703,0.0,0.0,0.0,0.0,0.0,0.008268344216048717,0.0,0.05074255168437958,0.0,0.0,0.0,0.15802371501922607,0.00659569725394249,0.0,0.0,0.0,0.0268320981413126,0.08456069231033325,0.014695419929921627,0.0030346775893121958,0.06266338378190994,0.03966441750526428,0.0,0.0,0.0011032067704945803,0.039999425411224365,0.0,0.0,0.37110987305641174,0.04077441245317459,0.041274379938840866,0.0,0.017464036121964455,0.0,0.13866865634918213,9.90319240372628e-05,0.0,0.0,0.017787719145417213,0.011580459773540497,0.15749526023864746,0.11786311864852905,0.02628895826637745,0.0,0.005971549078822136,0.07798688113689423,0.0,0.0,0.0,0.04497239738702774,0.009146766737103462,0.02328571304678917,0.0,0.06985609233379364,0.0,0.24469293653964996,0.0,0.0,0.0063685644418001175,0.22148454189300537,0.06218050792813301,0.0,0.008270349353551865,0.6036033034324646,0.0,0.011617776937782764,0.0,0.028504811227321625,0.0,0.0,0.0,0.027619415894150734,0.26013487577438354,0.0,0.14532352983951569,0.0026201577857136726,0.0,0.01669405773282051,0.006050229072570801,0.0,0.003048114711418748,0.003976108971983194,0.0,0.2750813364982605,0.10370653122663498,0.0,0.0,0.0009013870148919523,0.08233411610126495,0.009068422950804234,0.43292027711868286,0.0,0.0,0.0,0.0728583112359047,0.0,0.12041281908750534,0.09452708065509796,0.05921459197998047,0.19499342143535614,0.030060164630413055,0.0037718056701123714,0.0,0.022765522822737694,0.026001719757914543,0.016246570274233818,0.0,0.0,0.19699707627296448,0.012554156593978405,0.029324235394597054,0.0,0.006479684263467789,0.0892224982380867,0.3079281449317932,0.0017187780467793345,0.03721417114138603,0.046889081597328186,0.04189710319042206,0.0024574589915573597,0.0,0.0,0.07187226414680481,0.0,0.01163529884070158,0.11955590546131134,0.04845229536294937,0.029720935970544815,0.0,0.03352416679263115,0.0,0.0,0.03511375933885574,0.06696569919586182,0.07114444673061371,0.0,0.1648366004228592,0.0,0.002341407584026456,0.0,0.006854879669845104,0.07239324599504471,0.21165458858013153,0.01085909828543663,0.11807353794574738,0.042276736348867416,0.0,0.0,0.0,0.0,0.0,0.0,0.009438053704798222,0.0,0.0,0.046794384717941284,0.1616567075252533,0.0,0.0,0.021934891119599342,0.012131137773394585,0.0,0.2100496143102646,0.0,0.0,0.05183267220854759,0.044879112392663956,0.0,0.04152972996234894,0.006503249518573284,0.2378808856010437,0.0,0.0,0.5966083407402039,0.0008530127815902233,0.0430145226418972,0.010076825506985188,0.0,0.0,0.0,0.029180169105529785,0.0173689853399992,0.0,0.1266617774963379,0.0,0.0,0.0,0.0,0.00632633687928319,0.005791332572698593,0.0,0.008008399978280067,0.0,0.0076898266561329365,0.0,0.0,0.3520832061767578,0.0,0.0,0.0,0.0,0.0,0.0,0.7221954464912415,0.06207079440355301,0.004797202534973621,0.018320998176932335,0.09046465158462524,0.0,0.012729862704873085,0.0,0.20612192153930664,0.023885294795036316,0.09285248070955276,0.009684359654784203,0.017840247601270676,0.00819510966539383,0.005455317907035351,0.1933639943599701,0.0,0.012585809454321861,0.0,0.11684723943471909,0.04553019627928734,0.09402386844158173,0.008317535743117332,0.08478879183530807,0.02570348046720028,0.0,0.4182664155960083,0.0,0.0,0.07292122393846512,0.023600563406944275,0.10183265060186386,0.0,0.0015437680995091796,0.0,0.06952042877674103,0.1527072936296463,0.0,0.17160625755786896,0.017743583768606186,0.06535749137401581,0.0,0.03531010448932648,0.38597363233566284,0.014773127622902393,0.1602599024772644,0.10327384620904922,0.1793176829814911,0.0570138543844223,0.03837387636303902,0.10836666077375412,0.1200646236538887,0.026810407638549805,0.21642659604549408,0.0,0.0,0.41276299953460693,0.003982434049248695,0.0,0.028688134625554085,0.0,0.0,0.0954911932349205,0.008169423788785934,0.0012423419393599033,0.0008734059520065784,0.0,0.0004136490751989186,0.0,0.28076404333114624,0.08474230766296387,0.0,0.0,0.016334425657987595,0.0,2.6429295758134685e-05,0.08955324441194534,0.0,0.12389393895864487,0.0,0.1496943235397339,0.0,0.01914140209555626,0.05542856082320213,0.0,0.034305885434150696,0.0,0.03546217083930969,0.16616696119308472,0.0,0.06797304004430771,0.023204928264021873,0.12239382416009903,0.0,0.09580464661121368,0.05866051837801933,0.018487319350242615,0.0,0.20227770507335663,0.0,0.0,0.0034226267598569393,0.5269840359687805,0.18446867167949677,0.0,0.009941433556377888,0.3603855073451996,0.0,0.008955373428761959,0.0,0.2655499279499054,0.0,0.04730227589607239,0.0,0.005861814133822918,0.0,0.0,0.0758557915687561,0.0,0.0,0.18122665584087372,0.023624157533049583,0.0,0.0,0.22397243976593018,0.0,0.002017493825405836,0.01717497780919075,0.013487067073583603,0.04307067021727562,0.01089286245405674,0.022457309067249298,0.1286284327507019,0.0,0.022752096876502037,0.2704368531703949,0.0,0.0,0.017657626420259476,0.07787547260522842,0.08663009852170944,0.0,0.1080569326877594,0.0,0.0,0.3589856028556824,0.014582672156393528,0.0,0.033826712518930435,0.0,0.0,0.020929088816046715,0.42121315002441406,0.0,0.0,0.3001883029937744,0.057856932282447815,0.03619993105530739,0.0751560777425766,0.0,0.06177268922328949,0.0,0.0,0.0,0.0,0.055108632892370224,0.003992293030023575,0.0,0.0,0.08489008247852325,0.09536147862672806,0.0014129435876384377,0.20466919243335724,0.006265099160373211,0.023596568033099174,0.02701125293970108,0.0,0.2100507766008377,0.00251708272844553,0.009754471480846405,0.12173864990472794,0.009364893659949303,0.0,0.12886086106300354,0.042484771460294724,0.0,0.01272027101367712,0.4459436535835266,0.08161385357379913,0.051613111048936844,0.0,0.07593771070241928,0.19471585750579834,0.03929312899708748,0.11465651541948318,0.0,0.07774443924427032,0.012353472411632538,0.0171095822006464,0.03764296695590019,0.07240009307861328,0.3323304057121277,0.0,0.4101543128490448,0.0,0.0070686908438801765,0.016254479065537453,0.25572752952575684,0.09088685363531113,0.14304561913013458,0.08470571786165237,0.0,0.02361184172332287,0.016108836978673935,0.008583595976233482,0.0,0.033393293619155884,0.03379877284169197,0.0,0.0,0.0,0.0,0.1452128142118454,0.0,0.0,0.0957583636045456,0.048096269369125366,0.2887599468231201,0.0,0.0,0.006496981251984835,0.0,0.0,0.0,0.4371742010116577,0.0,0.0,0.0,0.0,0.1410033255815506,0.0016743838787078857,0.0,0.0,0.04871334135532379,0.0011478423839434981,0.014431469142436981,0.2704235017299652,0.3149205446243286,0.0,0.004624593071639538,0.0014252502005547285,0.03630407154560089,0.0,0.0,0.0,0.0,0.03745414689183235,0.0027877462562173605,0.0,0.0,0.019399061799049377,0.008079173974692822,0.11912666261196136,0.14592400193214417,0.0,0.0015913379611447453,0.0,0.0074594044126570225,0.0,0.40481293201446533,0.02955644764006138,0.28584569692611694,0.0,0.06009001284837723,0.009256052784621716,0.0019045185763388872,0.0,0.03315865248441696,0.0,0.03647409752011299,0.013452800922095776,0.016923310235142708,0.018289988860487938,0.0,0.01048205140978098,0.0,0.06787099689245224,0.0,0.05576823279261589,0.025410277768969536,0.0,0.0,0.0,0.0,0.0,0.9375998973846436,0.18129241466522217,0.0,0.0,0.026597918942570686,2.807319106068462e-05,0.0026137912645936012,0.04688775911927223,0.09290042519569397,0.0,0.0,0.6277762055397034,0.0,0.0,0.0,0.005885902792215347,0.0,0.0,0.0,0.0024010110646486282,0.0,0.0,0.0,0.48749980330467224,0.018386809155344963,0.0,0.04927759990096092,0.0,0.01610390841960907,0.0,0.0,0.0,0.0,0.004883954767137766,0.357343852519989,0.017610976472496986,1.2079700231552124,0.0,0.006345310248434544,0.010233009234070778,0.0,0.0,0.01108444482088089,2.2788808345794678,0.006707298569381237,0.0,0.0,0.03561939671635628,0.00262753595598042,0.0,0.0,0.04732217267155647,0.0,0.0,0.5685821175575256,0.0,0.013260181061923504,0.02605573460459709,0.0,0.0,0.0,0.059679556638002396,0.2568422257900238,0.04167672246694565,0.0,0.14734937250614166,0.0,0.0,0.0,0.0,0.0,0.11277911067008972,0.021086158230900764,0.023409338667988777,0.0,0.0,0.1792498528957367,0.02919572778046131,0.016233395785093307,0.026147229596972466,0.5587521195411682,0.0,0.02910875342786312,0.18613135814666748,0.0,0.02535269781947136,0.0,0.0,0.0,0.07121115922927856,0.0,0.0,0.0,0.0,0.0,0.008620048873126507,0.0,0.1043112576007843,0.03457973524928093,1.0208652019500732,0.0,0.03893483802676201,0.0,0.013274027965962887,0.06379017233848572,0.0,0.054589156061410904,0.0,0.0,0.5379931926727295,0.0,0.014647985808551311,0.0,0.0,0.0,0.0,0.022879796102643013,0.005359015427529812,0.0,0.0,0.0,0.0,0.0,0.0,0.0,0.0,0.0,0.0007814961718395352,0.0,0.003051355481147766,0.24402256309986115,0.0,0.07557359337806702,0.0,0.0,0.0,0.01220917422324419,0.0,0.04837166145443916,0.0,0.005776605568826199,0.060811422765254974,0.004815465305000544,0.0,0.0,0.022462010383605957,0.07799094915390015,0.0,0.06969346851110458,0.014571815729141235,0.0,0.01400226354598999,0.0,0.017413103953003883,0.0,0.023029861971735954,0.0,0.0,0.0,0.02792005054652691,0.0,0.0,0.0,0.05393277108669281,0.0,0.0,0.26890867948532104,0.0882468968629837,0.0,0.0,0.0,0.0,0.03652133047580719,0.0,0.01893053762614727,0.0721324160695076,0.028949884697794914,0.0,0.030696937814354897,0.0,0.023268280550837517,0.0017509758472442627,0.0,0.0,0.0425601527094841,0.20153452455997467,0.03281354904174805,0.0,0.009299270808696747,0.2748335599899292,0.0,0.006593359634280205,0.0,0.2901841104030609,0.10549038648605347,0.05903879180550575,0.03819344565272331,0.0,0.0,1.1856579780578613,0.4271189570426941,0.08601589500904083,0.0,0.0,0.0,0.0,0.0,0.02184157446026802,0.008094116114079952,0.6236004829406738,0.009115844964981079,0.12982028722763062,0.0,0.0,0.0,0.0070822215639054775,0.05652500316500664,0.0,0.0,0.061668530106544495,0.19668491184711456,0.0,0.026801161468029022,0.38397520780563354,0.009742515161633492,0.5616527795791626,0.05825329199433327,0.004343856126070023,0.3407973051071167,0.049984827637672424,0.04693026840686798,0.0,0.38094258308410645,0.0253224465996027,0.0,0.00558360805734992,0.0,0.0,0.0,0.13793502748012543,0.0,0.00536681991070509,0.3256896734237671,0.03379620984196663,0.0,0.0,0.09976775199174881,0.0061216591857373714,0.0,2.9282271043484798e-06,0.0,0.00022555679606739432,0.0781964361667633,0.0025181006640195847,0.0,0.0,0.06819954514503479,0.007053084205836058,0.0,0.00139914033934474,0.0,0.0,0.0,0.0,0.0,0.27538004517555237,0.004074317868798971,0.0,0.009099340997636318,0.0,0.1872817575931549,0.0,0.0,0.006119569763541222,0.0,0.07743531465530396,0.004590751137584448,0.0,0.0,0.0,0.0,0.0,0.0,0.0,0.0,0.0,0.0,0.0,0.018411386758089066,0.0,0.0,0.0,0.05709681659936905,0.005784366279840469,0.02487923577427864,0.0051325224339962006,0.050284355878829956,0.0,0.03678108751773834,0.0,0.15337726473808289,0.009483974426984787,0.05030627176165581,0.10299000144004822,0.1141185536980629,0.0,0.0,0.0,0.005945364013314247,0.0020597148686647415,0.2386326938867569,0.03439623862504959,0.013251099735498428,0.0,0.03612826019525528,0.04996228218078613,0.04051606357097626,0.0,0.010486176237463951,0.0,0.0,0.08615393936634064,0.11072040349245071,0.0023545236326754093,0.005878693889826536,0.0,0.029808856546878815,0.020811745896935463,0.06932152807712555,0.02653367817401886,0.0,0.0,0.15894949436187744,0.08681846410036087,0.019328908994793892,0.0,0.0,0.008248853497207165,0.0,0.5768670439720154,0.02330215647816658,0.01417674869298935,0.0,0.16874389350414276,0.09148066490888596,0.07633419334888458,0.0030076683033257723,0.07591232657432556,0.0,0.0,0.23290009796619415,0.24251717329025269,0.0,0.09677931666374207,0.006976649630814791,0.763003408908844,0.0,0.0,0.0044120061211287975,0.012545507401227951,0.0022918665781617165,0.0,0.0,0.0,0.06819263100624084,0.0005104881711304188,0.2429533749818802,0.0,0.09157319366931915,0.0,4.137754513067193e-05,0.004612766671925783,0.10204566270112991,0.2580583393573761,0.0,0.030387315899133682,0.12123788893222809,0.0,0.04288655146956444,0.008068716153502464,0.0,0.0,0.06456994265317917,0.035541877150535583,0.008373584598302841,0.0,0.01950514130294323,0.21339398622512817,0.01615583524107933,0.0,0.0,0.03978469967842102,0.11080007255077362,0.0005830263835377991,0.004708749242126942,0.0,0.01623191125690937,0.0,0.011099470779299736,0.016351202502846718,0.16054841876029968,0.0,0.05174505338072777,0.0,0.07042071968317032,0.6671137809753418,0.05868767201900482,0.07397455722093582,0.004014809150248766,0.06449650973081589,0.033761657774448395,0.0,0.0,0.0,0.05979420244693756,0.027208874002099037,0.03880983218550682,0.0062316893599927425,0.03145916014909744,0.0026606302708387375,0.37383773922920227,0.13823598623275757,0.0,0.039363134652376175,0.01183579582720995,0.17670555412769318,0.304666668176651,0.041463445872068405,0.0294729582965374,0.6031693816184998,0.02098247781395912,0.7561787366867065,0.05804722011089325,0.0,0.0,0.0,0.09019337594509125,0.0,0.04917888715863228,0.0,0.0,0.016841860488057137,0.0,0.027764568105340004,1.2415721416473389,0.1491314172744751,0.024685746058821678,0.0,0.06172551214694977,0.0,0.051489222794771194,0.016958698630332947,0.009666557423770428,0.0,0.4331783652305603,0.04156482592225075,0.03908355161547661,0.024149365723133087,0.0,0.0,0.05633203685283661,0.0,0.10047402232885361,0.05411861091852188,0.0,0.24031905829906464,0.0,0.044290605932474136,0.0,0.005038213916122913,0.0,0.0,0.6787288784980774,0.3904472291469574,0.0,0.07553505897521973,0.1670723706483841,0.01985115371644497,0.12089548259973526,0.009055577218532562,0.021300777792930603,0.0068883635103702545,0.0011086345184594393,0.0,0.0,0.030806399881839752,0.0,0.059528037905693054,0.0,0.05247143656015396,0.11133002489805222,0.012261901050806046,0.0,0.0657154768705368,0.02408710867166519,0.025176122784614563,0.17189188301563263,0.012834596447646618,0.0,0.13778890669345856,0.0,0.010083023458719254,0.08913999795913696,0.0,0.054252319037914276,0.0,0.0,0.0,0.43321746587753296,0.0,0.059949275106191635,0.01977027952671051,0.0,0.0,0.0,0.012441469356417656,0.0,0.0,0.016023773699998856,0.023572340607643127,0.025849368423223495,0.0,0.030292604118585587,0.0,0.7385461330413818,0.13698573410511017,0.005625052377581596,0.21883746981620789,0.05603698641061783,0.0032971438486129045,0.00022951602295506746,0.0,0.019509434700012207,0.0,0.011741025373339653,0.04834568873047829,0.008301002904772758,0.003857768839225173,0.0,0.0,0.0,0.00824069231748581,0.0,0.12271963804960251,0.047125786542892456,0.0270964615046978,0.02792927995324135,0.1562519520521164,0.07268714159727097,0.036488331854343414,0.14839157462120056,0.04383382201194763,0.0,0.08853936195373535,0.0,0.002466884907335043,0.0,0.036577560007572174,0.006121926475316286,0.0,0.06301621347665787,0.23333433270454407,0.0,0.0,0.0,0.039934977889060974,0.0,0.0,0.04649118334054947,0.008655096404254436,0.0,0.08140558004379272,0.01495273970067501,0.0,0.01865198463201523,0.0,0.0,0.0013985108816996217,0.0,0.01878313720226288,0.2695082128047943,0.014727944508194923,0.44327396154403687,0.028584064915776253,0.040308523923158646,0.2293560802936554,0.0,0.027217604219913483,0.0,0.0,0.0,0.0,0.13355495035648346,0.4295884370803833,0.005938693415373564,0.012032185681164265,0.0,0.004556166939437389,0.011468369513750076,0.0,0.0,0.0,0.0,0.4412740468978882,0.0,0.003271697787567973,0.0,0.0,0.2399483472108841,0.0011781681096181273,0.0,0.0,0.0,0.22324515879154205,0.013465800322592258,0.057364705950021744,0.005954625550657511,0.0,0.010893583297729492,0.022760024294257164,0.0,0.0,0.0708475187420845,0.022923896089196205,0.024043478071689606,0.002673040609806776,0.0,0.0,0.0647013783454895,0.0,0.0304843969643116,0.0,0.0,0.01633024774491787,0.05501410365104675,0.07867270708084106,0.0015029930509626865,0.02950906567275524,0.09354805201292038,0.04713910073041916,0.0,0.04436849057674408,0.6368041038513184,0.010628875344991684,0.26495039463043213,0.08616433292627335,0.18828962743282318,0.017644725739955902,0.31343013048171997,0.0,0.0012391471536830068,0.0,0.03408065438270569,0.017046356573700905,0.010490118525922298,0.0,0.01696062460541725,0.0,0.02786422334611416,0.00676728505641222,0.07963243126869202,0.0,0.4290064573287964,0.017920121550559998,0.0332772433757782,0.0,0.0017918801167979836,0.08400021493434906,0.0062963273376226425,0.041971851140260696,0.02391914650797844,0.0,0.013508050702512264,0.03749338537454605,0.0,0.0,0.0587817057967186,0.011988415382802486,0.00537187559530139,0.0033065390307456255,0.012394752353429794,0.0018042945303022861,0.026023592799901962,0.0,0.0,0.0,0.05411636456847191,0.07104978710412979,0.7820826768875122,0.0,0.0,0.0,0.0,0.0,0.08433222025632858,0.0,0.0,0.0,0.0,0.0,0.005412589758634567,0.1509830802679062,0.0,0.00033260107738897204,0.2104659527540207,0.020429976284503937,0.23799189925193787,0.010369960218667984,0.1084192767739296,0.0,0.14350737631320953,0.0,0.0,0.000842472305521369,0.008974241092801094,0.00598081573843956,0.0,0.3565523028373718,0.0,0.0,0.12396151572465897,0.0,0.0,0.0,0.0,0.0,0.0,0.009316911920905113,0.046524256467819214,0.01196456328034401,0.0,0.0,0.015370487235486507,0.013303055427968502,0.0,0.0032341242767870426,0.15298666059970856,0.019925247877836227,0.08144648373126984,0.09436481446027756,0.0,0.03331567719578743,0.0,0.0,0.0,0.13639938831329346,0.0,0.0,0.01090597826987505,0.0,0.004697902128100395,0.0,0.0,0.033593013882637024,0.0,0.0,0.0,0.0,0.0,0.0,0.0005980038549751043,0.0,0.011254632845520973,0.6208250522613525,0.0,0.005416152533143759,0.002724499674513936,0.0,0.0,0.15755769610404968,0.0,0.10478384792804718,0.43725255131721497,0.0,0.0,0.007180498912930489,0.0,0.0,0.0,0.0,0.4135839343070984,0.0,0.0,0.0,0.0,0.0,0.4521981477737427,0.10790613293647766,0.0005585956387221813,0.0008444014238193631,0.002069790381938219,0.11679213494062424,0.33969998359680176,0.0,0.0,0.006321157794445753,0.0,0.0,0.0,0.0,0.0,0.01823493279516697,0.0,0.0,0.0,0.0,0.2799878418445587,0.0,0.02970384806394577,0.027493495494127274,0.007789298426359892,0.0,0.3291555643081665,0.11168032884597778,0.0,0.1645617038011551,0.0014296055305749178,0.000842325680423528,0.0,0.006401281338185072,0.0560256764292717,0.0,0.0,0.03827345743775368,0.0,0.03746698051691055,0.04259001091122627,0.021701445803046227,0.0,0.020252594724297523,0.002120636636391282,0.17803142964839935,0.05276843532919884,0.005879972130060196,0.037158869206905365,0.0,0.08577453345060349,0.027604546397924423,0.11435724049806595,0.051083341240882874,0.0,0.0,0.0052123162895441055,0.04591026157140732,0.00013571679301094264,0.0,0.020162397995591164,0.0,0.020149599760770798,0.0,0.0,0.0,0.0,0.0,0.004787582904100418,0.0,0.0,0.0,0.11090942472219467,0.03393767029047012,0.07467661798000336,0.012370902113616467,0.02421535551548004,0.004768216982483864,0.0,0.0,0.29733261466026306,0.0,0.07318776845932007,0.017277706414461136,0.004895369987934828,0.0,0.40942299365997314,0.00031690357718616724,0.026272093877196312,0.0
0.0,0.012614332139492035,0.32767337560653687,0.0,0.0,0.0,0.012432387098670006,0.012150940485298634,0.00012644767411984503,0.06589722633361816,0.007036485709249973,0.03539512678980827,0.017532551661133766,0.31368207931518555,0.09727611392736435,0.17045661807060242,0.013372430577874184,0.03847358748316765,0.0,0.27121442556381226,0.027450356632471085,0.0,0.03830284997820854,0.15904772281646729,0.057606980204582214,0.08857914060354233,0.0,0.0,0.0,0.0,0.46123623847961426,0.13643470406532288,0.0,0.0,0.2645704448223114,0.20552124083042145,0.0036718486808240414,0.047853946685791016,0.0,0.11758903414011002,0.3442913889884949,0.0,0.0,0.0853508859872818,0.4672008752822876,0.008471361361443996,0.030112724751234055,0.0,0.22834934294223785,0.0,0.0,0.24578529596328735,0.007959861308336258,0.15277521312236786,0.046069249510765076,0.0,0.0,0.0,0.08916912972927094,0.002803447190672159,0.0,0.4321446716785431,0.04916565492749214,0.0,0.005203819368034601,0.3438124358654022,0.10454461723566055,0.016227511689066887,0.011016526259481907,0.0,0.22300107777118683,0.023967234417796135,0.016468558460474014,0.16350029408931732,0.0,0.09468764066696167,0.4218272864818573,0.005135821178555489,0.16221797466278076,0.4305601119995117,0.0,0.061724573373794556,0.0,0.048723600804805756,0.005386376287788153,0.2840516269207001,0.034501202404499054,0.0002468276070430875,0.0,0.023444389924407005,0.01605781726539135,0.028115486726164818,0.23379911482334137,0.5600658059120178,0.002111758105456829,0.19037878513336182,0.060440246015787125,0.0,0.0,0.0,0.02472340129315853,0.0394645631313324,0.12845297157764435,0.01589285396039486,0.056515563279390335,0.0,0.01825164258480072,0.0,0.0,0.005766019690781832,0.026197098195552826,0.013269416056573391,0.0,0.16503094136714935,0.009793784469366074,0.3986247181892395,0.0,0.08895540237426758,0.0,0.1577177494764328,0.009746129624545574,0.0023032117169350386,0.2931196093559265,0.03920670598745346,0.007023064885288477,0.0008124145679175854,0.1811235100030899,0.020165707916021347,0.11847543716430664,0.0,0.13442327082157135,0.0,0.03761710599064827,0.0,0.03260290250182152,0.07599906623363495,0.004374599549919367,0.0,0.013429660350084305,0.0,0.1055254191160202,0.033671364188194275,0.0,0.0223986953496933,0.24942104518413544,0.0,0.015592548996210098,0.2696373760700226,0.007580931298434734,0.0567471981048584,0.052079860121011734,0.0,0.06596599519252777,0.06915691494941711,0.0,0.03366972133517265,0.011123042553663254,0.026576178148388863,0.09344778209924698,0.10045934468507767,0.00765172578394413,0.0020280329044908285,0.02738305553793907,0.4184180498123169,0.11241327226161957,0.0,0.27354303002357483,0.0,0.10689398646354675,0.36559823155403137,0.10555616021156311,0.031807586550712585,0.0720149502158165,0.20498210191726685,0.053191013634204865,0.04593215137720108,0.5171536207199097,0.010181783698499203,0.0,0.3288172781467438,0.0,0.00201477762311697,0.02485889382660389,0.027859391644597054,0.012000462971627712,0.3147094249725342,0.14995761215686798,0.04821936786174774,0.0765078142285347,0.2945321798324585,0.03494535759091377,0.07395636290311813,0.0011130762286484241,0.006597314029932022,0.021307919174432755,0.011346440762281418,0.03474166989326477,0.007665719836950302,0.21804699301719666,0.003659038571640849,0.13969871401786804,0.030711369588971138,0.0,0.1452370136976242,0.0,0.016391120851039886,0.04117140918970108,0.0,0.05754866078495979,0.1124565526843071,0.15128758549690247,0.0,0.16387318074703217,0.0,0.02241283468902111,0.017504479736089706,0.050116948783397675,0.02610493265092373,0.0,0.01604180410504341,0.08076770603656769,0.005791239906102419,0.16156655550003052,0.16127026081085205,0.0,0.1881258189678192,0.01337727066129446,0.012123788706958294,0.07246170192956924,0.11680765450000763,0.16520066559314728,0.0,0.20947375893592834,0.0497908778488636,0.1333858072757721,0.2916296720504761,0.014463352970778942,0.08237102627754211,0.023571353405714035,0.0009392023202963173,0.0,0.06145329400897026,0.0803217664361,0.0,0.08119645714759827,0.04718846455216408,0.03905610740184784,0.08520284295082092,0.0,0.029597152024507523,0.0017371439607813954,0.015236076898872852,0.0,0.005653302650898695,0.004993002396076918,0.07433321326971054,0.0,0.0797206237912178,0.05676942691206932,0.47690966725349426,0.0,0.020021509379148483,0.011189094744622707,0.0,0.11194440722465515,0.023251967504620552,0.0914192870259285,0.06835048645734787,0.00888527650386095,0.030123639851808548,0.10289686173200607,0.013335409574210644,0.0,0.11723122000694275,0.0536051020026207,0.0,0.034136854112148285,0.019013557583093643,0.14099688827991486,0.2351176142692566,0.0,0.0,0.01664120703935623,0.1313188225030899,0.038471292704343796,0.6711202263832092,0.0,0.0003241729864384979,0.16664062440395355,0.05150157958269119,0.15524491667747498,0.13259334862232208,0.06935927271842957,0.0,0.05503758415579796,0.016087224707007408,0.1831723004579544,0.0,0.2813374400138855,0.0,0.02011345699429512,0.03399357944726944,0.193904310464859,0.1220887079834938,0.1464022845029831,0.0,0.0046518659219145775,0.013535456731915474,0.0,0.0,0.0,0.11858756095170975,0.02135683037340641,0.2062757909297943,0.055704206228256226,0.315777987241745,0.03315804526209831,0.002180342562496662,0.17678511142730713,0.02707083150744438,0.0,0.04102058336138725,0.0,0.0,0.752065122127533,0.0,0.0,0.00817297212779522,0.0,0.0,0.006329324096441269,0.055421967059373856,0.0,0.0,0.01557967346161604,0.0,0.0,0.0,0.007332755718380213,0.0715777799487114,0.03590068221092224,0.0043640476651489735,0.0,0.0,0.0,0.0,0.0,0.0,0.0,0.0,0.17413781583309174,0.0,0.1375661939382553,0.052208367735147476,0.262099951505661,0.0,0.0,0.0,0.08940768986940384,0.006240973249077797,0.0006151580600999296,0.0,0.0,0.0,0.0015282636741176248,0.0,0.07448587566614151,0.02240139991044998,0.0,0.0,0.4937649071216583,0.0,0.0,0.056737713515758514,0.006531994324177504,0.0,0.0,0.010065389797091484,0.0016794155817478895,0.20335593819618225,0.07320093363523483,0.0,0.0,0.0009448092896491289,0.01330551877617836,0.0,0.0,0.038503989577293396,0.0,0.0,0.2528097331523895,0.0,0.0,0.0,0.0,0.0,0.14777866005897522,0.0,0.11358202248811722,0.015928125008940697,0.0,0.035351239144802094,0.0,0.008367655798792839,0.0024351985193789005,0.0,0.01625777781009674,0.0,0.0,0.06959091871976852,0.0,0.0,0.0,0.0,0.02163284458220005,0.0,0.0,0.0,0.0,0.0,0.03546379506587982,0.0,0.06912413239479065,0.0,0.011140432208776474,0.11439588665962219,0.007023829035460949,0.012914695776998997,0.0004496019973885268,0.14829988777637482,0.0,0.0,0.0,0.09439463913440704,0.0,0.0,0.0,0.0014186847256496549,0.0,0.0,0.020490001887083054,0.0,0.0025658588856458664,0.019192948937416077,0.0,0.0,0.11824917048215866,0.0,0.024347525089979172,0.043270863592624664,0.007950863800942898,0.0,0.0,0.02479943446815014,0.0,0.0,0.005496444646269083,0.0,0.029599422588944435,0.0,0.0,0.24581532180309296,0.0,0.0,0.12127739191055298,0.2197408676147461,0.049047935754060745,0.0,0.0,0.0,0.0,0.0,0.025225212797522545,0.0,0.021236073225736618,0.0,0.0,0.07944688200950623,0.02394114062190056,0.0,0.0,0.0,0.1277928203344345,0.004253747407346964,0.04250228404998779,0.22127743065357208,0.0060233473777771,0.0,0.0,0.0,0.019432546570897102,0.0,0.0,0.0,0.0,0.0,0.0,0.014209222979843616,0.029568443074822426,0.0,0.0,0.0,0.014672918245196342,0.04686100780963898,0.0,0.0,0.0,0.0033830534666776657,0.16620716452598572,0.025615505874156952,0.05937976390123367,0.0,0.0,0.0,0.0,0.0,0.15816505253314972,0.041025497019290924,0.0,0.014697825536131859,0.0,0.0,0.38970088958740234,0.0,0.0,0.0,0.0,0.0,0.0,0.02437949739396572,0.0,0.0,0.004562318325042725,0.0,0.0,0.13419674336910248,0.0,0.0,0.0,0.01043730229139328,0.0013719919370487332,0.06109320744872093,0.0,0.06914918124675751,0.0,0.0,0.03466576710343361,0.0,0.0,0.0,0.006315433885902166,0.03956443443894386,0.03981931507587433,0.20148524641990662,0.005695798434317112,0.006965961307287216,0.0,0.0,0.020441848784685135,0.0,0.004906756803393364,0.1347920000553131,0.05970713496208191,0.0,0.1933922916650772,0.051322005689144135,0.005060072056949139,0.0,0.05383385345339775,0.30883732438087463,0.0,0.022572603076696396,0.08578228950500488,0.0,0.0,0.010315987281501293,0.004130182322114706,0.0,0.0,0.011080417782068253,0.08301510661840439,0.0,0.027156533673405647,0.0,0.16065570712089539,0.08659394085407257,0.09246662259101868,0.04335423558950424,0.0,0.0,0.0,0.004149409476667643,0.003823238657787442,0.0,0.0,0.17721068859100342,0.017281390726566315,0.022417569532990456,0.0,0.001775530632585287,0.0,0.0,0.0,0.03166550025343895,0.0,0.0,0.0,0.46661168336868286,0.007835136726498604,0.016919035464525223,0.0,0.15502658486366272,0.0,0.0,0.010977400466799736,0.018561437726020813,0.028368080034852028,0.05737961828708649,0.0,0.0,0.0,0.0,0.0,0.0,0.03967253863811493,0.0041889906860888,0.0,0.004816719796508551,0.0,0.09018295258283615,0.04343302547931671,0.01871510222554207,0.0,0.0,0.0,0.0,0.0,0.001731622265651822,0.0,0.0,0.0,0.0,0.10389790683984756,0.006303444504737854,0.0,0.0,0.0,0.0,0.0,0.0,0.0,0.010324175469577312,0.0,0.0,0.007396989036351442,0.0,0.0,0.09916519373655319,0.0,0.1483871340751648,0.009234452620148659,0.0,0.21623148024082184,0.003143530571833253,0.15549913048744202,0.007564670871943235,0.0,0.10093890130519867,0.0,0.0503869391977787,0.07124286144971848,0.0,0.0509975403547287,0.004897317383438349,0.0,0.0,0.0,0.0,0.0,0.010347045958042145,0.0,0.06281259655952454,0.0,0.0,0.0,0.12375958263874054,0.0,0.0,0.0,0.0,0.01626642979681492,0.08251367509365082,0.042674221098423004,0.003011163556948304,0.050148315727710724,0.018228324130177498,0.0,0.0,0.007885012775659561,0.08018552511930466,0.010305128060281277,0.0,0.3886919915676117,0.03652568534016609,0.044750336557626724,0.0,0.04309333860874176,0.0,0.13804613053798676,0.0008888625889085233,0.0,0.0,0.0,0.025546293705701828,0.1989193558692932,0.10090219229459763,0.03431069478392601,0.0,0.011531057767570019,0.08456261456012726,0.0,0.0,0.0,0.05541689693927765,0.0009123015333898365,0.009195724502205849,0.0,0.04387432709336281,0.0,0.2281961590051651,0.0,0.0,0.0016967623960226774,0.27616584300994873,0.048370614647865295,0.0,0.0,0.5780283212661743,0.0,0.012292793020606041,0.0,0.007777555380016565,0.0,0.0,0.0,0.013483906164765358,0.22894391417503357,0.0,0.14726334810256958,0.0,0.0,0.013887482695281506,0.0016459214966744184,0.0,0.00758326193317771,0.005319816991686821,0.0,0.27031615376472473,0.09159240871667862,0.0,0.0,0.0004275631799828261,0.05173247680068016,0.0,0.4340045154094696,0.0,0.0,0.0,0.035296350717544556,0.0,0.09156797081232071,0.07969885319471359,0.06961734592914581,0.17269107699394226,0.016386238858103752,0.0037258530501276255,0.009504393674433231,0.03160689026117325,0.03551406413316727,0.009244718588888645,0.0,0.0,0.17969834804534912,0.015386004000902176,0.03704036772251129,0.0,0.016376253217458725,0.06896249949932098,0.2409949153661728,0.0007882594945840538,0.030029678717255592,0.033110637217760086,0.037984102964401245,0.0029987513553351164,0.0,0.0,0.0755750834941864,0.0,0.012010165490210056,0.14639818668365479,0.050844721496105194,0.03530878946185112,0.0,0.02189568430185318,0.0,0.0,0.0350898876786232,0.03541794791817665,0.062303971499204636,0.0,0.17327362298965454,0.0,0.010408713482320309,0.0,0.014489758759737015,0.05285030975937843,0.2546219229698181,0.01446876022964716,0.10723747313022614,0.04212500527501106,0.0,0.0,0.0,0.0,0.0,0.0,0.004122272599488497,0.0,0.0,0.043874192982912064,0.16555798053741455,0.0,0.0072296056896448135,0.03195706754922867,0.018419016152620316,0.0,0.20234403014183044,0.0,0.0,0.03104184940457344,0.037306588143110275,0.0,0.043419770896434784,2.0551085981423967e-05,0.20869018137454987,0.0,0.0,0.5609686374664307,0.0,0.024854984134435654,0.00420735590159893,0.0,0.0,0.0,0.01623908057808876,0.027259742841124535,0.0,0.14736023545265198,0.0,0.0,0.0,0.0,0.0031095456797629595,0.008656592108309269,0.0,0.019839901477098465,0.0,0.012394707649946213,0.0,0.0,0.3692266047000885,0.0,0.0,0.0,0.0,0.0,0.0,0.6542482972145081,0.059656523168087006,0.005156711209565401,0.017935186624526978,0.0871468037366867,0.0,0.006831771228462458,0.0,0.16530922055244446,0.006393408868461847,0.07396505028009415,0.01519982609897852,0.01751050166785717,3.3445656299591064e-05,0.003730599768459797,0.15830379724502563,0.0,0.01000711414963007,0.0,0.13128124177455902,0.04147599637508392,0.0731532871723175,0.013511194847524166,0.08345995843410492,0.035258062183856964,0.0,0.4561953842639923,0.0,0.0,0.060377057641744614,0.015988295897841454,0.0793268084526062,0.0,0.012192588299512863,0.0,0.06910152733325958,0.14116360247135162,0.0,0.13247695565223694,0.025754833593964577,0.08160486072301865,0.0,0.04655071720480919,0.34994563460350037,0.0,0.20182351768016815,0.07931092381477356,0.17816078662872314,0.046768609434366226,0.0224468894302845,0.12479805201292038,0.1402764469385147,0.03533518686890602,0.2069917619228363,0.0,0.0,0.37378573417663574,0.014093313366174698,0.0,0.032369546592235565,0.0,0.0,0.12661176919937134,0.01105485949665308,0.0012800490949302912,0.005915778689086437,0.0,0.0,0.0,0.27028724551200867,0.06775511801242828,0.0,0.0,0.027102770283818245,0.0,0.002183744916692376,0.08317986130714417,0.0,0.0875692367553711,0.0,0.18578052520751953,0.0,0.026228375732898712,0.048249054700136185,0.0,0.04547886922955513,0.0,0.03257759287953377,0.13145431876182556,0.0,0.07246528565883636,0.01795077510178089,0.09947697818279266,0.0,0.09694099426269531,0.05398117005825043,0.023154377937316895,0.0,0.23239801824092865,0.0,0.0,0.002304629422724247,0.5480008125305176,0.20150485634803772,0.0,0.01597723923623562,0.3773822784423828,0.0,0.001564315869472921,0.0,0.26179590821266174,0.0,0.04327137768268585,0.0,0.0,0.0,0.0,0.09053553640842438,0.0,0.0,0.187907874584198,0.04522836208343506,0.0,0.0,0.28637486696243286,0.0,0.002888329094275832,0.01968182623386383,0.022297339513897896,0.0412849523127079,0.02063882164657116,0.01758459396660328,0.11091548204421997,0.0,0.004002208821475506,0.3148393929004669,0.0,0.0,0.016871433705091476,0.08375590294599533,0.08688106387853622,0.0,0.08876452594995499,0.0,0.0,0.34244126081466675,0.00844983197748661,0.0,0.02775711379945278,0.0,0.0,0.02376745641231537,0.4268040955066681,0.0,0.0,0.2528603672981262,0.06167786195874214,0.0,0.06883390992879868,0.0,0.055334530770778656,0.050144605338573456,0.0,0.0,0.0,0.05445322021842003,0.0010928893461823463,0.0,0.007665725890547037,0.05014697089791298,0.08666637539863586,0.003775006625801325,0.2207750678062439,0.0,0.023414740338921547,0.002223710995167494,0.0,0.16405843198299408,0.0,0.008885221555829048,0.12037580460309982,0.0,0.0,0.13946481049060822,0.025689033791422844,0.0,0.01967330276966095,0.48025280237197876,0.07330895215272903,0.062170810997486115,0.0,0.0608009472489357,0.20963245630264282,0.040300626307725906,0.08178749680519104,0.0,0.056286316365003586,0.0034836602862924337,0.032707635313272476,0.0258607380092144,0.06230001151561737,0.4003101587295532,0.0037561773788183928,0.4353260397911072,0.0,0.01245955191552639,0.025506053119897842,0.28889644145965576,0.0992882177233696,0.14840024709701538,0.0980730801820755,0.0,0.017793884500861168,0.012112641707062721,0.011698608286678791,0.0,0.021660346537828445,0.043987177312374115,0.0,0.0,0.0,0.0,0.13776034116744995,0.0,0.0,0.08010105788707733,0.055220410227775574,0.2516596019268036,0.0,0.0,0.0,0.0,0.0,0.0,0.44405922293663025,0.0,0.0,0.0,0.0,0.21365417540073395,0.0,0.0,0.0,0.04279252514243126,0.003648834303021431,0.01665106788277626,0.25194987654685974,0.3035895526409149,0.0,0.007462197449058294,0.0006978493765927851,0.03272247686982155,0.0,0.0,0.0,0.0,0.05296563729643822,0.0,0.0,0.0,0.011727278120815754,0.0030678892508149147,0.15199673175811768,0.11369331181049347,0.0,0.0,0.0,0.009894357062876225,0.0,0.4086321294307709,0.01366252638399601,0.27870050072669983,0.0,0.0663079023361206,0.003456292673945427,0.0,0.0,0.04185623675584793,0.0,0.03108600527048111,0.0,0.02208225429058075,0.01795342192053795,0.0,0.006872417870908976,0.0,0.06628348678350449,0.0,0.03375937417149544,0.03753753378987312,0.0,0.0,0.0,0.0,0.0,0.9590250253677368,0.1743333488702774,0.0,0.0,0.027274608612060547,0.0,0.0026641511358320713,0.03223632648587227,0.07994940876960754,0.0,0.0,0.6214196085929871,0.0,0.0,0.0,0.0036324430257081985,0.0,0.0,0.0,0.0,0.0,0.0,0.0,0.4830266237258911,0.028092525899410248,0.0,0.02935597114264965,0.0,0.0,0.0014564130688086152,0.0,0.001183076179586351,0.0,0.013072523288428783,0.29481208324432373,0.01587364822626114,1.2749427556991577,0.0,0.00565890921279788,0.005446112249046564,0.0,0.0,0.01348003651946783,2.3046882152557373,0.017747191712260246,0.0,0.0,0.029573306441307068,0.002068575704470277,0.0,0.0,0.0454375185072422,0.0024111962411552668,0.0,0.5429815053939819,0.0,0.011442196555435658,0.03833869472146034,0.0,0.0,0.0,0.07080225646495819,0.2433554083108902,0.023146294057369232,0.0,0.18979564309120178,0.0,0.0,0.0,0.0,0.0,0.12997318804264069,0.008617918938398361,0.024739162996411324,0.003076189197599888,0.0,0.18781335651874542,0.017675109207630157,0.020494479686021805,0.057566553354263306,0.5593962669372559,0.0,0.013043136335909367,0.19440162181854248,0.0,0.021641230210661888,0.0,0.0,0.0,0.0733693391084671,0.0,0.0,0.003133519785478711,0.0,0.0,0.017258185893297195,0.0,0.11630645394325256,0.028850220143795013,1.0228976011276245,0.0,0.04791723191738129,0.0,0.0025997853372246027,0.03287205845117569,0.0,0.03851296380162239,0.0,0.0,0.5947654247283936,0.0,0.02772507816553116,0.0,0.0,0.0,0.0,0.019880304113030434,0.010877225548028946,0.0,0.0,0.0,0.0,0.0,0.0,0.0,0.0,0.0,0.0,0.0,0.003316132351756096,0.19790896773338318,0.0,0.0967559814453125,0.0,0.0,0.0,0.01775919832289219,0.0,0.05245030298829079,0.0,0.0027229285333305597,0.05913538113236427,0.008585559204220772,0.0,0.0,0.03689718618988991,0.1312352418899536,0.0,0.05340605229139328,0.01631195843219757,0.0,0.015415167436003685,0.0,0.02237585559487343,0.0,0.023309024050831795,0.0,0.0,0.0,0.030502377077937126,0.0,0.0,0.0,0.056201983243227005,0.0,0.0,0.3313349783420563,0.0890246033668518,0.0,0.0006952476687729359,0.0,0.0027748080901801586,0.034222185611724854,0.0,0.012230660766363144,0.06679444760084152,0.026281652972102165,0.0,0.025922482833266258,0.0,0.06580346077680588,0.005223339889198542,0.0,0.0,0.05442016199231148,0.20242641866207123,0.03281386196613312,0.0,0.0,0.19206048548221588,0.003738639410585165,0.0,0.0,0.26638680696487427,0.08458729833364487,0.0718437135219574,0.023747937753796577,0.005127451382577419,0.0,1.091346263885498,0.47880133986473083,0.09639763832092285,0.0,0.0,0.0,0.0,0.0,0.007434458006173372,0.0012991571566089988,0.6201323866844177,0.015464314259588718,0.14224500954151154,0.0,0.0,0.0,0.01002782303839922,0.040410690009593964,0.0,0.0,0.06395712494850159,0.17477507889270782,0.0,0.023181607946753502,0.3845881521701813,0.011487418785691261,0.48968738317489624,0.05886972323060036,0.0067276787012815475,0.3534170389175415,0.06354263424873352,0.0523655079305172,0.0,0.38433194160461426,0.020044464617967606,0.0,0.0,0.0,0.0,0.0,0.09941461682319641,0.0,0.0018066182965412736,0.30266958475112915,0.0218006893992424,0.0,0.0,0.06890857219696045,0.014128741808235645,0.0019405377097427845,0.011793455109000206,0.0,0.0,0.12061068415641785,0.0028035498689860106,0.0,0.0,0.1058545708656311,0.012078612111508846,0.0,0.008493845351040363,0.0,0.005672740750014782,0.0,0.0,0.014115947298705578,0.24161840975284576,0.008913139812648296,0.0,0.015185803174972534,0.0,0.1397765874862671,0.0,0.0,0.0,0.0,0.06551208347082138,0.014126691967248917,0.0,0.0,0.0,0.0,0.0,0.0,0.0,0.002195363864302635,0.0,0.0,0.0,0.015889504924416542,0.0,0.0009759020758792758,0.0,0.05422602593898773,0.013186376541852951,0.028673779219388962,0.008941523730754852,0.03980790451169014,0.0,0.025897927582263947,0.0,0.14806398749351501,0.01261141337454319,0.027892429381608963,0.10189448297023773,0.10223414748907089,0.0,0.0,0.0,0.003112601116299629,0.00397539371624589,0.22697028517723083,0.03346703574061394,0.011392924934625626,0.0,0.030712295323610306,0.05304181948304176,0.03400297462940216,0.0,0.013926852494478226,0.0,0.0,0.07145874202251434,0.11262038350105286,0.0013846405781805515,0.002697800286114216,0.0,0.04575233906507492,0.01635744422674179,0.07110227644443512,0.051794957369565964,0.0,0.0,0.1280461698770523,0.12189778685569763,0.006881265435367823,0.0,0.0,0.013546581380069256,0.0,0.6030532121658325,0.009651809930801392,0.01140875555574894,0.0,0.1792571246623993,0.08024228364229202,0.0695062130689621,0.0,0.08637379854917526,0.0,0.0,0.2628764808177948,0.20496395230293274,0.0,0.0718887448310852,0.0,0.7641044855117798,0.0,0.002488170750439167,0.0,0.011460985988378525,0.006358361802995205,0.005219764541834593,0.0,0.0,0.05970468372106552,0.00727458018809557,0.21174417436122894,0.0,0.07082539796829224,0.0,0.0013708615442737937,0.013464443385601044,0.13493983447551727,0.22524911165237427,0.0,0.018018221482634544,0.1286666989326477,0.0,0.043587826192379,0.011865206062793732,0.0,0.0,0.09639958292245865,0.03593893349170685,0.0032594536896795034,0.0,0.027501078322529793,0.21474632620811462,0.018898621201515198,0.0,0.003957263194024563,0.027882585301995277,0.08820752054452896,0.009233690798282623,7.636308873770759e-05,0.0,0.014792507514357567,0.0,0.0046077631413936615,0.011324992403388023,0.12336673587560654,0.0,0.05934736877679825,0.0,0.08122440427541733,0.6474020481109619,0.07175898551940918,0.07206008583307266,0.006063139531761408,0.08979634195566177,0.020537056028842926,0.0,0.0,0.0,0.047683730721473694,0.02110922522842884,0.039564717561006546,0.011026020161807537,0.024391986429691315,0.004435962066054344,0.3800937533378601,0.12995991110801697,0.0,0.043565284460783005,0.0,0.19983600080013275,0.2874576449394226,0.04063119739294052,0.03393827751278877,0.6203758716583252,0.03100643679499626,0.7922433614730835,0.07636265456676483,0.0,0.0,0.0,0.07605178654193878,0.0,0.061955489218235016,0.0,0.0,0.022733354941010475,0.0,0.02446565590798855,1.2875906229019165,0.16035598516464233,0.01868920959532261,0.0,0.051231008023023605,0.0,0.05339926853775978,0.03185291588306427,0.0031416057609021664,0.0,0.4324154555797577,0.04501984640955925,0.032785266637802124,0.0359942726790905,0.0,0.0,0.05442439392209053,0.0,0.11878715455532074,0.06776377558708191,0.0,0.2336341142654419,0.0,0.04769657924771309,0.0,0.0003929495869670063,0.0,0.0,0.6898761987686157,0.3851794898509979,0.0,0.0611778162419796,0.1868085116147995,0.03834445774555206,0.1457914412021637,0.011469176970422268,0.029194653034210205,0.011375149711966515,0.010038997046649456,0.0,0.0,0.025225844234228134,0.0,0.08672714978456497,0.0,0.06297261267900467,0.1403656154870987,0.01817595399916172,0.0,0.06279587000608444,0.027263496071100235,0.03554322570562363,0.21231761574745178,0.010629148222506046,0.0,0.1131632924079895,0.0,0.015786977484822273,0.07992488890886307,0.0,0.05511855706572533,0.004771403037011623,0.0,0.0,0.405892014503479,0.0,0.039512958377599716,0.01621408760547638,0.0,0.0,0.0,0.017663076519966125,0.0,0.0,0.012080344371497631,0.012852433137595654,0.019527407363057137,0.0,0.032616376876831055,0.0,0.7711595296859741,0.1509242206811905,0.0,0.2276206612586975,0.06175638362765312,0.0021064896136522293,0.0037869929801672697,0.0,0.024556098505854607,0.0,0.017713947221636772,0.06971368193626404,0.013163468800485134,0.01631765067577362,0.0,0.002796622458845377,0.0,0.013680806383490562,0.0,0.08222930878400803,0.049584709107875824,0.027217915281653404,0.027777409180998802,0.12266495078802109,0.07095297425985336,0.025644471868872643,0.12605762481689453,0.041336268186569214,0.0,0.0944073274731636,0.0,0.00510080112144351,0.0,0.024889769032597542,0.013164847157895565,0.0,0.07152161747217178,0.2467649281024933,0.0,0.0,0.0,0.048763956874608994,0.0,0.0,0.07280461490154266,0.00899102445691824,0.0,0.06342211365699768,0.02183893509209156,0.004745345562696457,0.022019408643245697,0.0,0.0,0.0021047615446150303,0.0,0.035063840448856354,0.2511802315711975,0.01228366419672966,0.45780181884765625,0.027153408154845238,0.021323248744010925,0.1767091304063797,0.0,0.014614008367061615,0.0,0.0,0.0,4.974901821697131e-05,0.15841273963451385,0.43758514523506165,0.003715609200298786,0.011121107265353203,0.0,0.0,0.011213592253625393,0.0,0.005967745557427406,0.0,0.0,0.45885375142097473,0.0,0.0,0.0,0.0,0.18345029652118683,0.006300140172243118,0.0,0.0,0.0,0.22980710864067078,0.008200827054679394,0.04661400616168976,0.002906298730522394,0.0,0.006287361495196819,0.025493519380688667,0.0,0.0,0.06121136248111725,0.025695910677313805,0.02245594561100006,0.022080840542912483,0.0,0.0,0.04644997417926788,0.0,0.02003512904047966,0.0,0.0,0.02578510344028473,0.06632702052593231,0.08628223091363907,0.0,0.027190668508410454,0.06252378225326538,0.056717466562986374,0.0,0.039953041821718216,0.5912391543388367,0.00954416673630476,0.2737540900707245,0.03745723515748978,0.16106218099594116,0.031792882829904556,0.3242209553718567,0.0,0.00932147167623043,0.0,0.04063338786363602,0.008750910870730877,0.019780879840254784,0.0,0.02312958799302578,0.0,0.0412946455180645,0.0044175744988024235,0.07391519844532013,0.005177201237529516,0.3974202871322632,0.016465013846755028,0.05520277097821236,0.0,0.0,0.0601927787065506,0.0017978549003601074,0.02969508245587349,0.01525767333805561,0.0,0.007383731659501791,0.028181785717606544,0.0,0.0019403982441872358,0.062195781618356705,0.011207649484276772,0.002616896526888013,0.006148789077997208,0.011803729459643364,0.0143787432461977,0.03017500415444374,0.0,0.0,0.0,0.040741704404354095,0.08711706846952438,0.7869986891746521,0.0,0.0,0.0,0.0,0.0011042219121009111,0.08840418606996536,0.0,0.0,0.0,0.0,0.0,0.002054336480796337,0.15587690472602844,0.0,0.004954376257956028,0.15939462184906006,0.013209552504122257,0.26612332463264465,0.019357075914740562,0.06413712352514267,0.0,0.1452285796403885,0.0,0.0,0.0009787619346752763,0.008660942316055298,0.014701786451041698,0.0,0.30812638998031616,0.0,0.0,0.13279983401298523,0.0,0.0,0.0,0.0,0.014981796965003014,0.0,0.014184493571519852,0.04438801854848862,0.009403779171407223,0.0,0.0,0.002546079456806183,0.016372669488191605,0.0,0.002264914568513632,0.15185658633708954,0.017538592219352722,0.09245046973228455,0.08056792616844177,0.0,0.04654441028833389,0.0,0.0,0.0,0.17260928452014923,0.0,0.0,0.07273514568805695,0.0,0.0015895748510956764,0.0,0.0,0.07301142811775208,0.00224530347622931,0.0,0.0,0.0,0.0,0.0,0.007759130094200373,0.0,0.018870249390602112,0.571631669998169,0.0,0.009956040419638157,0.00032119156094267964,0.0,0.0,0.20909246802330017,0.0,0.09799090027809143,0.36452335119247437,0.0,0.0,0.0,0.0,0.0,0.0,0.0,0.4650574028491974,0.0,0.0,0.0,0.0,0.0,0.3983005881309509,0.08619625121355057,0.020303301513195038,0.0,0.005870542488992214,0.08615316450595856,0.3647651672363281,0.0,0.0,0.01541643775999546,0.0,0.0,0.0,0.0,0.0,0.009038124233484268,0.0,0.0,0.0,0.0,0.30690014362335205,0.0,0.040303684771060944,0.03423161804676056,0.009759094566106796,0.0,0.30108973383903503,0.13231810927391052,0.0,0.1336190104484558,0.0,0.0077127921395003796,0.0,0.003840048797428608,0.03829050436615944,0.0,0.0,0.03695785626769066,0.0,0.046277981251478195,0.0266779325902462,0.01580682583153248,0.0,0.007815325632691383,0.002294758567586541,0.1470281183719635,0.029844464734196663,0.007500693667680025,0.04096108302474022,0.0,0.06217530742287636,0.03516177833080292,0.10113129019737244,0.03957432135939598,0.0,0.0,0.007692525163292885,0.0458795465528965,0.0,0.0,0.021097421646118164,0.0,0.010089145042002201,0.0,0.0,0.0,0.0,0.003026059828698635,0.0004591643810272217,0.0,0.0,0.0,0.11917059123516083,0.04420744255185127,0.04976903274655342,0.012957083061337471,0.015702029690146446,0.0,0.0,0.0,0.39081940054893494,0.0,0.059590309858322144,0.021980121731758118,0.01042914018034935,0.0005070364568382502,0.3541892170906067,0.004745893646031618,0.04147243872284889,0.0
0.0,0.00402027228847146,0.3816918432712555,0.0048139141872525215,0.0,0.0,0.007581512909382582,0.021275384351611137,0.0,0.09492386132478714,0.00475482689216733,0.0689595639705658,0.032191962003707886,0.2651958167552948,0.08162276446819305,0.16218248009681702,0.0073755537159740925,0.0338498055934906,0.0,0.24914509057998657,0.055173758417367935,0.0,0.016587724909186363,0.19181667268276215,0.05731803551316261,0.11547806113958359,0.0,0.0,0.0,0.0003907120262738317,0.431824266910553,0.0932784453034401,0.007682590279728174,0.007916315458714962,0.21168860793113708,0.20217590034008026,0.008133044466376305,0.025058258324861526,0.0,0.10346447676420212,0.2621983289718628,0.0,0.0010267782490700483,0.07141264528036118,0.5022516250610352,0.021010873839259148,0.04518379271030426,0.0,0.2223113775253296,0.0,0.0,0.16808456182479858,0.0,0.1416233777999878,0.017034582793712616,0.0,0.0,0.0,0.10589004307985306,0.009103820659220219,0.0,0.3860352635383606,0.06971552968025208,0.0,0.006591660901904106,0.36785876750946045,0.14120502769947052,0.015401170589029789,0.02885638177394867,0.003025736892595887,0.2661145031452179,0.0,0.008284249342978,0.14879712462425232,0.01173039898276329,0.09115555137395859,0.40658244490623474,0.0008326204842887819,0.17695735394954681,0.3783699870109558,0.0,0.06625176966190338,0.0,0.0925484448671341,0.02092082053422928,0.3176322877407074,0.055478788912296295,0.0,0.0,0.040651846677064896,0.024212047457695007,0.014152536168694496,0.22234080731868744,0.494470477104187,0.0026697509456425905,0.1157720535993576,0.03821583837270737,0.0,0.0,0.0,0.020848749205470085,0.03842771053314209,0.15954908728599548,0.017305919900536537,0.09070203453302383,0.002705755177885294,0.013983853161334991,0.0,0.006508321966975927,0.002980930730700493,0.021008528769016266,0.04261760786175728,0.00490165688097477,0.11233707517385483,0.0,0.4181647002696991,0.0,0.07865817844867706,0.0,0.16309253871440887,0.014305596239864826,0.0072862314991652966,0.33475375175476074,0.05121640861034393,0.008436874486505985,0.0033631706610322,0.1777963489294052,0.027929499745368958,0.10914349555969238,0.0,0.09643605351448059,0.0,0.04120058938860893,0.0010639858664944768,0.07373304665088654,0.07330598682165146,0.011956103146076202,0.0,0.0060445093549788,0.0034222614485770464,0.1183587834239006,0.048573676496744156,0.0,0.041132088750600815,0.2254510521888733,0.0,0.002503759926185012,0.26983311772346497,0.02272101864218712,0.054987832903862,0.03997776657342911,0.0,0.051889970898628235,0.07188523560762405,0.0,0.02625643089413643,0.012546057812869549,0.03725431114435196,0.1293417513370514,0.09194622933864594,0.003706923918798566,0.008351502008736134,0.02425200492143631,0.3982512354850769,0.07212258875370026,0.0,0.2660963535308838,0.011803300119936466,0.12173673510551453,0.4052194654941559,0.11832253634929657,0.033322904258966446,0.07551638782024384,0.2189444750547409,0.037990812212228775,0.05604169890284538,0.5263677835464478,0.00908694975078106,0.0,0.3422635793685913,0.0,0.005082633346319199,0.03223956748843193,0.026065483689308167,0.022613447159528732,0.3005121648311615,0.1767367571592331,0.06989405304193497,0.07346954196691513,0.2503396272659302,0.04732925444841385,0.10065661370754242,0.0,0.0,0.020793301984667778,0.02887907437980175,0.024017196148633957,0.007294201757758856,0.3547217547893524,0.0,0.13005772233009338,0.033785607665777206,0.001227045082487166,0.130945086479187,0.009314751252532005,0.01030695904046297,0.050719499588012695,0.026146607473492622,0.06226307898759842,0.08510532230138779,0.15236471593379974,0.0006815051892772317,0.1882266253232956,0.0,0.0026516008656471968,0.017061475664377213,0.04762415587902069,0.03496938198804855,0.0,0.02029084600508213,0.05966490879654884,0.026732036843895912,0.15763087570667267,0.1411341428756714,0.0,0.18257610499858856,0.0045738364569842815,0.006013051141053438,0.10778670012950897,0.13609299063682556,0.12161710113286972,0.002187318867072463,0.21202352643013,0.07734793424606323,0.14344929158687592,0.25875312089920044,0.03489379957318306,0.08197366446256638,0.04861501604318619,0.0009377103997394443,0.0,0.05716060474514961,0.03687390685081482,0.0,0.08020723611116409,0.0559559166431427,0.05183329060673714,0.03884954750537872,0.00040236234781332314,0.019586270675063133,0.030423250049352646,6.581902562174946e-05,0.00266142375767231,0.005438470747321844,0.0,0.08283741772174835,0.0,0.06798121333122253,0.042822953313589096,0.4049266576766968,0.0,0.008472435176372528,0.029396874830126762,0.0,0.12477614730596542,0.040948785841464996,0.08135215938091278,0.05126278102397919,0.005419793073087931,0.042844533920288086,0.07897093892097473,0.01370086707174778,0.005206923466175795,0.12316658347845078,0.06014670431613922,0.0,0.0704139992594719,0.02169663831591606,0.11159181594848633,0.23149387538433075,0.01388157345354557,0.0,0.019923605024814606,0.16851867735385895,0.023804793134331703,0.5805701613426208,0.0,0.0,0.18995729088783264,0.04844316467642784,0.1941060572862625,0.04980980232357979,0.06398095935583115,0.0,0.066414013504982,0.026344504207372665,0.1740715056657791,0.0,0.2966661751270294,0.0,0.016998181119561195,0.022589275613427162,0.18361607193946838,0.1433824896812439,0.14018411934375763,0.003224711399525404,0.0,0.022890591993927956,0.0,0.0,0.0,0.11972882598638535,0.025950556620955467,0.18607649207115173,0.06235460191965103,0.36798447370529175,0.04351116716861725,0.011073644272983074,0.15612052381038666,0.03704464063048363,0.0,0.04455053433775902,0.0,0.0,0.7013017535209656,0.0,0.0,0.014183814637362957,0.0,0.0006213778397068381,0.0,0.05216802656650543,0.0,0.0,0.0,0.0,0.0,0.0,0.00876670703291893,0.07835891097784042,0.06348460167646408,0.0,0.0,0.0,0.0,0.0,0.0,0.0,0.010357771068811417,0.0,0.19616708159446716,0.006254727952182293,0.07582065463066101,0.05028722435235977,0.34045273065567017,0.0,0.0,0.0,0.07719802111387253,0.004861578810960054,0.004422870930284262,0.0,0.0,0.0,0.0,0.0,0.08984388411045074,0.04624539241194725,0.0009855341631919146,0.0,0.5033110976219177,0.0,0.0,0.046986714005470276,0.007071016356348991,0.0,0.002956674201413989,0.0020552324131131172,0.0,0.12504348158836365,0.0901758000254631,0.0,0.0,0.0,0.009213603101670742,0.0,0.0,0.04203569516539574,0.0,0.0,0.20136050879955292,0.0,0.0,0.0,0.0,0.0,0.11885194480419159,0.0,0.09410803020000458,0.027912480756640434,0.005446525756269693,0.014830810949206352,0.0,0.0,0.010247385129332542,0.0,0.016107900068163872,0.0,0.0,0.07083161175251007,0.0,0.0,0.0,0.0,0.014319855719804764,0.0,0.0,0.0,0.0,0.0,0.01856963336467743,0.0,0.0824594497680664,0.0,0.0007607007282786071,0.1312694549560547,0.0022095812018960714,0.005191472824662924,0.0014311640989035368,0.11410190910100937,0.0,0.002706230850890279,0.0,0.09149700403213501,0.0,0.0,0.0,0.012347252108156681,0.0,0.0,0.0,0.0,0.012205701321363449,0.049493905156850815,0.0,0.0,0.06498122960329056,0.0,0.013673988170921803,0.04639757052063942,0.008537025190889835,0.0,0.0,0.03745737671852112,0.0,0.0052375937812030315,0.0,0.0,0.022089047357439995,0.0,0.0,0.23005902767181396,0.0,0.0,0.10070228576660156,0.2692906856536865,0.05537579581141472,0.0,0.0,0.011046450585126877,0.0,0.0,0.03820347785949707,0.0,0.014907878823578358,0.0,0.0,0.03192828968167305,0.035223692655563354,0.0,0.0,0.0,0.1326964795589447,0.0029153001960366964,0.035105008631944656,0.16091741621494293,0.009626191109418869,0.0,0.0,0.0,0.006140938960015774,0.0,0.0,0.0,0.0,0.0,0.0,0.024563413113355637,0.052693720906972885,0.0,0.0,0.0,0.01876084879040718,0.03561076521873474,0.014676231890916824,0.0,0.0,0.0,0.1568729728460312,0.024423783645033836,0.046690259128808975,0.0029955697245895863,0.0,0.016419667750597,0.0,0.0030228253453969955,0.15130522847175598,0.02809958904981613,0.0,0.012889082543551922,0.0,0.0,0.41715681552886963,0.0,0.0,0.0,0.0,0.0,0.0,0.02499108389019966,0.0057394360192120075,0.0,0.0159157607704401,0.0,0.0,0.14229704439640045,0.0,0.0,0.0,0.023900600150227547,0.005240471567958593,0.09814831614494324,0.0,0.09476490318775177,0.0,0.0,0.022340646013617516,0.0,0.0,0.0,0.0,0.07486703246831894,0.01038211490958929,0.236300989985466,0.00649914750829339,0.0,0.0,0.0,0.03685379773378372,0.0,0.0,0.10254273563623428,0.06073598936200142,0.0,0.21524910628795624,0.05126885324716568,0.0,0.0,0.07147560268640518,0.28616347908973694,0.0,0.032491765916347504,0.07892642170190811,0.0,0.0,0.012341402471065521,0.0009128070087172091,0.0,0.0,0.011470997706055641,0.08417438715696335,0.0,0.06700777262449265,0.0,0.16510361433029175,0.044470835477113724,0.08593127131462097,0.032101262360811234,0.0,0.0,0.0,0.0006445193430408835,0.0005087697645649314,0.0,0.01250641793012619,0.1714838147163391,0.0039188675582408905,0.016232645139098167,0.0,0.0,0.0,0.0,0.0,0.02674221806228161,0.006872823461890221,0.0,0.0,0.44129613041877747,0.009187545627355576,0.019690103828907013,0.0,0.12124992161989212,0.0,0.0,0.002420698991045356,0.01859458163380623,0.028670215979218483,0.0615072101354599,0.0,0.0,0.006739282514899969,0.0,0.0,0.0010607385775074363,0.007525065913796425,0.002182952594012022,0.0,0.0026618586853146553,0.0,0.03287748992443085,0.0376436747610569,0.00786785501986742,0.0,0.0,0.0,0.0,0.0,0.0008783435914665461,0.0,0.0,0.0,0.0,0.09883323311805725,0.00911999586969614,0.0,0.0,0.0,0.0,0.03736463189125061,0.0,0.0,0.015869081020355225,0.0,0.0,0.013291262090206146,0.0,0.0,0.10010907799005508,0.022667551413178444,0.12198825180530548,0.008163485676050186,0.0,0.23614837229251862,0.011352282017469406,0.11059150099754333,0.016791759058833122,0.014358439482748508,0.11257681250572205,0.0,0.051400069147348404,0.06497003883123398,0.0,0.03258335217833519,0.0,0.0,0.0,0.0,0.0,0.0,0.0024006294552236795,0.0,0.05798065662384033,0.0,0.0,0.0,0.055868569761514664,0.009311707690358162,0.0,0.0,0.0,0.004837034735828638,0.10245853662490845,0.023602833971381187,0.005859628785401583,0.061466384679079056,0.02174471691250801,0.0,0.0,0.013281089253723621,0.05067687854170799,0.0,0.0,0.3762991726398468,0.0595710314810276,0.011153743602335453,0.0,0.0403214655816555,0.0,0.128788560628891,0.009025936014950275,0.0,0.0,0.0,0.011445779353380203,0.2031623125076294,0.10865459591150284,0.030890410766005516,0.0,0.014230843633413315,0.05983763188123703,0.0004771471139974892,0.0,0.0,0.05757024139165878,0.009631750173866749,0.022073762491345406,0.0014920108951628208,0.06371603161096573,0.0,0.2365923374891281,0.0,0.0,0.0,0.23690712451934814,0.03463799133896828,0.0016947031253948808,0.0,0.5482065677642822,0.0,0.01257089339196682,0.0,0.018607698380947113,0.0,0.0,0.0,0.029851999133825302,0.27155613899230957,0.0,0.11492501944303513,0.002807571552693844,0.0,0.003730405354872346,0.007367393933236599,0.0,0.01195198018103838,0.006565211806446314,0.0,0.20985637605190277,0.13413958251476288,0.0,0.0,0.007193721365183592,0.06869139522314072,0.0,0.3112361431121826,0.0,0.0,0.0,0.05011724308133125,0.0,0.11359050869941711,0.041669897735118866,0.054199591279029846,0.11157326400279999,0.017700640484690666,0.022980261594057083,0.007893123663961887,0.033462293446063995,0.025006871670484543,0.007302264682948589,0.0,0.0,0.1919773817062378,0.006081791128963232,0.04015488550066948,0.0,0.010433285497128963,0.08164875209331512,0.24009665846824646,0.0,0.012456613592803478,0.04863320663571358,0.05083407461643219,0.0028946353122591972,0.0,0.0,0.06411119550466537,0.0,0.011296315118670464,0.12456996738910675,0.03953704982995987,0.0130184730514884,0.0,0.02310207672417164,0.0,0.0,0.042663756757974625,0.1136331632733345,0.07173621654510498,0.0,0.16128109395503998,0.0,0.0,0.0,0.0032461180817335844,0.04929284006357193,0.27301114797592163,0.03100353293120861,0.09415710717439651,0.07827950268983841,0.0,0.0,0.00408233143389225,0.0,0.0,0.0,0.009761695750057697,0.0,0.0,0.00964156910777092,0.11432858556509018,0.0,0.0017065858701243997,0.06903290003538132,0.01146682258695364,0.0,0.2139359414577484,0.0,0.0,0.0407174788415432,0.0423518605530262,0.0,0.037783537060022354,0.0008653849363327026,0.29085689783096313,0.0,0.004222509916871786,0.5411109328269958,0.0,0.04408006742596626,0.002591566415503621,0.0,0.0,0.0,0.02210831455886364,0.018738679587841034,0.0,0.14043301343917847,0.0,0.0,0.0,0.0,0.010853564366698265,0.007705399766564369,0.0,0.015147557482123375,0.018439384177327156,0.004494518041610718,0.004559623077511787,0.0,0.3974560797214508,0.0,0.0,0.0,0.0,0.0,0.0,0.5961251854896545,0.05728404223918915,0.012987890280783176,0.020223215222358704,0.08172868937253952,0.0,0.01539706066250801,0.0,0.20521974563598633,0.026123730465769768,0.08531738072633743,0.010491983965039253,0.01918579824268818,0.008458234369754791,0.011683628894388676,0.15367497503757477,0.0,0.002773469779640436,0.0,0.07206178456544876,0.04424861818552017,0.09527299553155899,0.015758508816361427,0.12846127152442932,0.05168730765581131,0.0,0.4608537554740906,0.0,0.0,0.05607598274946213,0.018232880160212517,0.06445402652025223,0.0,0.023903822526335716,0.0,0.03663557395339012,0.1657101958990097,0.0,0.1422986388206482,0.021928057074546814,0.06579715013504028,0.0,0.023518666625022888,0.38348713517189026,0.009000129997730255,0.16305840015411377,0.08690475672483444,0.13584856688976288,0.04083888232707977,0.009931321255862713,0.09857000410556793,0.11542285978794098,0.031094025820493698,0.1930839717388153,0.0,0.0,0.3344985246658325,0.0025159979704767466,0.0,0.03270868584513664,0.0,0.0,0.1051696389913559,0.0,0.01193566806614399,0.0,0.0,0.0,0.0,0.23389750719070435,0.06238369643688202,0.0,0.0,0.014634128659963608,0.0,0.009780976921319962,0.10231645405292511,0.0,0.06330787390470505,0.0,0.1552254557609558,0.0,0.014914317056536674,0.06435153633356094,0.0,0.04660307988524437,0.0,0.01734365150332451,0.09170518070459366,0.0,0.047574516385793686,0.029992280527949333,0.13438287377357483,0.0,0.08270182460546494,0.056493066251277924,0.001331964391283691,0.0,0.15495239198207855,0.0,0.0,0.011814910918474197,0.5834118723869324,0.19132764637470245,0.0,0.010751379653811455,0.35184597969055176,0.0028400623705238104,0.0029683017637580633,0.0,0.23032687604427338,0.0,0.03658071905374527,0.0,0.0,0.0,0.0,0.10050995647907257,0.0,0.0,0.18749691545963287,0.026700912043452263,0.0,0.0,0.23838382959365845,0.0,0.0050241295248270035,0.03339777886867523,0.029588233679533005,0.045016951858997345,0.01815512403845787,0.015201735310256481,0.06967110186815262,0.0,0.009872124530375004,0.27306491136550903,0.0,0.0,0.03228600323200226,0.07008212059736252,0.06194700300693512,0.0,0.11234927177429199,0.0,0.0,0.2875351309776306,0.014838950708508492,0.0,0.01953212171792984,0.0,0.0,0.027483418583869934,0.41301873326301575,0.0,0.0,0.25411921739578247,0.059978190809488297,0.01491512544453144,0.07711675763130188,0.0,0.047625791281461716,0.038774967193603516,0.0005348186823539436,0.0,0.0,0.07158651202917099,0.012576470151543617,0.0,0.0032857053447514772,0.04423723369836807,0.07432082295417786,0.011099948547780514,0.17919622361660004,0.0,0.02655695378780365,0.020525529980659485,0.0,0.18582157790660858,0.0015081190504133701,0.009219232015311718,0.09088083356618881,0.0034216202329844236,0.0,0.1990511268377304,0.053692735731601715,0.0,0.0256692785769701,0.40619295835494995,0.0906958356499672,0.06009406968951225,0.0,0.06912265717983246,0.1704951524734497,0.05352034419775009,0.06147820129990578,0.0,0.09031268954277039,0.0006987881497479975,0.07351209223270416,0.03990079462528229,0.07205260545015335,0.47244545817375183,0.0,0.3599601089954376,0.0,0.008604828268289566,0.01159144751727581,0.30005988478660583,0.09576878696680069,0.1353694200515747,0.13402482867240906,0.0,0.018384752795100212,0.003929908387362957,0.030580716207623482,0.0,0.03376537188887596,0.0376632921397686,0.0,0.0,0.006499446462839842,0.0,0.13643428683280945,0.0,0.0,0.09607800841331482,0.029423782601952553,0.22389233112335205,0.0,0.0,0.004866973031312227,0.0,0.0,0.0,0.4102325439453125,0.0,0.0,0.0,0.0,0.2072327435016632,0.0,0.0,0.0,0.06300392001867294,0.016799168661236763,0.028708336874842644,0.2718358337879181,0.2202645093202591,0.0,0.012596066109836102,0.0006136089796200395,0.04153599590063095,0.0,0.0,0.0,0.0,0.03522839397192001,0.0,0.0,0.0,0.004395786672830582,0.007813025265932083,0.18640509247779846,0.09580031037330627,0.0,0.0009977605659514666,0.0,0.0,0.0,0.3756483197212219,0.03180175647139549,0.2955330014228821,0.0,0.0554395355284214,0.010319579392671585,0.008718173950910568,0.0,0.04601166769862175,0.0,0.016241103410720825,0.0,0.013310279697179794,0.008359624072909355,0.0,0.027110489085316658,0.0,0.05450419336557388,0.0,0.04510520026087761,0.02740226313471794,0.0,0.0,0.00470542861148715,0.0,0.0,0.7589095830917358,0.32744693756103516,0.0,0.0,0.03268526867032051,0.009158735163509846,0.029421519488096237,0.021363811567425728,0.08656799048185349,0.0,0.0,0.6552743315696716,0.0,0.0,0.0,0.01994745247066021,0.0,0.0,0.0,0.0,0.0,0.0,0.0,0.39884674549102783,0.027208194136619568,0.0,0.05285145714879036,0.0,0.0,0.00018258392810821533,0.0,0.0,0.0,0.011598845943808556,0.2869114875793457,0.015078971162438393,1.0595310926437378,0.0,0.0,0.0046033430844545364,0.0,0.0,0.019775081425905228,2.3200976848602295,0.04355086386203766,0.0015689646825194359,0.0,0.027501055970788002,0.0,0.0,0.0,0.019011730328202248,0.00894236657768488,0.0,0.5073573589324951,0.0,0.008823134005069733,0.03577490150928497,0.0,0.0,0.0,0.07383653521537781,0.22245071828365326,0.0465189553797245,0.0,0.11872631311416626,0.0,0.0,0.0,0.0,0.0,0.07051052898168564,0.004943747539073229,0.02639293111860752,0.0,0.0,0.24136756360530853,0.01684306561946869,0.0005641520256176591,0.08029239624738693,0.5897709727287292,0.0,0.0063811540603637695,0.17354102432727814,0.003963408526033163,0.007943404838442802,0.015001608990132809,0.00255880830809474,0.0,0.05593952536582947,0.0,0.0,0.0,0.0,0.0,0.028090469539165497,0.0,0.1306234896183014,0.03195556625723839,0.8148277997970581,0.0,0.041455965489149094,0.0,0.003686985932290554,0.04543830081820488,0.0,0.05361063778400421,0.0,0.0,0.6806715130805969,0.0,0.022111553698778152,0.0,0.0,0.0,0.0,0.025217270478606224,0.011585958302021027,0.0,0.0008022630354389548,0.0,0.0,0.0,0.0,0.0,0.0,0.0,0.004464657977223396,0.0,0.0,0.16599643230438232,0.0,0.09347683191299438,0.0,0.0,0.0,0.0,0.0,0.0537416897714138,0.0,0.0019372153328731656,0.05285688489675522,0.014039394445717335,0.05443859100341797,0.0,0.029102878645062447,0.22897139191627502,0.0,0.04667939618229866,0.009099947288632393,0.0,0.03549998253583908,0.0,0.017784882336854935,0.0,0.036121562123298645,0.0,0.0,0.0,0.03877274692058563,0.0,0.0,0.0,0.06797567009925842,0.0,0.0,0.33953991532325745,0.09683665633201599,0.0,0.016357269138097763,0.0,0.00036531328805722296,0.0036849291063845158,0.0,0.0,0.07541431486606598,0.021754300221800804,0.0,0.02159721590578556,0.0,0.04661047086119652,0.004834016785025597,0.0,0.0027889192570000887,0.08208905905485153,0.18970328569412231,0.03688459470868111,0.0,0.0024613202549517155,0.055931273847818375,0.0007810640381649137,0.003287912579253316,0.0,0.264987587928772,0.08228232711553574,0.13502565026283264,0.002154011745005846,0.0036712181754410267,0.0,0.9361421465873718,0.37766411900520325,0.11107809841632843,0.0,0.0,0.0,0.0,0.0,0.026374220848083496,0.003966882359236479,0.5166664123535156,0.02123880572617054,0.13841237127780914,0.0,0.0,0.0,0.004890470299869776,0.041607294231653214,0.0,0.0,0.04934829846024513,0.1546972244977951,0.0,0.003286578692495823,0.25190165638923645,0.017397772520780563,0.4631539285182953,0.052292242646217346,0.02280360274016857,0.20390409231185913,0.0184299536049366,0.028850777074694633,0.0,0.41462862491607666,0.029376143589615822,0.0,0.00305019854567945,0.0,0.0,0.0,0.09881793707609177,0.0,0.005094846710562706,0.3128051161766052,0.021204499527812004,0.0,0.0,0.022232461720705032,0.016625190153717995,0.0,0.0004976448253728449,0.0,0.0,0.18784216046333313,0.002961742924526334,0.0,0.0,0.048058975487947464,0.018021253868937492,0.0,0.0025278471875935793,0.0,0.0,0.0,0.0,0.0,0.1290498673915863,0.0073295165784657,0.0,0.007861924357712269,0.0,0.11908695101737976,0.0,0.0,0.005545674357563257,0.0,0.049114298075437546,0.05481558293104172,0.0,0.0,0.0,0.0,0.0,0.0,0.0,0.010558996349573135,0.0,0.0,0.0,0.018653832376003265,0.0,0.0019306826870888472,0.0,0.0372796431183815,0.015220511704683304,0.02304784208536148,0.003089513862505555,0.029757602140307426,0.0,0.032866332679986954,0.0,0.11117536574602127,0.008803990669548512,0.04457990825176239,0.10006536543369293,0.11392343789339066,0.0,0.0,0.0,0.002189719583839178,0.0,0.18713931739330292,0.03237539902329445,0.019653230905532837,0.0,0.013883951120078564,0.023460183292627335,0.03491433709859848,0.0,0.03876122459769249,0.0,0.0,0.04466662555932999,0.09702429175376892,0.006971646565943956,0.031365521252155304,0.0,0.0319194421172142,0.014483408071100712,0.062771737575531,0.028791263699531555,0.0,0.0,0.13080276548862457,0.1229051798582077,0.01784621551632881,0.0,0.0,0.012740278616547585,0.0,0.580949068069458,0.016732966527342796,0.0138616394251585,0.0,0.15675415098667145,0.08203285187482834,0.10531726479530334,0.0,0.09101779013872147,0.0,0.0,0.20256246626377106,0.13594169914722443,0.0,0.07152281701564789,0.00532439723610878,0.7464702129364014,0.0,0.008362922817468643,0.010318753309547901,0.0,0.003725414164364338,0.010106390342116356,0.0,0.0,0.06514313071966171,0.006307275500148535,0.18469113111495972,0.0,0.08435884118080139,0.0,0.0012842678697779775,0.0034445340279489756,0.12975521385669708,0.0730208158493042,0.0,0.026290621608495712,0.1772635132074356,0.0,0.030243106186389923,0.004691691603511572,0.0,0.0,0.09107448905706406,0.026140999048948288,0.006263351533561945,0.0,0.021751971915364265,0.23201540112495422,0.014727581292390823,0.0,0.0,0.039615701884031296,0.21906647086143494,0.0,0.006708698347210884,0.0,0.013744119554758072,0.0026651143562048674,0.008210434578359127,0.014220677316188812,0.18049785494804382,0.0,0.07699858397245407,0.004674198571592569,0.07366945594549179,0.6287288069725037,0.07284633815288544,0.0684458464384079,0.010840565897524357,0.1017768457531929,0.012226803228259087,0.0,0.0,0.005298888776451349,0.0415656678378582,0.01771608553826809,0.05198616161942482,0.004788630176335573,0.041761960834264755,0.00888674333691597,0.35206741094589233,0.15590353310108185,0.0,0.046933602541685104,0.004343139473348856,0.1978236734867096,0.37970611453056335,0.037573281675577164,0.029087243601679802,0.5460109710693359,0.01720907911658287,0.7815238833427429,0.10348806530237198,0.00604387978091836,0.0,0.0,0.08749908208847046,0.0,0.05395059660077095,0.0,0.0,0.045340850949287415,0.0,0.027624793350696564,1.3305888175964355,0.2172561138868332,0.03644599765539169,0.0,0.06489298492670059,0.0,0.05035049095749855,0.018343184143304825,0.004094230942428112,0.0,0.39315688610076904,0.06272190809249878,0.03730635344982147,0.022584043443202972,0.0,0.0,0.06711576133966446,0.0,0.11371313780546188,0.04477647319436073,0.0,0.21879197657108307,0.02135881967842579,0.047075461596250534,0.0,0.0059302616864442825,0.0,0.0,0.6284028887748718,0.2962259352207184,0.00491825956851244,0.08114737272262573,0.1739758849143982,0.03475464880466461,0.10200176388025284,0.006300204899162054,0.03981497138738632,0.011511273682117462,0.0,0.0,0.0,0.011704869568347931,0.0,0.0942956954240799,0.0,0.11825454980134964,0.14213386178016663,0.012547110207378864,0.0,0.06556639075279236,0.036984991282224655,0.03801674023270607,0.20681488513946533,0.0,0.0,0.12628959119319916,0.0,0.004281571134924889,0.08199748396873474,0.0031359815038740635,0.04835999384522438,0.0,0.0,0.002104545943439007,0.4488878548145294,0.0,0.07734733819961548,0.0005116880056448281,0.0,0.0,0.0,0.02935093641281128,0.0,0.0,0.03355677053332329,0.024178599938750267,0.03017384745180607,0.0038252281956374645,0.0500141866505146,0.0,0.7686542272567749,0.1204526498913765,0.012150795198976994,0.239128977060318,0.09778154641389847,0.010204863734543324,0.004177031572908163,0.0,0.021101169288158417,0.0,0.015095120295882225,0.05928104743361473,0.018083713948726654,0.01342470571398735,0.0,0.0,0.0,0.0,0.0,0.09722951799631119,0.05935031920671463,0.015872297808527946,0.03658100590109825,0.13528114557266235,0.0996817871928215,0.008001606911420822,0.057977110147476196,0.016177400946617126,0.0,0.11506738513708115,0.0,0.0,0.0,0.04804576560854912,0.022839054465293884,0.0,0.07095661759376526,0.29294341802597046,0.0,0.0,0.0,0.03864119201898575,0.0,0.002781301038339734,0.09407936036586761,0.0032654190436005592,0.0,0.08007635176181793,0.01649538427591324,0.0023307406809180975,0.021726634353399277,0.0,0.0021461460273712873,0.006361014675348997,0.0,0.024727746844291687,0.2050381451845169,0.003650686703622341,0.46189212799072266,0.028514280915260315,0.02517114393413067,0.2656203806400299,0.0009771037148311734,0.015367550775408745,0.0,0.0,0.0,0.003503743326291442,0.12827102839946747,0.46821367740631104,0.0041921986266970634,0.018382130190730095,0.0,0.0,0.010724017396569252,0.0,0.008929985575377941,0.0,0.0,0.49476492404937744,0.0,0.0,0.0,0.0,0.17453284561634064,0.005927564576268196,0.0,0.0,0.0,0.17491954565048218,0.012050590477883816,0.03956981003284454,0.0027153468690812588,0.0,0.004814907908439636,0.00948457233607769,0.0,0.0,0.08361776173114777,0.04033038765192032,0.024211443960666656,0.022730356082320213,0.0,0.0,0.03225216642022133,0.0,0.029023533686995506,0.0,0.0,0.04236829653382301,0.07361309230327606,0.08014139533042908,0.0,0.026647761464118958,0.07862675935029984,0.0768728032708168,0.0,0.06244097277522087,0.5287236571311951,0.0026047485880553722,0.2578866481781006,0.05021063983440399,0.12023036926984787,0.012943246401846409,0.23114113509655,0.0,0.004117154981940985,0.0,0.06514380127191544,0.022226138040423393,0.011523694731295109,0.0,0.024431610479950905,0.0,0.033182911574840546,0.02403176762163639,0.09709195047616959,0.0,0.387015163898468,0.01815737783908844,0.059668008238077164,0.0021848136093467474,0.0,0.0496334545314312,0.0,0.06734181195497513,0.004356422461569309,0.0,0.0014936530496925116,0.03129425644874573,0.0,0.016688097268342972,0.0648994892835617,0.022254154086112976,0.006548340432345867,0.009307894855737686,0.022026563063263893,0.0021714377216994762,0.02538377232849598,0.0,0.0,0.0,0.06546129286289215,0.07293278723955154,0.7286712527275085,0.0,0.0,0.0,0.0,0.0021141779143363237,0.048410557210445404,0.0,0.0,0.0,0.0,0.0,0.014296156354248524,0.10987509042024612,0.0,0.004681299906224012,0.2366223782300949,0.04097233712673187,0.20837856829166412,0.022026095539331436,0.08872358500957489,0.0,0.13099217414855957,0.0,0.0,0.011460889130830765,0.024228103458881378,0.0061291279271245,0.0,0.29187387228012085,0.0,0.0,0.12688811123371124,0.0,0.0,0.0,0.0,0.0,0.0,0.028703704476356506,0.05989513546228409,0.004971663001924753,0.0,0.0,0.009179584681987762,0.031247345730662346,0.0,0.006824598181992769,0.10195954144001007,0.019413240253925323,0.025367727503180504,0.07522209733724594,0.0,0.049992628395557404,0.0,0.0,0.0,0.20261606574058533,0.0,0.0,0.029158109799027443,0.0,0.030321456491947174,0.0,0.0,0.05739671364426613,0.0,0.0,0.0,0.0,0.0,0.0,0.011015763506293297,0.0005135285900905728,0.027378961443901062,0.562040388584137,0.0,0.012399443425238132,0.012525317259132862,0.0,0.0,0.269787073135376,0.0,0.12476954609155655,0.2733035385608673,0.0,0.0,0.009802233427762985,0.0,0.0,0.0,0.0,0.4534064829349518,0.0,0.0,0.0006877875421196222,0.0,0.0,0.37588682770729065,0.09969673305749893,0.009656467474997044,0.0008266916847787797,0.0057749198749661446,0.14678329229354858,0.34375712275505066,0.0,0.0,0.038360413163900375,0.0,0.0,0.0,0.0,0.0,0.02692682296037674,0.0,0.0,0.0,0.0,0.29526039958000183,0.0,0.036530740559101105,0.030370749533176422,0.020965225994586945,0.0,0.24009522795677185,0.14752134680747986,0.0004585621936712414,0.09712080657482147,0.0038905597757548094,0.011256215162575245,0.0,0.0010465073864907026,0.059289682656526566,0.0,0.0,0.032193392515182495,0.0,0.009977197274565697,0.03216627612709999,0.021108901128172874,0.0,0.00016498088371008635,0.0,0.10711808502674103,0.0,0.017737019807100296,0.0,0.0,0.03739987313747406,0.0453755147755146,0.056014131754636765,0.04157796874642372,0.0,0.0,0.008235595189034939,0.07138421386480331,0.0,0.0,0.027531767264008522,0.0,0.011989870108664036,0.0,0.0,0.0,0.0,0.0025517642498016357,0.0042752837762236595,0.0010985054541379213,0.0,0.0,0.07249999046325684,0.034203432500362396,0.055746112018823624,0.013112456537783146,0.03429745137691498,0.00892517901957035,0.0,0.0006459611468017101,0.3301696479320526,0.0,0.07392290234565735,0.028842534869909286,0.01144750602543354,0.0,0.32778435945510864,0.013278958387672901,0.03111780248582363,0.0019167172722518444
0.0,0.007884055376052856,0.31255635619163513,0.0,0.0,0.0,0.00775225879624486,0.019478285685181618,0.0,0.06122885271906853,0.0,0.09490609914064407,0.038929533213377,0.3065187335014343,0.11443527042865753,0.16132178902626038,0.004128789994865656,0.038057953119277954,0.0,0.27228933572769165,0.026946593075990677,0.0,0.015486454591155052,0.18954898416996002,0.061697669327259064,0.13890191912651062,0.0,0.0,0.0,0.0,0.4222421944141388,0.08161414414644241,0.007316959090530872,0.0,0.19964973628520966,0.17420712113380432,0.0,0.03988939896225929,0.0,0.11417341232299805,0.2417895644903183,0.00114666938316077,0.0006279218359850347,0.08749549835920334,0.4831101596355438,0.010626704432070255,0.035430096089839935,0.0,0.25091788172721863,0.0,0.0,0.1810193657875061,0.0,0.15591183304786682,0.02200298383831978,0.0,0.0,0.0,0.10291538387537003,0.008815247565507889,0.002786487340927124,0.3776066303253174,0.07154759764671326,0.0,0.016706140711903572,0.3668655753135681,0.14174480736255646,0.0163465216755867,0.051488906145095825,0.0,0.2611629068851471,0.005051765590906143,0.02001662738621235,0.14778892695903778,0.0,0.09282238036394119,0.4152907431125641,4.948012428940274e-05,0.17259931564331055,0.4177961051464081,0.0,0.08129529654979706,0.0,0.0678706020116806,0.0,0.32403042912483215,0.03049572743475437,0.0,0.0,0.03369666635990143,0.019765617325901985,0.004450468812137842,0.21829314529895782,0.5312846899032593,0.0014010673621669412,0.10421273857355118,0.038539011031389236,0.0,0.0,0.0,0.030032658949494362,0.030180664733052254,0.14780989289283752,0.018649782985448837,0.05419905483722687,0.002718603704124689,0.017188265919685364,0.0,0.0,0.0,0.017563506960868835,0.02269255556166172,0.0,0.14121006429195404,0.009179532527923584,0.3251122534275055,0.0,0.08223115652799606,0.0,0.13270962238311768,0.010945192538201809,0.008983180858194828,0.3118693232536316,0.0417892187833786,0.016602719202637672,0.0,0.24239449203014374,0.02075318805873394,0.11276984959840775,0.005185520742088556,0.14916948974132538,0.0,0.04273974522948265,0.0,0.06133466586470604,0.08154060691595078,0.008222057484090328,0.0,0.0,0.001471729832701385,0.12134041637182236,0.023073265329003334,0.0,0.02540941722691059,0.22062678635120392,0.0,0.019853804260492325,0.2716452479362488,0.029126284644007683,0.05943549796938896,0.047116175293922424,0.0,0.03668971359729767,0.0737709328532219,0.0,0.027660951018333435,0.01434666384011507,0.015362296253442764,0.10483035445213318,0.09416577965021133,0.011251082643866539,0.01262951735407114,0.0231360774487257,0.4020913243293762,0.07393762469291687,0.0,0.26981091499328613,0.011893978342413902,0.12224945425987244,0.36969733238220215,0.13116304576396942,0.042889226227998734,0.054105356335639954,0.20764869451522827,0.06017998233437538,0.040264107286930084,0.5639481544494629,0.004879964515566826,0.0,0.3596610724925995,0.0,0.009152698330581188,0.03912343084812164,0.041119594126939774,0.011649894528090954,0.2722976505756378,0.13409523665905,0.05973569303750992,0.06584099680185318,0.22480392456054688,0.041940201073884964,0.0729382112622261,0.0,0.0,0.02037407085299492,0.007659025024622679,0.02616710215806961,0.008303246460855007,0.26945531368255615,0.0,0.1401491016149521,0.030233459547162056,0.0,0.1581536829471588,0.0,0.010429544374346733,0.036600206047296524,0.0,0.05152733623981476,0.13371536135673523,0.15359574556350708,0.0003297138318885118,0.2297389805316925,0.0,0.017518281936645508,0.01437158789485693,0.045142076909542084,0.010538960807025433,0.0,0.0238958690315485,0.057067885994911194,0.004033443983644247,0.17748112976551056,0.186232790350914,0.0,0.1838926374912262,0.007794461213052273,0.001979996683076024,0.0939897894859314,0.10077743232250214,0.1087377518415451,0.005744798108935356,0.19573324918746948,0.05936169624328613,0.14025941491127014,0.28486835956573486,0.03414371982216835,0.08620952814817429,0.03386989235877991,0.0010591447353363037,0.0013280916027724743,0.072382852435112,0.03322809562087059,0.0,0.08356194198131561,0.048733100295066833,0.01955474354326725,0.07575790584087372,0.0,0.00881801825016737,0.006205525249242783,0.0034380292054265738,0.0012823486467823386,0.011634418740868568,0.0008163428283296525,0.08355134725570679,0.0,0.06121458485722542,0.06049700826406479,0.43085846304893494,0.002993779256939888,0.014284329488873482,0.023117559030652046,0.0,0.11843698471784592,0.041209541261196136,0.09392699599266052,0.02114710956811905,0.0031363200396299362,0.02078762836754322,0.09285426884889603,0.00901138037443161,0.0012981366598978639,0.11227571219205856,0.04585494473576546,0.0,0.03640449792146683,0.014839950017631054,0.125106543302536,0.219208225607872,0.021707234904170036,0.0,0.022407662123441696,0.14461363852024078,0.018657656386494637,0.6061415672302246,0.0,0.0008617138955742121,0.19073586165905,0.039813995361328125,0.1280873715877533,0.07639127969741821,0.07981669902801514,0.0,0.06865665316581726,0.03305542469024658,0.1956203281879425,0.0,0.27412721514701843,0.0,0.012250963598489761,0.031871043145656586,0.15048031508922577,0.12236662209033966,0.14598333835601807,0.0,0.007639427203685045,0.04029558226466179,0.0,0.0,0.0,0.13095515966415405,0.026706235483288765,0.19697913527488708,0.05987394228577614,0.3317745327949524,0.032840825617313385,0.010170345194637775,0.15469816327095032,0.03464500606060028,0.0,0.02789960615336895,0.0,0.0,0.6852758526802063,0.0,0.0,0.01731858216226101,0.0,0.0,0.005630762781947851,0.05131462961435318,0.0,0.0,0.0,0.0,0.0,0.0,0.011421700939536095,0.09429226815700531,0.04200449958443642,0.0011149072088301182,0.0,0.0,0.0,0.0,0.0,0.0012328576995059848,0.0,0.0,0.18838316202163696,0.017795348539948463,0.08740400522947311,0.08638346940279007,0.3415152430534363,0.0,0.0,0.0,0.10615315288305283,0.011264142580330372,0.01087199803441763,0.005071974825114012,0.0,0.0,0.0006997436285018921,0.004153995309025049,0.08282580226659775,0.032965704798698425,0.0010060822824016213,0.0,0.4835091531276703,0.0,0.0,0.06159702315926552,0.00842491164803505,0.0011894121998921037,0.00536898011341691,0.0,0.0,0.1514344960451126,0.09179381281137466,0.0,0.0,0.000623532512690872,0.01949305087327957,0.0,0.0,0.03696315735578537,0.0,0.0,0.18240132927894592,0.0,0.0,0.0,0.0,0.0,0.11137338727712631,0.0,0.09401556104421616,0.01444318424910307,0.0,0.0233045294880867,0.0,0.0,0.005948505364358425,0.0,0.01797819696366787,0.0,0.0,0.06548311561346054,0.0,0.0,0.0,0.0,0.009138157591223717,0.0,0.0,0.0,0.0,0.0,0.013309281319379807,0.0,0.056010570377111435,0.0,0.007106199394911528,0.11354244500398636,0.011280634440481663,0.0072289262898266315,0.026529226452112198,0.132389098405838,0.0,0.0,0.0,0.11205507069826126,0.0,0.0,0.0012503528269007802,0.02294835075736046,0.0,0.0,0.014558210037648678,0.0,0.007429739460349083,0.002524907700717449,0.0,0.0,0.07343965023756027,0.0,0.01638578437268734,0.022372452542185783,0.006074097007513046,0.0,0.0,0.04614957794547081,0.0,0.001083912793546915,0.0,0.0,0.01534920372068882,0.0,0.0,0.22865277528762817,0.0,0.0,0.07622770220041275,0.23545904457569122,0.06383070349693298,0.0,0.0015431283973157406,0.0,0.0,0.0,0.017878010869026184,0.0,0.024828383699059486,0.0,0.0,0.02285519801080227,0.056174665689468384,0.0,0.0,0.0,0.14187322556972504,0.01153736375272274,0.044938668608665466,0.23826292157173157,0.01085193082690239,0.0,0.0,0.0,0.005180357489734888,0.0,0.0,0.0,0.0,0.0,0.0,0.045221466571092606,0.04948607459664345,0.0,0.0,0.0,0.02165321260690689,0.050577107816934586,0.009593515656888485,0.0,0.0,0.0026928603183478117,0.17004507780075073,0.019750675186514854,0.02517164684832096,0.005837468896061182,0.0,0.0,0.0,0.008350866846740246,0.20636743307113647,0.062104400247335434,0.0034403824247419834,0.0068510486744344234,0.0,0.0,0.4177949130535126,0.0,0.0,0.0,0.0,0.0,0.0,0.024871375411748886,0.012921350076794624,0.0,0.0,0.0,0.0,0.14536599814891815,0.0,0.0,0.0,0.02300776168704033,0.008499487303197384,0.06565620750188828,0.0,0.1252562552690506,0.0,0.0,0.04488857835531235,0.0,0.006108472123742104,0.0,0.0,0.06637965887784958,0.009466215036809444,0.24463653564453125,0.006958508398383856,0.008389780297875404,0.0,0.0,0.02666853740811348,0.0,0.011854877695441246,0.07583225518465042,0.04449678584933281,0.0,0.21925747394561768,0.07555198669433594,0.00011863946565426886,0.0,0.060943156480789185,0.2626528739929199,0.0,0.019167792052030563,0.09094557166099548,0.0,0.0,0.01904062181711197,0.0,0.00017395942995790392,0.0,0.01561588142067194,0.09971428662538528,0.0,0.057495322078466415,0.0,0.19127322733402252,0.056977301836013794,0.09443561732769012,0.027704570442438126,0.0,0.0,0.0,0.0,0.0012426567263901234,0.0,0.0,0.17710699141025543,0.01710345596075058,0.007987977005541325,0.0,0.0,0.0,0.0,0.0,0.036777298897504807,0.0,0.0,0.0,0.42323818802833557,0.010305502451956272,0.006655784789472818,0.0,0.054093435406684875,0.002403217600658536,0.0,0.013008518144488335,0.012246601283550262,0.027032403275370598,0.03451031446456909,0.0,0.0,0.000764603610150516,0.006590100470930338,0.0,0.0,0.017779352143406868,0.005261812824755907,0.0,0.007452409714460373,0.0,0.048271581530570984,0.033916402608156204,0.01631009578704834,0.0,0.0,0.0,0.0,0.0,0.00983661413192749,0.0,0.0,0.0,0.0,0.09933880716562271,0.012018249370157719,0.0,0.0,0.0,0.0,0.0011829304276034236,0.0,0.0,0.007270705886185169,0.0,0.0,0.008154413662850857,0.0,0.0,0.10734914988279343,0.0014523386489599943,0.13769015669822693,0.02156500332057476,0.0,0.2629104554653168,0.011815942823886871,0.0833127498626709,0.0038614333607256413,0.0,0.09332050383090973,0.0,0.05805926397442818,0.08878553658723831,0.0,0.03185658156871796,0.0,0.0,0.0,0.0,0.0,0.0,0.006250149104744196,0.0,0.04089828580617905,0.0,0.0,0.0,0.09262347221374512,0.0,0.0,0.0,0.0,0.0034939181059598923,0.13337892293930054,0.017758166417479515,0.010019169189035892,0.0973566323518753,0.014992914162576199,0.0,0.0,0.008485991507768631,0.06979788839817047,0.01114614401012659,0.0,0.32707008719444275,0.06709460914134979,0.018368365243077278,0.0,0.03292820602655411,0.0,0.12525410950183868,0.006700816098600626,0.0,0.0,0.0,0.008965084329247475,0.16139331459999084,0.12154120206832886,0.0387963242828846,0.0,0.0049720024690032005,0.0626530721783638,0.0,0.0,0.0,0.05441749095916748,0.0048556397669017315,0.005853569600731134,0.0,0.056531328707933426,0.0,0.24007846415042877,0.0,0.0,0.0,0.27039140462875366,0.05428395792841911,0.004425423219799995,0.04168075695633888,0.5711578726768494,0.0,0.019688790664076805,0.0,0.010196194984018803,0.0,0.0,0.0,0.0021785330027341843,0.27526307106018066,0.0,0.09740625321865082,0.0,0.0,0.01570303551852703,0.006865203380584717,0.0,0.011133522726595402,0.002318111015483737,0.0,0.2373039275407791,0.1161220520734787,0.0,0.0,0.016559675335884094,0.07163529098033905,0.006830764934420586,0.378078818321228,0.0,0.0,4.348278162069619e-05,0.07282192260026932,0.0,0.09665457904338837,0.0504002682864666,0.0493365153670311,0.12927955389022827,0.015749424695968628,0.014025337994098663,0.009656628593802452,0.02238604612648487,0.03250748664140701,0.007665231358259916,0.0,0.0,0.18590047955513,0.015585155226290226,0.040811680257320404,0.0,0.011618798598647118,0.060274239629507065,0.2903064489364624,0.0,0.03815580531954765,0.07248299568891525,0.060444239526987076,0.006451738998293877,0.0,0.0,0.06618289649486542,0.0,0.014598066918551922,0.14719893038272858,0.037544459104537964,0.028478119522333145,0.0,0.025983061641454697,0.0,0.0,0.051729343831539154,0.10266999900341034,0.0715658888220787,0.0,0.14393819868564606,0.0,0.009389976039528847,0.0,0.010891776531934738,0.04992606118321419,0.27456212043762207,0.0396573543548584,0.11818944662809372,0.07486504316329956,0.0,0.0,0.00027153253904543817,0.0,0.0,0.003339341375976801,0.013899870216846466,0.0,0.0,0.014077309519052505,0.13156217336654663,0.0,0.0,0.05947032943367958,0.002737496979534626,0.0,0.17480804026126862,0.0,0.0019047674722969532,0.02532017230987549,0.04913514107465744,0.0,0.026540542021393776,0.0,0.2632658779621124,0.0,0.025782795622944832,0.570753812789917,0.0,0.030222082510590553,0.008622579276561737,0.0,0.0,0.0,0.006507777608931065,0.02523874118924141,0.0,0.14260974526405334,0.0034916442818939686,0.0,0.0,0.0,0.0023768842220306396,0.008043318055570126,0.0,0.009052928537130356,0.013472717255353928,0.005793552380055189,0.00038841008790768683,0.0,0.37686359882354736,0.0,0.0,0.0,0.0,0.0,0.0,0.6409217715263367,0.05695256218314171,0.013421736657619476,0.03123573213815689,0.08717048913240433,0.0,0.005680716130882502,0.0,0.19380231201648712,0.003825235413387418,0.07649412751197815,0.01718384027481079,0.02097940258681774,0.0055108871310949326,0.0,0.1311771422624588,0.0,0.00344870681874454,0.0,0.07362053543329239,0.05331318825483322,0.10685627162456512,0.007479895371943712,0.11624335497617722,0.058746982365846634,0.0,0.4771616756916046,0.0,0.0,0.0724448412656784,0.02001599222421646,0.06937064975500107,0.0,0.0046028452925384045,0.0,0.0335855670273304,0.13962295651435852,0.0,0.1807934045791626,0.022888507694005966,0.09880246967077255,0.0,0.0363730825483799,0.4054798483848572,0.007824697531759739,0.15341071784496307,0.09624741226434708,0.19106215238571167,0.047632358968257904,0.025805287063121796,0.10509566962718964,0.11185253411531448,0.026187947019934654,0.18847742676734924,0.0,0.0,0.37043821811676025,0.0,0.0,0.03370169550180435,0.0,0.0,0.1246614158153534,0.0,0.003621774958446622,0.0008126747561618686,0.0023164176382124424,0.0,0.0,0.24543273448944092,0.056132711470127106,0.0,0.0018615865847095847,0.0222262404859066,0.0,0.006756173446774483,0.1128033995628357,0.004280686378479004,0.07455304265022278,0.0,0.13285192847251892,0.0039425683207809925,0.04551137983798981,0.053118377923965454,0.0,0.03774559497833252,0.0,0.04911688715219498,0.13406243920326233,0.0,0.06706695258617401,0.018082045018672943,0.14779971539974213,0.0003547149826772511,0.09853430092334747,0.05489358305931091,0.0006118798046372831,0.0,0.1541423499584198,0.0,0.0,0.003003257792443037,0.5810146927833557,0.2074374556541443,0.002164245815947652,0.024343226104974747,0.362957239151001,0.0,0.001859211944974959,0.0,0.22267445921897888,0.0,0.019161134958267212,0.0,0.0,0.0,0.0,0.08770329505205154,0.004136390518397093,0.0,0.2124892771244049,0.03538950905203819,0.0,0.0,0.22166979312896729,0.0,0.003216956742107868,0.021649131551384926,0.0336250476539135,0.05138743296265602,0.008153812028467655,0.009150252677500248,0.062160834670066833,0.0,0.012481837533414364,0.3228999674320221,0.0,0.0,0.028764614835381508,0.07487957179546356,0.06743641197681427,0.0,0.09026507288217545,0.0,0.0,0.32423901557922363,0.0012511968379840255,0.0,0.023991502821445465,0.0,0.0,0.0389423593878746,0.4283179044723511,0.0,0.0010179531527683139,0.24268263578414917,0.050990257412195206,0.055630262941122055,0.09026195853948593,0.0,0.04654473438858986,0.06368136405944824,0.0044234925881028175,0.0,0.0,0.04194580018520355,0.013117210008203983,0.0,0.004900586791336536,0.07114217430353165,0.06753084808588028,0.011560959741473198,0.17079950869083405,0.0011569284833967686,0.03031790815293789,0.01501497719436884,0.0,0.15859684348106384,0.0,0.005311985034495592,0.07479092478752136,0.0,0.0,0.1368120312690735,0.028317280113697052,0.0,0.01965475268661976,0.4231263995170593,0.1125989705324173,0.05718525871634483,0.0,0.0629434809088707,0.1942174881696701,0.041836995631456375,0.10924908518791199,0.0,0.0786249041557312,0.02075076289474964,0.08572745323181152,0.02973351441323757,0.06149941310286522,0.4065660834312439,0.0,0.4000098407268524,0.0,0.009179532527923584,0.014745590277016163,0.30121010541915894,0.1091790646314621,0.13365229964256287,0.15137888491153717,0.0,0.03235005959868431,0.022904029116034508,0.022446855902671814,0.0,0.02308209426701069,0.03605214133858681,0.0,0.0,0.0017753338906913996,0.0,0.12855647504329681,0.0,0.0,0.07365391403436661,0.024825746193528175,0.23995178937911987,0.0,0.0,0.0,0.0,0.0,0.0,0.3597979247570038,0.0,0.0,0.0,0.0,0.2401408702135086,0.0,0.0,0.0,0.1213260293006897,0.008217713795602322,0.011306281201541424,0.21654243767261505,0.20927168428897858,0.0,0.01068920362740755,0.0026998359244316816,0.03945379704236984,0.0,0.0,0.0,0.0,0.03881648927927017,0.0029534315690398216,0.0,0.0038625835441052914,0.007835869677364826,0.008281265385448933,0.1196591928601265,0.06034493446350098,0.0,0.00983866211026907,0.0,0.00606029387563467,0.0,0.35843926668167114,0.02179526723921299,0.2915119230747223,0.0,0.04793291911482811,0.006791628431528807,0.006549313198775053,0.0,0.054571427404880524,0.0,0.009049479849636555,0.0,0.01779530942440033,0.00985786598175764,0.0,0.02408669888973236,0.0,0.06591755151748657,0.0,0.03251603990793228,0.043660279363393784,0.0,0.0,0.0,0.0,0.0,0.7275092601776123,0.3037875294685364,0.0,0.0,0.015418512746691704,0.0008922639535740018,0.04520993307232857,0.02405211515724659,0.07335515320301056,0.0,0.0,0.633135199546814,0.0,0.0,0.0,0.0015747963916510344,0.0,0.0,0.0,0.0,0.0,0.0,0.0,0.3843144476413727,0.028111549094319344,0.0,0.03582575172185898,0.0,0.00014874935732223094,0.0,0.0,0.0,0.0,0.012756621465086937,0.32324162125587463,0.010023274458944798,1.0236495733261108,0.0,0.0013622712576761842,0.003590457374230027,0.0,0.0,0.02611350826919079,2.3059401512145996,0.020322341471910477,0.0,0.0,0.031733542680740356,0.0,0.0,0.0,0.04658684879541397,0.0038699365686625242,0.0,0.5708060264587402,0.0,0.0034460488241165876,0.022385602816939354,0.0,0.0,0.0,0.07772883772850037,0.2421836107969284,0.04740449786186218,0.0,0.18849116563796997,0.0,0.0,0.0,0.0,0.0,0.05265842378139496,0.011322399601340294,0.0250262301415205,0.0,0.0,0.19374233484268188,0.008077297359704971,0.002741777105256915,0.08148843795061111,0.6157827973365784,0.0,0.034083615988492966,0.1600957065820694,0.0,0.018042029812932014,0.0,0.005679545924067497,0.0,0.06490091234445572,0.0,0.0,0.004381697159260511,0.0,0.0,0.006220040377229452,0.0,0.08282333612442017,0.02954312041401863,0.8284321427345276,0.0,0.0552184097468853,0.00039219617610797286,0.008565845899283886,0.031613148748874664,0.0,0.05668960139155388,0.0,0.0,0.7132993936538696,0.0,0.03034764714539051,0.0,0.0,0.0,0.0,0.020163197070360184,0.005734057631343603,0.0,0.0,0.0,0.0,0.0,0.005533346440643072,0.015230637043714523,0.0,0.0,0.006655374076217413,0.0,0.006895695813000202,0.2210128754377365,0.0,0.11069482564926147,0.0,0.0,0.0,0.01930559240281582,0.0,0.0571039617061615,0.0,0.0013246440794318914,0.04459884762763977,0.008376969024538994,0.060821905732154846,0.0,0.042362503707408905,0.16469985246658325,0.0,0.06066013500094414,0.011577495373785496,0.0,0.044042814522981644,0.0,0.015753401443362236,0.0,0.02015373297035694,0.0023231273517012596,0.0,0.0,0.02946585603058338,0.0,0.0,0.0,0.06823847442865372,0.0,0.0014877414796501398,0.2745114266872406,0.08761341869831085,0.0,0.016873441636562347,0.0,0.015245430171489716,0.0,0.0,0.006598206702619791,0.09950494766235352,0.021017728373408318,0.0,0.030934393405914307,0.0,0.03904145210981369,0.004209773149341345,0.0,0.0036260783672332764,0.09121887385845184,0.1774635761976242,0.03422173857688904,0.0,0.0,0.0738593116402626,0.013550812378525734,0.0,0.0,0.2675553858280182,0.09481195360422134,0.09326694160699844,0.0010931562865152955,0.0,0.0,0.9534103870391846,0.3556276559829712,0.0919664204120636,0.0,0.0,0.0,0.0,0.0,0.02418806031346321,0.0,0.5697076916694641,0.006068429909646511,0.16308878362178802,0.0,0.0,0.0,0.009456868283450603,0.026179568842053413,0.0,0.0,0.06414392590522766,0.11184515058994293,0.0,0.0,0.24703939259052277,0.014336518943309784,0.4654759168624878,0.05217913165688515,0.012446586973965168,0.15535077452659607,0.04096151515841484,0.022576943039894104,0.0,0.43642550706863403,0.014223146252334118,0.0,0.002333626849576831,0.01302436925470829,0.0,0.0,0.1328011155128479,0.0,0.006319717038422823,0.2677571177482605,0.02540043741464615,0.0,0.0,0.024966293945908546,0.015838779509067535,0.0,0.0034952699206769466,0.0,0.0,0.1653720885515213,0.0,0.0,0.0,0.02388717234134674,0.016981909051537514,0.0,0.0018785524880513549,0.0,0.0,0.0,0.0,0.004815371241420507,0.11204447597265244,0.0012642103247344494,0.0,0.022756515070796013,0.0,0.12662717700004578,0.0,0.0,0.0011711395345628262,0.0,0.0635022446513176,0.04106415435671806,0.0,0.0,0.0,0.0,0.0,0.0,0.0,0.008662077598273754,0.0,0.0,0.0,0.02465881034731865,0.0,0.002909624483436346,0.0,0.05761159956455231,0.011419824324548244,0.010350959375500679,0.0017150831408798695,0.04607655480504036,0.0,0.037836913019418716,0.0,0.1283804029226303,0.018640171736478806,0.038061223924160004,0.09742693603038788,0.11299385130405426,0.0,0.005147235002368689,0.0,0.001799265155568719,0.006626334972679615,0.17555107176303864,0.0331328921020031,0.013820748776197433,0.0,0.02471729926764965,0.028136305510997772,0.0316273532807827,0.0,0.01314612478017807,0.0,0.0,0.058247871696949005,0.09171372652053833,0.008662115782499313,0.014690406620502472,0.0,0.040861576795578,0.0,0.06999541074037552,0.027822185307741165,0.0,0.0,0.1301887482404709,0.09069833904504776,0.030131332576274872,0.0,0.0,0.009637744165956974,0.0,0.5656061768531799,0.015489915385842323,0.0014607369666919112,0.0,0.16155338287353516,0.08976294845342636,0.12516704201698303,0.0,0.09192642569541931,0.0,0.0,0.19629813730716705,0.1322365403175354,0.0,0.07234378159046173,0.0,0.7480771541595459,0.0,0.007288407534360886,0.0031553388107568026,0.0,0.0022799158468842506,0.010884249582886696,0.0,0.0,0.07821163535118103,0.004684231244027615,0.19294296205043793,0.0,0.06712648272514343,0.0,0.0016045713564381003,0.01069004088640213,0.12302294373512268,0.08372916281223297,0.0,0.0023953868076205254,0.21133007109165192,0.0,0.0382341593503952,0.004797918722033501,0.0,0.0,0.10854965448379517,0.040660131722688675,0.0,0.0,0.01732589490711689,0.18658588826656342,0.014627240598201752,0.0,0.004719465970993042,0.018546147271990776,0.1528545320034027,0.00605414854362607,0.0008727639797143638,0.0,0.013197822496294975,0.0005852699396200478,0.015815112739801407,0.010858196765184402,0.12414489686489105,0.0,0.07420487701892853,0.0,0.06175994873046875,0.6186665296554565,0.07031566649675369,0.06752434372901917,0.009770046919584274,0.07587544620037079,0.0027874684892594814,0.0,0.0,0.005426144693046808,0.023022795096039772,0.029478318989276886,0.053175438195466995,0.0,0.02532537467777729,0.007349520456045866,0.4109736382961273,0.10708680003881454,0.0,0.04833294078707695,0.0,0.1927306354045868,0.342428982257843,0.050124868750572205,0.018803002312779427,0.5849598050117493,0.02548689767718315,0.7147226929664612,0.08403576165437698,0.0006961178733035922,0.0,0.0,0.07121511548757553,0.0,0.08016228675842285,0.0,0.0002341985673410818,0.0421469546854496,0.0,0.03480789437890053,1.2326561212539673,0.2161082774400711,0.04320674017071724,0.0,0.0706944614648819,0.0,0.056255679577589035,0.009443924762308598,6.343603308778256e-05,0.0,0.3443070650100708,0.05420776456594467,0.03952642157673836,0.010812119580805302,0.0,0.0,0.03982178494334221,0.0,0.11647547781467438,0.048237141221761703,0.0,0.23319491744041443,0.0008460688404738903,0.036839284002780914,0.0,0.007101111579686403,0.0,0.0,0.5960870981216431,0.32984665036201477,0.0,0.061959005892276764,0.16225476562976837,0.05075080692768097,0.05728408694267273,0.001545302220620215,0.029871951788663864,0.009266071021556854,0.0,0.009486831724643707,0.0,0.006127152591943741,0.0,0.061446189880371094,0.0,0.10199785977602005,0.12378032505512238,0.01675489917397499,0.0008347606635652483,0.03214221075177193,0.02311781421303749,0.03240353986620903,0.1751241534948349,0.0029281044844537973,0.0,0.14710074663162231,0.0,0.012484121136367321,0.07359907031059265,0.003458046820014715,0.054993465542793274,0.0,0.0,0.0,0.39739564061164856,0.0,0.04812052845954895,0.010652943514287472,0.0,0.0,0.0,0.016126953065395355,0.0,0.0,0.05120012164115906,0.020472032949328423,0.008261959999799728,0.0032077503856271505,0.0402294360101223,0.0,0.7205850481987,0.10284597426652908,0.010600929148495197,0.2588472366333008,0.0815708190202713,0.013476432301104069,0.003170232754200697,0.0,0.03208835422992706,0.0,0.013886096887290478,0.05434632673859596,0.0,0.013628456741571426,0.0,0.0,0.0,0.004141692072153091,0.0,0.09598246216773987,0.04362896829843521,0.019470561295747757,0.02823689393699169,0.1523505449295044,0.0654154121875763,0.0013143313117325306,0.05370587855577469,0.047358378767967224,0.0,0.0886714905500412,0.0,0.00025014637503772974,0.0,0.02773798257112503,0.026403211057186127,0.0,0.09250006079673767,0.32518935203552246,0.0,0.0,0.0,0.03357400745153427,0.0,0.0,0.07336254417896271,0.005068938713520765,0.0,0.05760869383811951,0.018003124743700027,0.004779513459652662,0.01825670711696148,0.0,0.0,0.012884528376162052,0.0,0.036182645708322525,0.18149074912071228,0.001841578516177833,0.4424864649772644,0.029228821396827698,0.02085038274526596,0.2258535772562027,0.00203610653989017,0.014727833680808544,0.0,0.0,0.005212008953094482,0.0,0.14509592950344086,0.41055625677108765,0.0,0.01363358460366726,0.0,0.001194576034322381,0.008951880037784576,0.0,0.0,0.0,0.0,0.4918622076511383,0.0,0.006068829912692308,0.0,0.0,0.15865324437618256,0.014871597290039062,0.0,0.0,0.0,0.18816204369068146,0.025602979585528374,0.05803497135639191,0.0,0.0,0.007791756186634302,0.01261056400835514,0.0,0.0,0.05293178930878639,0.02552875503897667,0.032621175050735474,0.018736639991402626,0.0,0.0,0.05585499852895737,0.0,0.025603830814361572,0.0,0.0,0.01737312041223049,0.04613472893834114,0.07903624325990677,0.0,0.044463928788900375,0.04606492817401886,0.08359603583812714,0.0,0.04443880915641785,0.4907395541667938,0.016896551474928856,0.26173293590545654,0.059939250349998474,0.10331884026527405,0.029999611899256706,0.21358543634414673,0.0,0.01467353105545044,0.0,0.06681039184331894,0.011487215757369995,0.01627526246011257,0.0,0.02628766931593418,0.0,0.032368145883083344,0.002832393627613783,0.07280951738357544,0.01986083760857582,0.38979098200798035,0.030781853944063187,0.03276721015572548,0.0,0.007820508442819118,0.04837872460484505,0.004420142155140638,0.05932198464870453,0.011234240606427193,0.0,0.013671108521521091,0.03949732705950737,0.0,0.011967923492193222,0.0711151659488678,0.02440071851015091,0.008252234198153019,0.008288021199405193,0.03617985174059868,0.02000807225704193,0.044679637998342514,0.0,0.0,0.0,0.07601384073495865,0.09103124588727951,0.6988188028335571,0.0,0.0,0.0,0.0,0.0,0.055853843688964844,0.0,0.0,0.0,0.0,0.0,0.010678136721253395,0.16826622188091278,0.0,0.007976915687322617,0.19355441629886627,0.017985614016652107,0.21732425689697266,0.03494761884212494,0.11003007739782333,0.0,0.1341896951198578,0.0,0.0,0.001200928702019155,0.027314448729157448,0.0009240138460882008,0.0,0.3002317547798157,0.0,0.0,0.12449309229850769,0.0,0.0,0.0,0.0,0.0007080268696881831,0.0,0.017376545816659927,0.04621347784996033,0.010895395651459694,0.0,0.0,0.018093418329954147,0.017613127827644348,0.0,0.0,0.09976734220981598,0.021803326904773712,0.04836440086364746,0.08146241307258606,0.0,0.049670103937387466,0.0,0.0,0.0,0.17546842992305756,0.0,0.0,0.04327590763568878,0.0,0.0066767786629498005,0.0,0.0,0.04939941316843033,0.0,0.0,0.0,0.0,0.0,0.0,0.0012395739322528243,0.005462912376970053,0.023341789841651917,0.5826365947723389,0.0,0.012998475693166256,0.007086606230586767,0.0,0.004753849469125271,0.23481328785419464,0.0,0.11512579023838043,0.32129111886024475,0.0,0.0,0.0029129148460924625,0.0,0.0005665728240273893,0.0,0.0,0.4940701425075531,0.0,0.0,0.0,0.0,0.0,0.33888375759124756,0.0721578523516655,0.0019641625694930553,0.0,0.011907286942005157,0.1122627854347229,0.34408077597618103,0.0,0.0,0.02349148318171501,0.0,0.0,0.0021596027072519064,0.0,0.0,0.02606990374624729,0.0,0.0,0.0,0.0,0.2831437587738037,0.0,0.03448466211557388,0.020425910130143166,0.008498676121234894,0.0,0.26907482743263245,0.16664816439151764,0.0,0.10057416558265686,0.0016481244238093495,0.004628293681889772,0.0,0.0023498148657381535,0.07248705625534058,0.0,0.0,0.028880521655082703,0.0,0.016111865639686584,0.02302168682217598,0.04649920016527176,0.0,0.0028289698529988527,0.006152416579425335,0.12851043045520782,0.018245918676257133,0.004445729311555624,0.0,0.0,0.07722332328557968,0.04598891735076904,0.06949244439601898,0.040364935994148254,0.0,0.0,0.010662433691322803,0.04591047391295433,0.0,0.0,0.021693125367164612,0.0,0.01179847028106451,0.0,0.0,0.0,0.0,0.0026755165308713913,0.005670375656336546,0.0,0.0,0.0,0.045193709433078766,0.05405557528138161,0.05611103028059006,0.007367981597781181,0.03434154763817787,0.0,0.0,0.0,0.3438088595867157,0.0,0.04975048080086708,0.04464436694979668,0.005505907349288464,0.0,0.3191123902797699,0.01456855982542038,0.03203945234417915,0.0
0.0,0.000597578298766166,0.3638732135295868,0.0009023237507790327,0.0,0.0,0.01534347515553236,0.01550836768001318,0.0040130470879375935,0.08080972731113434,0.0028812908567488194,0.07446214556694031,0.03034987486898899,0.2535877525806427,0.07528161257505417,0.15817303955554962,0.0064903926104307175,0.03530895337462425,0.0,0.2271670401096344,0.022536028176546097,0.0,0.017748244106769562,0.1312599629163742,0.07214861363172531,0.11513035744428635,0.0,0.0,0.0,0.001711469842121005,0.40771484375,0.10962264984846115,0.0,0.0,0.1800932139158249,0.18263927102088928,0.010260763578116894,0.03562633693218231,0.0,0.08771900087594986,0.25895747542381287,0.0,0.008415300399065018,0.10703714191913605,0.49529337882995605,0.010149751789867878,0.03676164150238037,0.0,0.24466460943222046,0.0,0.0,0.17623670399188995,0.005201663821935654,0.14817602932453156,0.04206857830286026,0.0,0.0,0.0,0.1429249346256256,0.006358365993946791,0.0005170798394829035,0.3569459021091461,0.08966537564992905,0.0,0.0026079833041876554,0.32991665601730347,0.114237479865551,0.01760505698621273,0.032237984240055084,0.002241842681542039,0.2415219098329544,0.00010697364632505924,0.013728036545217037,0.12915930151939392,0.0,0.06894847750663757,0.39019671082496643,0.0,0.14575254917144775,0.3877214193344116,0.0,0.09368015080690384,0.0,0.0726524367928505,0.015700891613960266,0.32118430733680725,0.019200412556529045,0.0,0.0,0.03665187209844589,0.014535405673086643,0.011744728311896324,0.19276680052280426,0.5177568197250366,0.004619232378900051,0.15064948797225952,0.047240037471055984,0.0,0.0,0.0016154121840372682,0.02309185266494751,0.04200545325875282,0.17342616617679596,0.010869136080145836,0.09800486266613007,0.009220803156495094,0.027674369513988495,0.0,0.0027571963146328926,0.009804077446460724,0.02595396526157856,0.03304469585418701,0.0,0.15440765023231506,0.00149006606079638,0.3449021279811859,0.0,0.08199991285800934,0.0,0.14003166556358337,0.013275094330310822,0.0012324429117143154,0.2933865487575531,0.022862937301397324,0.005347931291908026,0.0017119351541623473,0.1449129432439804,0.01958899199962616,0.1397964358329773,0.00017118692630901933,0.0944586917757988,0.0,0.06694640219211578,0.004581615794450045,0.0584387443959713,0.06860863417387009,0.014012923464179039,0.0,0.006708825938403606,0.0014235245762392879,0.08055329322814941,0.034733306616544724,0.0,0.020858651027083397,0.1660936325788498,0.0,0.0090955113992095,0.25964516401290894,0.036810778081417084,0.05802801251411438,0.03351534903049469,0.0,0.04830079898238182,0.06251361221075058,0.0,0.017362790182232857,0.01720299944281578,0.024687713012099266,0.08455447107553482,0.09115182608366013,0.0031337272375822067,0.01240402739495039,0.011068287305533886,0.3893919885158539,0.07914087921380997,0.0,0.3179316818714142,0.0003980803594458848,0.12731939554214478,0.4116341471672058,0.11018497496843338,0.027028338983654976,0.08556704223155975,0.1855321079492569,0.04061678424477577,0.06338896602392197,0.5067811012268066,0.006119962781667709,0.0,0.3490507900714874,0.0,0.0023431540466845036,0.019854215905070305,0.024538783356547356,0.019867541268467903,0.271104633808136,0.17868684232234955,0.041491758078336716,0.05466679111123085,0.29770970344543457,0.05711129680275917,0.1102181077003479,0.0,0.0,0.02389184758067131,0.01325228251516819,0.024204501882195473,0.005736222490668297,0.25800621509552,0.0,0.14973615109920502,0.041242655366659164,0.0,0.15416371822357178,0.0,0.009975509718060493,0.04146131873130798,0.01008079294115305,0.04774615913629532,0.08549550920724869,0.13259945809841156,0.0,0.1694953888654709,0.0010380959138274193,0.004069986287504435,0.015864450484514236,0.04365665838122368,0.02365970052778721,0.0,0.023706087842583656,0.047520674765110016,0.031069766730070114,0.17143438756465912,0.1657671183347702,0.0,0.2025812268257141,0.0054007722064852715,0.002398295793682337,0.08024482429027557,0.13618898391723633,0.1560225933790207,0.0,0.1879780888557434,0.066949762403965,0.1102348119020462,0.27340438961982727,0.033871542662382126,0.08131113648414612,0.03134387359023094,0.006874429993331432,0.0,0.04333973303437233,0.029849383980035782,0.0,0.06968240439891815,0.04789315164089203,0.022215623408555984,0.04026366397738457,0.0008400297374464571,0.014057486318051815,0.02810843661427498,0.0005939513212069869,0.01124025322496891,0.0033119749277830124,0.0,0.05512918531894684,0.0,0.06616497784852982,0.031165052205324173,0.3849760890007019,0.0,0.008158563636243343,0.017374413087964058,0.0,0.11309895664453506,0.043072719126939774,0.07199032604694366,0.06121541187167168,0.00511944992467761,0.03692346066236496,0.09024284034967422,0.021422933787107468,0.000203790667001158,0.11565687507390976,0.0811464861035347,0.0,0.03383214771747589,0.025108924135565758,0.14847873151302338,0.19830673933029175,0.014001741074025631,0.0,0.030595550313591957,0.16124828159809113,0.026793017983436584,0.6214657425880432,0.0,0.0,0.16528913378715515,0.039047908037900925,0.16567577421665192,0.06834879517555237,0.07300563156604767,0.0020750982221215963,0.043696001172065735,0.05166759341955185,0.15472754836082458,0.0,0.3084949851036072,0.0,0.018045106902718544,0.02869700826704502,0.1671261191368103,0.11896858364343643,0.15923410654067993,0.001109673990868032,0.0016053200233727694,0.02421264722943306,0.0016111087752506137,0.0,0.0053919292986392975,0.13304418325424194,0.0186330433934927,0.18880777060985565,0.06911098212003708,0.3515973389148712,0.050594691187143326,0.008851840160787106,0.1473332792520523,0.029367918148636818,0.0,0.03660827502608299,0.0,0.0,0.7099908590316772,0.0,0.0,0.012541932985186577,0.0,0.0,0.0,0.06424318999052048,0.0,0.0,0.0,0.0,0.0,0.0,0.010774623602628708,0.08595190197229385,0.08061331510543823,0.00018605560762807727,0.0,0.0,0.0,0.0,0.0,0.0003550589026417583,0.004823907744139433,0.0,0.16227731108665466,0.0,0.13235662877559662,0.05050231143832207,0.3001968562602997,0.0,0.0,0.0,0.09181248396635056,0.011980338022112846,0.007029878906905651,0.0,0.0,0.0,0.003611577209085226,0.0,0.08113349229097366,0.04829108715057373,0.0020138383843004704,0.0,0.4546542763710022,0.0,0.0,0.03288853541016579,0.005312719848006964,0.0017797452164813876,0.004960543941706419,0.0,0.0015712560852989554,0.14847439527511597,0.05642490088939667,0.0,0.0,0.0,0.008264163509011269,0.0,0.0,0.05415702983736992,0.0,0.002018936676904559,0.21376696228981018,0.0,0.0,0.0,0.0,0.0,0.11865285784006119,0.0,0.08955484628677368,0.01530658919364214,0.0,0.012856743298470974,0.0,0.0,0.005044916644692421,0.0,0.005696175154298544,0.0,0.0,0.01978318952023983,0.0,0.0,0.0,0.0,0.01383394468575716,0.0,0.0,0.0,0.0,0.0,0.020439019426703453,0.0,0.057937465608119965,0.0,0.025594960898160934,0.07618911564350128,0.007014394272118807,0.010469458065927029,0.007848517037928104,0.15035243332386017,0.0,0.0078610610216856,0.00021429538901429623,0.07844637334346771,0.0,0.0,0.0,0.0,0.00353544345125556,0.0,0.0015842056600376964,0.0,0.00259127258323133,0.008045370690524578,0.0,0.0,0.05756630748510361,0.0,0.016647644340991974,0.046731315553188324,0.004155171103775501,0.0,0.0,0.04507561773061752,0.0,0.0,0.0,0.0,0.014069373719394207,0.0,0.0,0.18034322559833527,0.0,0.0,0.06179361417889595,0.26464036107063293,0.0401848703622818,0.0,0.0,0.0002983391168527305,0.0,0.0,0.02977384626865387,0.0,0.019996482878923416,0.0,0.0,0.038110557943582535,0.01923699676990509,0.0,0.0,0.0,0.10937976092100143,0.0,0.03835533931851387,0.21395589411258698,0.012361501343548298,0.0,0.0,0.0,0.008960084989666939,0.0,0.0,0.0,0.0,0.0,0.0,0.009389528073370457,0.03949100151658058,0.0,0.0,0.0,0.016785016283392906,0.021583572030067444,0.0,0.0,0.0,0.0016045058146119118,0.12685103714466095,0.015701040625572205,0.058433156460523605,0.002418812597170472,0.0,0.0,0.0,0.002260567620396614,0.1460755318403244,0.0352415069937706,0.004716901574283838,0.005608009174466133,0.0,0.0,0.4006572961807251,0.0,0.0,0.0,0.0,0.0,0.0,0.025938376784324646,0.023714618757367134,0.0,0.005245096515864134,0.0,0.0,0.14580181241035461,0.0,0.0,0.0,0.017954135313630104,0.005476802121847868,0.06291934847831726,0.0,0.11175782233476639,0.0,0.005183366127312183,0.007338931784033775,0.0,0.0,0.0,0.0,0.03975893557071686,0.0,0.21591956913471222,0.0,0.0031455897260457277,0.0,0.0,0.03567688912153244,0.0,0.0005230820388533175,0.11997398734092712,0.047143787145614624,0.0,0.20691844820976257,0.054161228239536285,0.0,0.0,0.04567104950547218,0.27367132902145386,0.0,0.026801221072673798,0.06044492870569229,0.0,0.0,0.0,0.028508260846138,0.0,0.0,0.005371465813368559,0.06586349755525589,0.0,0.038453005254268646,0.0,0.1527748703956604,0.06642090529203415,0.07605451345443726,0.03567090630531311,0.004142861347645521,0.0,0.0,0.0,0.005346586927771568,0.0,0.0,0.1674598902463913,0.008230281993746758,0.01703098975121975,0.0,0.0,0.0,0.0,0.0,0.014864184893667698,0.0,0.0,0.0,0.4343411922454834,0.013098519295454025,0.016691623255610466,0.0,0.13395334780216217,0.0,0.0,0.00581307103857398,0.018535060808062553,0.031200937926769257,0.059334829449653625,0.0,0.0,0.0,0.0,0.0,0.0,0.020516274496912956,0.003950770013034344,0.0,0.00450985599309206,0.0,0.0790335163474083,0.053430188447237015,0.005767452530562878,0.0,0.0,0.0,0.0,0.0,0.0,0.0,0.0,0.0,0.0,0.11213567107915878,0.01607750914990902,0.0,0.0,0.0,0.0,0.028188342228531837,0.0,0.0,0.007155326195061207,0.0,0.0,0.015705889090895653,0.0,0.0,0.08995138108730316,0.02144875004887581,0.14233216643333435,0.018617572262883186,0.0,0.24670077860355377,0.01117495447397232,0.13722622394561768,0.0012985491193830967,0.0,0.11135480552911758,0.0,0.050127316266298294,0.08905788511037827,0.0,0.03220784291625023,0.0,0.0,0.0,0.0,0.0,0.0,0.0008636891725473106,0.0,0.05270445719361305,0.0,0.0,0.0,0.03928704559803009,0.012374477460980415,0.0,0.0,0.0,0.0,0.10356597602367401,0.007421515416353941,0.0015068352222442627,0.06278756260871887,0.024234451353549957,0.0,0.0,0.0053185452707111835,0.0640646293759346,0.0,0.0,0.36023247241973877,0.03914039582014084,0.012455666437745094,0.0,0.01832527108490467,0.0,0.12524230778217316,0.01625983975827694,0.0,0.0,0.0006017935229465365,0.006288583390414715,0.16538724303245544,0.11270955204963684,0.03592076152563095,0.0,0.005534154362976551,0.04276421666145325,0.0,0.0,0.0,0.06834637373685837,0.0,0.03307880461215973,0.0,0.034009795635938644,0.0,0.23433738946914673,0.0,0.0,0.0009108275407925248,0.23635552823543549,0.06162211298942566,0.002712930552661419,0.011793508194386959,0.523500382900238,0.0,0.02374744601547718,0.0,0.011487607844173908,0.0,0.0,0.0,0.0006062125903554261,0.29160642623901367,0.0,0.1435045599937439,0.0,0.0,0.0004483926168177277,0.003268483793362975,0.0,0.01663866825401783,0.003747513284906745,0.0,0.19283036887645721,0.09056969732046127,0.0,0.0,0.005786667577922344,0.06949640065431595,0.0008401766535826027,0.31747427582740784,0.0,0.0,0.0043561505153775215,0.01739361509680748,0.0,0.10746297240257263,0.049165286123752594,0.06298020482063293,0.12721659243106842,0.01992315798997879,0.017109539359807968,0.0016539943171665072,0.029631495475769043,0.03044402040541172,0.012710061855614185,0.0,0.0,0.18998269736766815,0.010757536627352238,0.04477014020085335,0.0,0.0014354955637827516,0.08881103247404099,0.2270393967628479,0.0,0.022151097655296326,0.09633710235357285,0.04413260146975517,0.015231844037771225,0.0,0.0,0.034960512071847916,0.0,0.0035104560665786266,0.15512962639331818,0.043299127370119095,0.03193766623735428,0.0,0.025762612000107765,0.0,0.0,0.027654219418764114,0.07786894589662552,0.05377471074461937,0.0,0.2074204981327057,0.0,0.0,0.0,0.015008444897830486,0.05328277498483658,0.29697227478027344,0.017343880608677864,0.08946367353200912,0.07623162120580673,0.0,0.0,0.00460533844307065,0.0,0.0,0.0,0.01199913490563631,0.0,0.0,0.018084468320012093,0.11742483079433441,0.0,0.0,0.030619697645306587,0.011377760209143162,0.0,0.2472524791955948,0.0,0.0,0.04610097035765648,0.04731353744864464,0.0,0.04405112564563751,0.0025561440270394087,0.2564960718154907,0.0,0.0002893161727115512,0.4869902431964874,0.0,0.02360919676721096,0.004286112729460001,0.0,0.0,0.0,0.006405518855899572,0.022852309048175812,0.0,0.1451510190963745,0.0,0.0,0.0016353309620171785,0.0,0.013945803977549076,0.015494119375944138,0.0,0.025332631543278694,0.0,0.0,0.007777359336614609,0.0,0.3625565469264984,0.0,0.0,0.0,0.0,0.0,0.0,0.5824689865112305,0.053583040833473206,0.02120942994952202,0.030174313113093376,0.07806114107370377,0.0,0.0012034464161843061,0.0,0.22608940303325653,0.0,0.06800562143325806,0.005723319016396999,0.0051820240914821625,0.0021851379424333572,0.0224613044410944,0.18661728501319885,0.0,0.012383789755403996,0.0,0.09172812104225159,0.03834149241447449,0.09691258519887924,0.010049505159258842,0.07610759884119034,0.03619806468486786,0.0,0.4564763307571411,0.0,0.0,0.04816083982586861,0.016077669337391853,0.03135339170694351,0.0,0.010766575112938881,0.0,0.020942941308021545,0.14677737653255463,0.0,0.16595928370952606,0.03204666078090668,0.07100000232458115,0.0,0.019013546407222748,0.39119160175323486,0.004455257672816515,0.16110992431640625,0.10995513200759888,0.14203035831451416,0.05292742699384689,0.013860051520168781,0.1057867631316185,0.09270228445529938,0.022104300558567047,0.17357143759727478,0.0,0.0,0.32927781343460083,0.007404900621622801,0.0,0.035495560616254807,0.0,0.0,0.09879998862743378,0.004773620516061783,0.0016483796061947942,0.0010123014217242599,0.0,0.0010405260836705565,0.0,0.23232269287109375,0.04760352149605751,0.0,0.0,0.020914461463689804,0.0,0.0,0.06981025636196136,0.0,0.06299526244401932,0.0,0.12890926003456116,0.0,0.011511233635246754,0.059935908764600754,0.0,0.04796356335282326,0.019377892836928368,0.018934786319732666,0.11893482506275177,0.0,0.059702225029468536,0.02242562361061573,0.05785064399242401,0.0,0.09873314201831818,0.035140298306941986,0.007975447922945023,0.0,0.18794338405132294,0.0,0.0,0.005284877959638834,0.6560393571853638,0.19066043198108673,0.002234253566712141,0.04676305875182152,0.3328198492527008,0.0,0.00043349145562388003,0.0,0.2280241996049881,0.0,0.058655597269535065,0.0,0.0,0.0,0.0,0.09611313045024872,0.0,0.0,0.17688798904418945,0.03428695350885391,0.0,0.0,0.1969831883907318,0.0,0.0,0.03360946476459503,0.036930378526449203,0.04626166447997093,0.011116845533251762,0.008699893020093441,0.08535246551036835,0.0,0.005648937076330185,0.22571991384029388,0.0,0.0,0.0035264533944427967,0.08659164607524872,0.05303916335105896,0.0,0.10532914847135544,0.0,0.0,0.3246326744556427,0.006626625079661608,0.0,0.023240704089403152,0.0,0.0,0.01237921230494976,0.4274427890777588,0.0,0.0,0.27270734310150146,0.061252716928720474,0.008766223676502705,0.09403777122497559,0.0,0.03566613048315048,0.03541181609034538,0.003099599853157997,0.0,0.0,0.07220777124166489,0.011482479982078075,0.0,0.01988057978451252,0.08728126436471939,0.05945955589413643,0.009131462313234806,0.13459748029708862,0.0,0.042661894112825394,0.01659224182367325,0.0,0.20638082921504974,0.006425808183848858,0.0059732794761657715,0.10864783078432083,0.0,0.0,0.16182245314121246,0.053741443902254105,0.0013625165447592735,0.046430572867393494,0.37424400448799133,0.07056283950805664,0.04743310436606407,0.0,0.047873400151729584,0.20466886460781097,0.08385194838047028,0.1062341034412384,0.0,0.07048247009515762,0.00939834676682949,0.061551496386528015,0.029365669935941696,0.06678628921508789,0.45961254835128784,0.0,0.3551763594150543,0.0,0.01173444651067257,0.035799190402030945,0.27271053194999695,0.11347691714763641,0.147745281457901,0.10660658776760101,0.0,0.010960889048874378,0.010353670455515385,0.023080311715602875,0.0,0.031076068058609962,0.03337851166725159,0.0,0.0,0.0,0.0,0.12929297983646393,0.0,0.0,0.09163181483745575,0.0393013060092926,0.18115587532520294,0.0,0.0,0.006679999642074108,0.0,0.0,0.0,0.38727253675460815,0.0,0.0,0.0,0.0,0.1757267713546753,0.0,0.0,0.0,0.07492034137248993,0.004551398567855358,0.01226881518959999,0.24143844842910767,0.26538050174713135,0.0,0.009478195570409298,0.0015876841498538852,0.034876368939876556,0.0,0.0,0.0,0.0,0.028380701318383217,0.009792759083211422,0.0,0.0,0.00808554608374834,0.003338545560836792,0.24581706523895264,0.12186130881309509,0.0,0.0,0.0,0.0,0.0,0.39614441990852356,0.028719212859869003,0.2723029851913452,0.0,0.06693745404481888,0.0023188902996480465,0.0009697175119072199,0.0,0.04061567410826683,0.0,0.015453283675014973,0.0,0.013212471269071102,0.009018409997224808,0.0,0.015260113403201103,0.0,0.06322299689054489,0.0,0.03515172004699707,0.028929073363542557,0.0,0.0,0.0,0.0,0.0,0.7945617437362671,0.2931142747402191,0.0,0.0,0.03350245580077171,0.001638599089346826,0.006797412410378456,0.03128054738044739,0.08731202781200409,0.0,0.0,0.6567778587341309,0.0,0.0,0.0,0.03765244409441948,0.0,0.0,0.0,0.0,0.0,0.0,0.0,0.42222967743873596,0.055145274847745895,0.0,0.046822670847177505,0.0,0.0010516024194657803,0.0,0.0,0.012083112262189388,0.0,0.01984458975493908,0.28933677077293396,0.03626689314842224,1.1276863813400269,0.0,0.0007624935824424028,0.005290106404572725,0.0,0.0,0.016286201775074005,2.2999002933502197,0.033058155328035355,0.0,0.0,0.03800564259290695,0.0,0.0,0.0,0.08881290256977081,0.007886870764195919,0.0,0.4840628504753113,0.0,0.010560722090303898,0.025608167052268982,0.0,0.0,0.0,0.05831856280565262,0.2895009517669678,0.05975452437996864,0.0,0.16598671674728394,0.0,0.0,0.0,0.0,0.0,0.06789018958806992,0.027171602472662926,0.02302648313343525,0.0,0.0,0.21675394475460052,0.014120667241513729,0.0,0.04569438099861145,0.5365434288978577,0.0,0.008178165182471275,0.1833372861146927,0.0,0.01593182235956192,0.0,0.0028641039971262217,0.0,0.040241893380880356,0.0,0.0,0.004106007982045412,0.0,0.0,0.01894526556134224,0.0,0.10875513404607773,0.038090839982032776,0.8935843706130981,0.0,0.03763953596353531,0.0021083068568259478,0.0011273574782535434,0.03421284630894661,0.0,0.047181930392980576,0.0,0.0,0.602328360080719,0.0,0.023289073258638382,0.0,0.0,0.0,0.0,0.027740826830267906,0.013392363674938679,0.0,0.002743730554357171,0.0,0.0,0.0,0.0011004022089764476,0.0,0.0,0.0,0.0,0.0,0.0004503288946580142,0.1948682814836502,0.0,0.06597623229026794,0.0,0.0,0.0,0.0,0.0,0.05723981931805611,0.0,0.0024494051467627287,0.040384646505117416,0.0,0.035579897463321686,0.0,0.006639950443059206,0.18711498379707336,0.0,0.05493735149502754,0.014347796328365803,0.0,0.03363367170095444,0.0,0.014175105839967728,0.0,0.032216355204582214,0.0,0.00013937473704572767,0.0,0.03418181091547012,0.0,0.0,0.01293032243847847,0.0673956647515297,0.0,0.004366092849522829,0.32503432035446167,0.08332818746566772,0.0,0.010855300351977348,0.0,0.0,0.006819171365350485,0.0,0.006748804822564125,0.07031960785388947,0.033006198704242706,0.0,0.03300468623638153,0.0,0.0684419721364975,0.0,0.0,0.0,0.11584943532943726,0.1800117939710617,0.03323507308959961,0.0,0.0050137899816036224,0.12627790868282318,0.006146752741187811,0.0015890240902081132,0.0,0.2848187983036041,0.08324180543422699,0.09846657514572144,0.005947067867964506,0.0,0.0,1.0221753120422363,0.4498365819454193,0.0970923975110054,0.0,0.0,0.0,0.0,0.0,0.027828210964798927,0.001870666746981442,0.5071690678596497,0.0207926444709301,0.14078304171562195,0.0,0.0,0.0,0.00927191972732544,0.04262499883770943,0.0,0.0009474802063778043,0.06123647838830948,0.17810435593128204,0.0,0.002553718164563179,0.2325029820203781,0.011384484358131886,0.4612550437450409,0.052611276507377625,0.009514245204627514,0.21929298341274261,0.038136325776576996,0.022914275527000427,0.0,0.3612527847290039,0.015951814129948616,0.0,0.0,0.0,0.0,0.0,0.11925093829631805,0.0,0.0,0.2815278172492981,0.0190522950142622,0.0,0.0,0.006715802941471338,0.018275633454322815,0.0,0.0025267803575843573,0.0,0.0,0.15006579458713531,0.0,0.0,0.0,0.0368950217962265,0.0,0.0,0.006979544181376696,0.0,0.0,0.0,0.0,0.01305454596877098,0.13211126625537872,0.010023352690041065,0.0,0.0013478106120601296,0.0,0.15593285858631134,0.0,0.0,0.016686702147126198,0.0,0.04424278810620308,0.025470459833741188,0.0,0.0,0.0,0.0,0.0,0.0,0.0,0.009266047738492489,0.0,0.0,0.0,0.008703714236617088,0.0,0.009980679489672184,0.0,0.04065839201211929,0.025524193421006203,0.031957484781742096,0.004422912374138832,0.04050283506512642,0.0,0.024106653407216072,0.0,0.09205003827810287,0.0014443563995882869,0.03974504396319389,0.08489759266376495,0.09972422569990158,0.0,0.0,0.0,0.0036544036120176315,0.0,0.24792487919330597,0.04219771549105644,0.015424465760588646,0.0,0.02305794693529606,0.04421183466911316,0.038037486374378204,0.0015830796910449862,0.026860026642680168,0.0,0.0,0.05080027878284454,0.0976843610405922,0.01004154421389103,0.015518229454755783,0.0,0.031001320108771324,0.016765836626291275,0.07173195481300354,0.03227679803967476,0.0,0.0,0.12168394029140472,0.12856127321720123,0.014743173494935036,0.0,0.0,0.013446799479424953,0.0,0.5748851895332336,0.008939458057284355,0.006893491838127375,0.0,0.1694454699754715,0.08223030716180801,0.08221806585788727,0.0,0.11319956183433533,0.0,0.0,0.210222989320755,0.14522787928581238,0.0,0.09252840280532837,0.0,0.7674025893211365,0.0,0.002677990822121501,0.017401402816176414,0.006837793625891209,0.0043967063538730145,0.010889118537306786,0.0,0.0,0.021881280466914177,0.00549816619604826,0.21559931337833405,0.0,0.07597477734088898,0.0,0.003359210444614291,0.0066636549308896065,0.13011589646339417,0.12214893102645874,0.003223265754058957,0.03268628567457199,0.16149185597896576,0.0016968441195786,0.045263830572366714,0.01933753304183483,0.0,0.0,0.08522313833236694,0.025566687807440758,0.010927452705800533,0.006343840155750513,0.024727072566747665,0.2262594997882843,0.010222255252301693,0.0,0.0,0.041191793978214264,0.10032770037651062,0.007816570810973644,0.0,0.0,0.043496023863554,0.0,0.007092354353517294,0.011798330582678318,0.12476195394992828,0.013007993809878826,0.06555043160915375,0.0067934300750494,0.0813915804028511,0.5904442071914673,0.07220816612243652,0.0790296196937561,0.0025723122525960207,0.09058154374361038,0.024225439876317978,0.0,0.0,0.0026848174165934324,0.04850992560386658,0.02726764976978302,0.04063607379794121,0.01652142032980919,0.03501398488879204,0.0031737149693071842,0.36868786811828613,0.13598236441612244,0.0,0.045249149203300476,0.0,0.18952864408493042,0.3505604565143585,0.03942643478512764,0.016533806920051575,0.5420243144035339,0.024752585217356682,0.6935430765151978,0.08159754425287247,2.2912024633114925e-06,0.0,0.0,0.1040855199098587,0.0,0.05603502318263054,0.0,0.0005952191422693431,0.02034095488488674,0.0,0.019851630553603172,1.308345913887024,0.18207654356956482,0.035123176872730255,0.0,0.05841715633869171,0.0,0.05651988461613655,0.02010325901210308,0.009245901368558407,0.0,0.4123231768608093,0.06347137689590454,0.05044705420732498,0.016286659985780716,0.0,0.0,0.06661830842494965,0.0,0.1115158274769783,0.05449182167649269,0.0,0.22342517971992493,0.012037541717290878,0.03748515993356705,0.0,0.004201820120215416,0.0,0.0,0.6198834180831909,0.31718817353248596,0.0,0.06948661059141159,0.18627527356147766,0.02059399150311947,0.1428314447402954,0.011836900375783443,0.038046833127737045,0.01126908976584673,0.013157431036233902,0.0045027160085737705,0.0,0.019389929249882698,0.0,0.06975414603948593,0.0,0.1278250366449356,0.14022226631641388,0.010565039701759815,0.0,0.07001513242721558,0.02525917999446392,0.03458685055375099,0.21685779094696045,0.009250381030142307,0.0,0.12377693504095078,0.0,0.011469469405710697,0.0709422379732132,0.0023245024494826794,0.04158657044172287,0.0,0.0,0.0022330356296151876,0.450852632522583,0.0,0.04436388984322548,0.02702055498957634,0.0,0.0,0.0,0.028564685955643654,0.0,0.001261121011339128,0.022476309910416603,0.032943688333034515,0.013788475655019283,0.0,0.010918996296823025,0.0,0.7851772904396057,0.1399163156747818,0.0031695507932454348,0.24742919206619263,0.09772808104753494,0.004802622366696596,0.007496223319321871,0.0,0.017946679145097733,0.0,0.01869477704167366,0.07741690427064896,0.023133184760808945,0.002281006658449769,0.0,0.0,0.0,0.013953969813883305,0.0,0.10110978037118912,0.06160859763622284,0.03288399055600166,0.023139704018831253,0.13967835903167725,0.10162820667028427,0.019978610798716545,0.10624562203884125,0.03180278092622757,0.0,0.11553546786308289,0.0005680060130544007,0.0010844743810594082,0.0,0.045561905950307846,0.0069831786677241325,0.0,0.07937829941511154,0.2636963725090027,0.0,0.0,0.0,0.04649636894464493,0.0,0.0,0.07548676431179047,0.007545722648501396,0.0,0.05715659260749817,0.015497079119086266,0.006938811391592026,0.030823972076177597,0.0,0.0,0.006801040377467871,0.0,0.02685682848095894,0.17167377471923828,0.004687177948653698,0.4782557189464569,0.019832175225019455,0.016520647332072258,0.2543288469314575,0.0013065957464277744,0.019068274646997452,0.0,0.0,0.0017761194612830877,0.006153074558824301,0.15574270486831665,0.4692727029323578,0.0,0.012705049477517605,0.0,0.0,0.010897262021899223,0.0,0.008017456158995628,0.0,0.0,0.47482576966285706,0.0,0.0,0.0,0.0,0.17492076754570007,0.006021731533110142,0.0,0.0,0.0,0.22076824307441711,0.013951694592833519,0.06029762327671051,0.0,0.0,0.005869762506335974,0.010846004821360111,0.0,0.0,0.0744868591427803,0.018408475443720818,0.04144973307847977,0.020295238122344017,0.0,0.0008326709503307939,0.03582678362727165,0.0,0.023423748090863228,0.0,0.0,0.01638554036617279,0.08045428991317749,0.09044046700000763,0.005955831613391638,0.030569713562726974,0.058091793209314346,0.0547320656478405,0.0,0.05676959455013275,0.5893954038619995,0.009426535107195377,0.272121787071228,0.033495109528303146,0.09492535889148712,0.013524799607694149,0.302374929189682,0.0,0.007794755510985851,0.0,0.05589364096522331,0.02252780646085739,0.015221783891320229,0.0,0.03039839118719101,0.0,0.04201837629079819,0.017696361988782883,0.07121068239212036,0.0015576754231005907,0.40569207072257996,0.042163122445344925,0.020582590252161026,0.006284043658524752,0.0,0.04235212504863739,0.0,0.061463017016649246,0.030666140839457512,0.0,0.012991235591471195,0.020087800920009613,0.0,0.016384819522500038,0.05639428645372391,0.023983748629689217,0.004453218076378107,0.0,0.01852753572165966,0.01000552624464035,0.0279462281614542,0.0,0.0,0.00011963784345425665,0.06106863170862198,0.08448496460914612,0.7199568152427673,0.0,0.0,0.0,0.0,0.0005298495525494218,0.051358867436647415,0.0,0.0,0.0,0.0,0.0,0.0063172318041324615,0.12396712601184845,0.0,0.005418643821030855,0.21376818418502808,0.045011166483163834,0.2196880578994751,0.01120678149163723,0.07835947722196579,0.0,0.16189250349998474,0.0,0.0,0.0030551396775990725,0.023113040253520012,0.005955878645181656,0.0,0.3298795819282532,0.0,0.0,0.09757182002067566,0.0,0.0,0.0,0.0,0.0,0.0,0.015845851972699165,0.045696038752794266,0.004965902306139469,0.0,0.0,0.008524520322680473,0.04094945266842842,0.0,0.0,0.14830553531646729,0.016634823754429817,0.055623844265937805,0.05784843489527702,0.0,0.05027152970433235,0.0,0.0,0.0,0.18003790080547333,0.0,0.0,0.047782763838768005,0.0,0.007721440866589546,0.0,0.0,0.036636918783187866,0.0,0.0,0.0,0.0,0.0,0.0,0.006254737265408039,0.004177945666015148,0.03513667732477188,0.5652642250061035,0.0,0.007829470559954643,0.00540316104888916,0.0,0.0,0.3026832640171051,0.0,0.10005360841751099,0.258135586977005,0.0,0.0,0.005924875847995281,0.0,0.0,0.0,0.0,0.4640258848667145,0.0,0.0,0.0,0.0,0.0,0.30145490169525146,0.09566006064414978,0.017741946503520012,2.1622776330332272e-05,0.005267629399895668,0.054891232401132584,0.31666329503059387,0.0,0.0,0.01321743056178093,0.0,0.0,0.0,0.0,0.0,0.017962057143449783,0.0,0.0,0.0,0.0,0.2798236906528473,0.0,0.028006305918097496,0.04882904887199402,0.005997064057737589,0.0,0.28335344791412354,0.12683779001235962,0.0,0.09033604711294174,0.0,0.001186684938147664,0.0,0.003551188623532653,0.0563906766474247,0.0,0.0,0.0240765493363142,0.0,0.01890500821173191,0.0226844884455204,0.008837890811264515,0.0,0.003724620444700122,0.006724420934915543,0.12322081625461578,0.02750435657799244,0.003991956822574139,0.011099598370492458,0.0,0.03407149761915207,0.05257489159703255,0.07830726355314255,0.029532859101891518,0.0,0.0,0.003581633558496833,0.057195406407117844,0.0,0.0,0.018002593889832497,0.0,0.010283010080456734,0.0,0.0,0.0,0.0,0.0021395254880189896,0.01126521360129118,0.0013196330983191729,0.0,0.0,0.06346914917230606,0.07921238243579865,0.04926281049847603,0.00567415589466691,0.019454341381788254,0.0,0.0,0.0005641162279061973,0.3956570327281952,0.0,0.04827233403921127,0.04047894477844238,0.002747440245002508,0.007570477668195963,0.43570759892463684,0.010945925489068031,0.06584319472312927,0.0
0.0,0.0013299298007041216,0.3117166757583618,0.0011270690010860562,0.0,0.0,0.01947011426091194,0.015879672020673752,0.0009080219315364957,0.06582225114107132,0.0,0.01801275461912155,0.018387453630566597,0.31383877992630005,0.10162997990846634,0.17521469295024872,0.01857956498861313,0.03998932987451553,0.0,0.2985485792160034,0.05253985524177551,0.0,0.0321211963891983,0.17920278012752533,0.04843220114707947,0.0945807620882988,0.0,0.0,0.0,0.0,0.4337977170944214,0.10885629802942276,0.0,0.0,0.29086926579475403,0.18995314836502075,0.005215232260525227,0.04932861402630806,0.0,0.09118124842643738,0.3054182529449463,0.0,0.0,0.1266956776380539,0.47882065176963806,0.01642402447760105,0.036672815680503845,0.0,0.23224423825740814,0.0,0.0,0.2277945727109909,0.0031907844822853804,0.1519179791212082,0.0447821281850338,0.0,0.0,0.0,0.09138939529657364,0.01055103074759245,0.007706364616751671,0.41997256875038147,0.05638981983065605,0.0,0.0037975884042680264,0.29617390036582947,0.1244392991065979,0.019567439332604408,0.03939441591501236,0.0,0.21549244225025177,0.012676329351961613,0.009527496993541718,0.1564279943704605,0.0,0.12074793130159378,0.40895718336105347,0.00667745154350996,0.15705470740795135,0.43218788504600525,0.0,0.06722327321767807,0.0,0.05645937845110893,0.0,0.31253352761268616,0.029503095895051956,0.0,0.0,0.0183321051299572,0.00898794922977686,0.005848756060004234,0.23748797178268433,0.5338680148124695,0.0006851917714811862,0.16706107556819916,0.042734164744615555,0.0,0.0,0.0,0.025147819891572,0.03796572983264923,0.14785116910934448,0.015132098458707333,0.07496070861816406,0.005454585421830416,0.030345356091856956,0.0,0.001752071431837976,0.00474470853805542,0.0191686749458313,0.03034195862710476,0.0,0.16484463214874268,0.008508679457008839,0.4011997580528259,0.0,0.0873064249753952,0.0,0.1599317491054535,0.02237144485116005,0.008713090792298317,0.33595314621925354,0.02890775352716446,0.0,0.0,0.19242118299007416,0.029753290116786957,0.16042932868003845,0.00488654850050807,0.12242837250232697,0.0,0.030953161418437958,0.0,0.05024589225649834,0.07974208146333694,0.01063650380820036,0.0,0.0012197219766676426,0.0019214743515476584,0.11272996664047241,0.03639816865324974,0.0,0.02561955899000168,0.23351474106311798,0.0,0.017632268369197845,0.28938549757003784,0.012503540143370628,0.05137649551033974,0.06716994196176529,0.0,0.05655721575021744,0.06027651205658913,0.0,0.030742673203349113,0.012824802659451962,0.014906525611877441,0.1306413859128952,0.0847037062048912,0.010930630378425121,0.009577330201864243,0.018887363374233246,0.37639689445495605,0.10097166150808334,0.0,0.23668983578681946,0.0,0.10968907177448273,0.36147740483283997,0.1205078661441803,0.04510340839624405,0.059011802077293396,0.19175277650356293,0.05146532133221626,0.04437900707125664,0.553751528263092,0.007924247533082962,0.0,0.32854121923446655,0.0,0.0007325124461203814,0.022847093641757965,0.021572062745690346,0.029196741059422493,0.31713467836380005,0.15260973572731018,0.055047884583473206,0.06408557295799255,0.3063174784183502,0.03310650959610939,0.05729084834456444,0.0,0.007513036951422691,0.014558069407939911,0.009431805461645126,0.04109944775700569,0.03265150636434555,0.25080037117004395,0.0034349202178418636,0.14359796047210693,0.027889294549822807,0.0,0.15669021010398865,0.0,0.02387196011841297,0.05125436931848526,0.007990867830812931,0.06355805695056915,0.11786185950040817,0.14022357761859894,0.0031555532477796078,0.20556306838989258,0.0,0.018523870036005974,0.028044352307915688,0.045963920652866364,0.012875315733253956,0.0,0.014538545161485672,0.07077459990978241,0.009431586600840092,0.16949161887168884,0.15105034410953522,0.0,0.19557388126850128,0.011211500503122807,0.016544895246624947,0.07881546765565872,0.10533156991004944,0.16009993851184845,0.004496402572840452,0.21327707171440125,0.04280005022883415,0.12201885879039764,0.25109022855758667,0.013086323626339436,0.08604338765144348,0.0377131924033165,0.0,0.0,0.05237768962979317,0.08003385365009308,0.0,0.06264075636863708,0.03970799595117569,0.05280926823616028,0.058518800884485245,0.0,0.012820499017834663,0.0,0.003605998819693923,0.005153047852218151,0.02347140945494175,0.0,0.0734960287809372,0.0,0.08171894401311874,0.06880799680948257,0.49460315704345703,0.0,0.021972578018903732,0.026788506656885147,0.0,0.09461051970720291,0.03172251582145691,0.08774593472480774,0.042871616780757904,0.013970413245260715,0.0204757172614336,0.1041136234998703,0.0,0.002942032879218459,0.122034452855587,0.03665861487388611,0.0,0.05754784494638443,0.008709048852324486,0.1318058967590332,0.20162752270698547,0.008436858654022217,0.0,0.03033985197544098,0.13015347719192505,0.024642188102006912,0.6737227439880371,0.0,0.0,0.18709568679332733,0.044295791536569595,0.11591321229934692,0.1241096556186676,0.05616758018732071,0.0,0.03551892191171646,0.019579600542783737,0.15197473764419556,0.0,0.26644366979599,0.0,0.02282097190618515,0.03183625265955925,0.17370986938476562,0.12091067433357239,0.1191737949848175,0.0010643911082297564,0.010247357189655304,0.023153815418481827,0.0,0.0,0.0,0.14028075337409973,0.011765871196985245,0.14917384088039398,0.04174932464957237,0.32207784056663513,0.027488412335515022,0.0021579433232545853,0.17192526161670685,0.039216648787260056,0.0,0.050691451877355576,0.0,0.0,0.7002044916152954,0.0,0.0,0.0,0.0,0.0,0.0,0.05096571892499924,0.0,0.0,0.031751468777656555,0.0,0.0,0.0,0.006555414758622646,0.06643625348806381,0.05370462313294411,0.006206923630088568,0.0,0.0,0.0,0.0,0.0,0.0,0.0,0.0,0.18144646286964417,0.0,0.08149435371160507,0.07219329476356506,0.3156370520591736,0.0,0.0,0.0,0.07931330800056458,0.007964789867401123,0.003918626811355352,0.0,0.0,0.0,0.0,0.0,0.08230584114789963,0.005828233435750008,0.0,0.0,0.564152717590332,0.0,0.0,0.05077901482582092,0.008093714714050293,0.0,0.0065936315804719925,0.0018758607329800725,0.0,0.1922745555639267,0.07054384052753448,0.0,0.0,0.005427770782262087,0.011320654302835464,0.0,0.0,0.05312880873680115,0.0,0.0,0.23527157306671143,0.0,0.0,0.0,0.0,0.0,0.1120368018746376,0.0,0.1049840897321701,0.022734064608812332,0.0,0.023689471185207367,0.0,0.00930258259177208,0.004423711448907852,0.0,0.022163955494761467,0.0,0.0,0.04316680505871773,0.0,0.0,0.0,0.0,0.011221288703382015,0.0,0.0,0.0,0.0,0.0,0.016191117465496063,0.0,0.04752691835165024,0.0,0.021031923592090607,0.11676441133022308,0.012230414897203445,0.010344529524445534,0.020315399393439293,0.14008009433746338,0.0,0.0,0.005510783288627863,0.10028812289237976,0.0,0.0,0.0021548080258071423,0.005348440259695053,0.0015511501114815474,0.0,0.0007761096931062639,0.0,0.008521681651473045,0.015591864474117756,0.0,0.0,0.08613321185112,0.0,0.020587211474776268,0.06649889796972275,0.01727045141160488,0.0,0.0,0.041214361786842346,0.0,0.0015145855722948909,0.0,0.0,0.013417383655905724,0.0,0.002530311932787299,0.22059066593647003,0.0,0.0,0.08732519298791885,0.22184301912784576,0.04146875441074371,0.0,0.0,0.0,0.0,0.0,0.01816088892519474,0.0,0.024871572852134705,0.0,0.0,0.018006417900323868,0.0374264232814312,0.0,0.0,0.0,0.19628210365772247,0.01246608980000019,0.051179658621549606,0.21407102048397064,0.007453783880919218,0.0,0.0,0.0,0.030852563679218292,0.0,0.0,0.0,0.0,0.0,0.0,0.016986263915896416,0.024149348959326744,0.0,0.0,0.0,0.017696654424071312,0.025295674800872803,0.0025329352356493473,0.0,0.0,0.007202405948191881,0.12839192152023315,0.013147599995136261,0.044867467135190964,0.017830152064561844,0.0,0.0007320916629396379,0.0,0.0005379047943279147,0.1774834841489792,0.05453966185450554,0.0,0.022338824346661568,0.0,0.0,0.4422994554042816,0.0,0.0,0.0,0.0,0.0,0.0,0.026247108355164528,0.0069204713217914104,0.0,0.0008421540260314941,0.0002852451871149242,0.0,0.10723110288381577,0.0,0.0,0.0,0.023245885968208313,0.0027627586387097836,0.040636539459228516,0.0,0.07986119389533997,0.0,0.0,0.034913212060928345,0.0,0.001069223857484758,0.0,0.004257983062416315,0.02651931345462799,0.00791167002171278,0.21737423539161682,0.007841539569199085,0.012262594886124134,0.0,0.0,0.027817122638225555,0.0,0.0,0.1377512812614441,0.026260683313012123,0.0,0.19200009107589722,0.06626833230257034,7.88521792856045e-05,0.0,0.0497145876288414,0.3215216100215912,0.0,0.04721976816654205,0.0948268324136734,0.0,0.0,0.0014619731809943914,0.007269306108355522,0.0,0.0,0.0002054131036857143,0.06264764815568924,0.0,0.04858509078621864,0.0,0.2017570436000824,0.09628228098154068,0.10106243193149567,0.01815074123442173,0.0,0.0,0.0,0.00018335819186177105,0.00597601430490613,0.0,0.009367096237838268,0.19752998650074005,0.028957461938261986,0.025289911776781082,0.0,0.0,0.0,0.0,0.0,0.03174227103590965,0.0,0.0,0.0,0.44771477580070496,0.012571176514029503,0.014205900020897388,0.0,0.17463012039661407,0.0,0.0,0.011642941273748875,0.003757996018975973,0.014026434160768986,0.0735107883810997,0.0,0.0,0.01825648732483387,0.0,0.0,0.0,0.046328917145729065,0.002782190451398492,0.0,0.009985705837607384,0.0,0.060023460537195206,0.03842323645949364,0.008378583006560802,0.0,0.0,0.0,0.0,0.0,0.0014563084114342928,0.0,0.0,0.0,0.0,0.11081276088953018,0.005399865563958883,0.0,0.0,0.0,0.0,0.03658517450094223,0.0,0.0,0.02214808762073517,0.0,0.0,0.00728293601423502,0.0,0.0,0.10552699863910675,0.0,0.12408271431922913,0.011895580217242241,0.0,0.2413058876991272,0.010837259702384472,0.11889487504959106,0.030238643288612366,0.0,0.09719645231962204,0.0,0.06879737973213196,0.1130424290895462,0.0,0.03904368728399277,0.004434903617948294,0.0,0.0,0.0,0.0,0.0,0.008515401743352413,0.0,0.0604528933763504,0.0,0.0,0.0,0.11080922931432724,0.008569041267037392,0.0,0.0,0.0,0.025278914719820023,0.10658769309520721,0.017428083345294,0.003077486762776971,0.05817435309290886,0.012930300086736679,0.0,0.0,0.0037225026171654463,0.052544575184583664,0.0,0.0,0.37513524293899536,0.05559231713414192,0.020328516140580177,0.0,0.01573820970952511,0.0,0.1289808303117752,0.0006396913668140769,0.0,0.002831757068634033,0.002988467924296856,0.011368210427463055,0.18439362943172455,0.08755364269018173,0.02352890931069851,0.0,0.0073189688846468925,0.08011294156312943,0.0,0.0,0.0,0.05305194482207298,0.0024130975361913443,0.006157515104860067,0.0,0.032930318266153336,0.0,0.19324451684951782,0.0,0.0,0.0018028515623882413,0.2809125483036041,0.05990364030003548,0.0,0.0007668137550354004,0.5445332527160645,0.0,0.025662021711468697,0.0,0.019414953887462616,0.0,0.0,0.0,0.021737253293395042,0.2518382966518402,0.0,0.12029055505990982,0.0,0.0,0.009849651716649532,0.010231111198663712,0.0,0.0049267602153122425,0.005433480720967054,0.0,0.26844167709350586,0.08680471777915955,0.0,0.0,0.002316195284947753,0.09387283027172089,0.00235730386339128,0.42632973194122314,0.0,0.0,0.0,0.053617559373378754,0.0,0.10972713679075241,0.056982241570949554,0.07285848259925842,0.15629838407039642,0.026480646803975105,0.008294892497360706,0.005403304006904364,0.024313269183039665,0.020085463300347328,0.009804004803299904,0.0,0.0,0.18206042051315308,0.014504474587738514,0.036921426653862,0.0,0.002058329526335001,0.053145285695791245,0.24423550069332123,0.0006648084381595254,0.05447840690612793,0.050863899290561676,0.04373978450894356,0.003875644179061055,0.0,0.0,0.06445541232824326,0.0,0.006521632894873619,0.122321717441082,0.04117370769381523,0.04064897075295448,0.0,0.025330834090709686,0.0,0.0,0.031152868643403053,0.026821427047252655,0.0859137549996376,0.0,0.16724607348442078,0.005657616071403027,0.005582681857049465,0.0,0.01599593460559845,0.07239066809415817,0.2518593966960907,0.012970962561666965,0.08647861331701279,0.046056441962718964,0.0,0.0,0.0,0.0,0.0,0.001920920331031084,0.015514752827584743,0.0,0.0,0.021393606439232826,0.16373182833194733,0.0,0.009597700089216232,0.01826435886323452,0.011692455038428307,0.0,0.13017740845680237,0.0,0.0,0.025297285988926888,0.049658242613077164,0.0,0.033969979733228683,0.0009337246301583946,0.23223215341567993,0.0,0.0038694001268595457,0.5372112989425659,0.0017957842210307717,0.022896170616149902,0.004673981573432684,0.0,0.0,0.0,0.006496063899248838,0.02196207270026207,0.0,0.11826398223638535,0.0,0.0,0.0,0.008517777547240257,0.009328030049800873,0.014609621837735176,0.0,0.01560121402144432,0.0,0.006045398768037558,0.0,0.0,0.3673831522464752,0.0,0.0,0.0,0.0,0.0,0.0,0.6277300119400024,0.0516417995095253,0.0,0.021046094596385956,0.09392943978309631,0.0,0.01819130964577198,0.0,0.17100748419761658,0.013619432225823402,0.04283049702644348,0.013127920217812061,0.018934357911348343,0.002133813453838229,0.009724545292556286,0.16717445850372314,0.0,0.011397688649594784,0.0,0.09563376754522324,0.05887414887547493,0.08013789355754852,0.009130033664405346,0.06412073969841003,0.02394578978419304,0.0,0.4711359143257141,0.0,0.0,0.07347548753023148,0.015904869884252548,0.09413337707519531,0.0,0.005873227026313543,0.014667327515780926,0.04454747587442398,0.1106896847486496,0.0,0.14483743906021118,0.02155175618827343,0.08190672844648361,0.0,0.05465474724769592,0.35521456599235535,6.863355520181358e-05,0.1796390414237976,0.09613662958145142,0.20081180334091187,0.03474709019064903,0.021497681736946106,0.11361771821975708,0.1247631087899208,0.02880599908530712,0.20936331152915955,0.0,0.0,0.3378525674343109,0.008926622569561005,0.0,0.03097471222281456,0.0,0.0,0.11435417830944061,0.0022108943667262793,0.0027149212546646595,0.0020453704055398703,0.0,0.0029782771598547697,0.0,0.24609416723251343,0.05463126301765442,0.0,0.0,0.01428939588367939,0.0,0.0033950579818338156,0.09322898834943771,0.010821583680808544,0.13200122117996216,0.0,0.15124453604221344,0.0,0.02181723341345787,0.07986769080162048,0.0,0.028298383578658104,0.0,0.0471000000834465,0.12047971040010452,0.0,0.07817216217517853,0.019866738468408585,0.09688179194927216,0.0,0.05902380496263504,0.05569607764482498,0.007515719626098871,0.0,0.16852453351020813,0.0,0.0,0.0,0.5516030192375183,0.2180538773536682,0.0,0.01253530289977789,0.37367671728134155,0.0,0.0,0.0005505412700586021,0.24934741854667664,0.0,0.0566360279917717,0.0,0.0,0.0,0.0,0.10216277092695236,0.0,0.0026414848398417234,0.1778465211391449,0.03807242959737778,0.0,0.0,0.2591473460197449,0.006698165088891983,0.00522872107103467,0.01965833082795143,0.035247065126895905,0.04754555597901344,0.01589990220963955,0.014839503914117813,0.08036186546087265,0.0,0.04077037796378136,0.2452314794063568,0.0,0.0,0.028562569990754128,0.08981481194496155,0.0825980007648468,0.0,0.08268716931343079,0.0,0.0,0.33987972140312195,0.012343206442892551,0.0,0.014766152016818523,0.0,0.0,0.02346828766167164,0.39951860904693604,0.0,0.004938061814755201,0.24203471839427948,0.05246596783399582,0.009672603569924831,0.05439065769314766,0.0,0.05147407576441765,0.05269017070531845,0.0,0.0,0.0,0.060299087315797806,0.0037883257027715445,0.0,0.0,0.09426429122686386,0.06087984889745712,0.010850698687136173,0.19171223044395447,0.00321680074557662,0.043065186589956284,0.014895593747496605,0.0,0.15342769026756287,0.004883119370788336,0.0036541903391480446,0.08642257004976273,0.00023067594156600535,0.0,0.13327579200267792,0.05115221068263054,0.0,0.03456330671906471,0.43939048051834106,0.06421268731355667,0.06046779081225395,0.0,0.0664619505405426,0.14516355097293854,0.049089573323726654,0.16267706453800201,0.0,0.07660137861967087,0.00377873657271266,0.03313850983977318,0.018776986747980118,0.06639715284109116,0.38467130064964294,0.001838024822063744,0.4340095818042755,0.0,0.01806177943944931,0.019235782325267792,0.26463764905929565,0.11235370486974716,0.11070087552070618,0.118903249502182,0.0,0.01011752150952816,0.015424234792590141,0.007405981887131929,0.0,0.018252281472086906,0.03615135699510574,0.0,0.0,0.0,0.0,0.13985955715179443,0.0,0.0,0.09182021021842957,0.050540752708911896,0.22679586708545685,0.0,0.0,0.0,0.0,0.0,0.0,0.44445884227752686,0.0,0.0,0.0,0.0,0.18937847018241882,0.0,0.0,0.0,0.06982401013374329,0.0010456490563228726,0.023049740120768547,0.24641180038452148,0.2840346097946167,0.0,0.005548423621803522,0.0002342081133974716,0.03421221673488617,0.0,0.0,0.0,0.0,0.05316747725009918,0.0,0.0,0.0,0.0052299294620752335,0.003896872978657484,0.16436807811260223,0.18100915849208832,0.0,0.0010437637101858854,0.0,0.004227663390338421,0.0,0.3975059390068054,0.02523105777800083,0.28990018367767334,0.0,0.06257688254117966,0.001167249632999301,0.00501922145485878,0.0,0.04202580451965332,0.0,0.04907441511750221,0.0,0.020942447707057,0.00913427397608757,0.0,0.006494295783340931,0.0,0.0695788562297821,0.0,0.02972082607448101,0.027562066912651062,0.0,0.0,0.0,0.0,0.0,0.929201602935791,0.21337740123271942,0.0,0.0,0.03289821371436119,0.0065727452747523785,0.006451042834669352,0.055692825466394424,0.08132009208202362,0.0,0.0,0.6558635830879211,0.0,0.0,0.0,0.0019828425720334053,0.0,0.0,0.0,0.0,0.0,0.0,0.0,0.502644956111908,0.02689836546778679,0.0,0.05288051441311836,0.0,0.004315531346946955,0.0,0.0,0.0038569020107388496,0.0,0.009069345891475677,0.3440079391002655,0.026439035311341286,1.2407053709030151,0.0,0.0,0.00952591747045517,0.0,0.0,0.007155418395996094,2.2827939987182617,0.019513120874762535,0.0,0.0,0.02459101937711239,0.0,0.0,0.0,0.04190836846828461,0.0,0.0,0.5258322358131409,0.0,0.028406068682670593,0.0221928171813488,0.0,0.0,0.0,0.08213029056787491,0.21108531951904297,0.056457024067640305,0.0,0.16784536838531494,0.0,0.0,0.0,0.0,0.0,0.09653539955615997,0.01984066143631935,0.02282794751226902,0.0,0.0,0.17176181077957153,0.01899479329586029,0.01831446960568428,0.02770022675395012,0.5512086749076843,0.0,0.023117298260331154,0.20443253219127655,0.0,0.0048884376883506775,0.0,0.0033607410732656717,0.0,0.05943237245082855,0.0,0.0,0.005738777108490467,0.0,0.0,0.009774616919457912,0.0,0.13141080737113953,0.026740068569779396,1.0384411811828613,0.0,0.05047690495848656,0.004930253606289625,0.0016317438567057252,0.04295768588781357,0.0,0.03936683386564255,0.0,0.0,0.5277965664863586,0.0,0.026325810700654984,0.0,0.0,0.0,0.0,0.023254916071891785,0.010030963458120823,0.0,0.0,0.0,0.0,0.0,0.0,0.0,0.0,0.0,0.0,0.0,0.001177554135210812,0.18884828686714172,0.0,0.078368179500103,0.0,0.0,0.0,0.01562637649476528,0.0,0.04934266209602356,0.0,0.005559587385505438,0.07273215055465698,0.0068956040777266026,0.0,0.0,0.024133887141942978,0.12907817959785461,0.0,0.06003190577030182,0.014471135102212429,0.0,0.018133271485567093,0.0,0.015734951943159103,0.0,0.03165055811405182,0.0,0.0,0.0,0.030672740191221237,0.0,0.0,0.0,0.03873629868030548,0.0,0.0,0.3402085602283478,0.09273793548345566,0.0,0.0,0.0,0.014833236113190651,0.04579794779419899,0.0,0.0070119271986186504,0.06517453491687775,0.021827958524227142,0.0,0.023335644975304604,0.0,0.0588635690510273,0.004121032543480396,0.0,0.0,0.03397800773382187,0.18837718665599823,0.02660888247191906,0.003961131442338228,0.00298084388487041,0.11919917166233063,0.0041635907255113125,0.00881622638553381,0.0,0.28570756316185,0.09646238386631012,0.06975308060646057,0.02396289072930813,0.003716697683557868,0.0,1.1124308109283447,0.4979099631309509,0.0884726271033287,0.0,0.0,0.0,0.0,0.0,0.025122269988059998,0.0,0.577772855758667,0.010392899625003338,0.12382227182388306,0.0,0.0,0.0,0.0004488229751586914,0.03989531099796295,0.0,0.0,0.050416499376297,0.203375905752182,0.0,0.04866249859333038,0.3728744387626648,0.009428027085959911,0.45532116293907166,0.05623965710401535,0.007474890910089016,0.3809188902378082,0.054477471858263016,0.03427199274301529,0.0,0.30938756465911865,0.012653268873691559,0.0,0.004052259959280491,0.002514837309718132,0.0,0.0,0.1365712583065033,0.0,0.00057479232782498,0.3647860288619995,0.027064504101872444,0.0,0.0,0.09373265504837036,0.0059027099050581455,0.0,0.009022860787808895,0.0,0.0,0.13282793760299683,0.0,0.0,0.0,0.10351351648569107,0.01770107075572014,0.0,0.0010003281058743596,0.0,0.0,0.0,0.0,0.0,0.2831765413284302,0.012719464488327503,0.0,0.014770529232919216,0.0,0.18926164507865906,0.0,0.0,0.004137837793678045,0.0,0.08057420700788498,0.013031878508627415,0.0,0.0,0.0,0.0,0.0,0.0,0.0,0.0027731575537472963,0.0,0.0,0.0,0.019212018698453903,0.0,0.008709295652806759,0.0,0.045922838151454926,0.008440805599093437,0.0188823863863945,0.009757451713085175,0.03916199132800102,0.0,0.020420219749212265,0.0,0.13073459267616272,0.01258903369307518,0.0324128158390522,0.09271358698606491,0.10545053333044052,0.0,0.002389252185821533,0.0,0.0050408802926540375,0.007855840027332306,0.21551337838172913,0.02909005805850029,0.01969710923731327,0.0,0.024789197370409966,0.055338915437459946,0.022053072229027748,0.0,0.019987568259239197,0.0,0.0,0.06271562725305557,0.08995535224676132,0.0,0.006379907019436359,0.0,0.03850122541189194,0.01654944010078907,0.06778568774461746,0.04440305382013321,0.0,0.0,0.10683996230363846,0.11095472425222397,0.010734260082244873,0.00171761866658926,0.0,0.007965631783008575,0.0,0.5937268733978271,0.0161331444978714,0.014364076778292656,0.0,0.15000782907009125,0.10179183632135391,0.08307730406522751,0.0,0.09451504051685333,0.0,0.0,0.2520407736301422,0.18655818700790405,0.0,0.06190541386604309,0.0,0.774355947971344,0.0,0.0023324950598180294,0.0,0.010811639949679375,0.0008534062071703374,0.002454392844811082,0.0,0.0,0.05308486893773079,0.0017664831830188632,0.2037685364484787,0.0,0.07866952568292618,0.0,0.005928320810198784,0.008009090088307858,0.11565700173377991,0.25642263889312744,0.0,0.022457778453826904,0.1218627542257309,0.0,0.036090292036533356,0.006138410419225693,0.0,0.0,0.09204868972301483,0.046032410115003586,0.010925346985459328,0.0,0.0184817835688591,0.21094535291194916,0.0032883714884519577,0.0,0.0,0.02792380377650261,0.06717699766159058,0.00030764102120883763,0.0,0.0,0.00595311401411891,0.0,0.02115248143672943,0.012906830757856369,0.11891970783472061,0.0,0.060834817588329315,0.0,0.07489150762557983,0.6366605162620544,0.05238538235425949,0.08237156271934509,0.0026617145631462336,0.07880723476409912,0.01606488972902298,0.0,0.0,0.0017654323019087315,0.04814380034804344,0.018955565989017487,0.032102033495903015,0.0027468418702483177,0.03133898600935936,0.004553766455501318,0.32392340898513794,0.1281391680240631,0.0,0.02973152883350849,0.0,0.17597562074661255,0.2926751971244812,0.04345213994383812,0.022376781329512596,0.5862540602684021,0.022120580077171326,0.7327390313148499,0.06454452127218246,6.695270712953061e-05,0.0,0.0,0.07776542752981186,0.0,0.05666826292872429,0.0,0.0,0.028859684243798256,0.0,0.029464924708008766,1.2451236248016357,0.130161315202713,0.01798977516591549,0.0,0.06429804116487503,0.0,0.04373977705836296,0.021181955933570862,0.010043038986623287,0.0,0.3995790481567383,0.052324552088975906,0.044906530529260635,0.0364636667072773,0.0,0.0,0.0643816590309143,0.0,0.10897140204906464,0.06597962230443954,0.0,0.23420938849449158,0.0,0.04711255431175232,0.0,0.0,0.0002951371716335416,0.0,0.7069737315177917,0.3911304473876953,0.0,0.05511350929737091,0.1659029722213745,0.02220965176820755,0.10111686587333679,0.003293951041996479,0.037448085844516754,0.023871788755059242,0.014480067417025566,0.000727345934137702,0.0,0.02878774143755436,0.0,0.05293934792280197,0.0,0.06540439277887344,0.10987421870231628,0.0032075298950076103,0.0,0.023818179965019226,0.029669862240552902,0.037626080214977264,0.1589302122592926,0.009558203630149364,0.0,0.1073644831776619,0.0,0.010743767023086548,0.08651300519704819,0.0,0.05529346317052841,0.002815351588651538,0.0,0.0013414454879239202,0.3956829011440277,0.0,0.026037929579615593,0.01959366165101528,0.0,0.0,0.0,0.02371997758746147,0.0,0.0,0.007406039163470268,0.027424979954957962,0.01583518087863922,0.0,0.01601564884185791,0.0,0.738360583782196,0.12713630497455597,0.0,0.21986302733421326,0.05799698457121849,0.0010828501544892788,0.006633813492953777,0.0,0.018776167184114456,0.0,0.01316850632429123,0.06395115703344345,0.013674803078174591,0.011436231434345245,0.0,0.0,0.0,0.009342988952994347,0.0,0.08689393848180771,0.0451386533677578,0.02654493786394596,0.01801021583378315,0.14630240201950073,0.0702928975224495,0.04875650256872177,0.15191270411014557,0.04033990204334259,0.0,0.11498696357011795,0.0,0.0,0.0,0.025858353823423386,0.012860007584095001,0.0,0.05923216789960861,0.28547969460487366,0.0,0.0,0.0,0.041813600808382034,0.0,0.00032165407901629806,0.044093262404203415,0.010700440034270287,0.002635819837450981,0.08638256043195724,0.015949754044413567,0.0036923903971910477,0.010187272913753986,0.0,0.0,0.00418388145044446,0.0,0.02808351255953312,0.24200616776943207,0.00802250299602747,0.4727233946323395,0.024495746940374374,0.018417226150631905,0.20128346979618073,0.0,0.010362056083977222,0.0,0.0,0.0013895309530198574,0.006580655463039875,0.11598869413137436,0.43535423278808594,0.0,0.012819712981581688,0.0,0.0,0.009069857187569141,0.0,0.0022591566666960716,0.0,0.0,0.4677377939224243,0.0,0.0,0.0,0.0,0.19677422940731049,0.0012989604147151113,0.0,0.0,0.0,0.234349325299263,0.007744917646050453,0.06795244663953781,0.005486371461302042,0.0,0.011432853527367115,0.014032688923180103,0.0,0.001104326220229268,0.04789651930332184,0.029918866232037544,0.03948488086462021,0.024588020518422127,0.0,0.0,0.046404123306274414,0.0,0.013339749537408352,0.0,0.0,0.027995644137263298,0.047000207006931305,0.0838058590888977,0.0,0.016904544085264206,0.05949080362915993,0.045874014496803284,0.0,0.03614785149693489,0.5155948400497437,0.01790696755051613,0.2741570770740509,0.04585519805550575,0.19312217831611633,0.02245999127626419,0.25180584192276,0.0,0.004575990606099367,0.0,0.03452630713582039,0.013931679539382458,0.009870447218418121,0.0,0.025776900351047516,0.0,0.05172445625066757,0.005775046534836292,0.05616047978401184,0.0,0.38822484016418457,0.012842758558690548,0.0355081744492054,0.0,0.0,0.06163954362273216,0.008053123950958252,0.04790009558200836,0.012321822345256805,0.0,0.01223556324839592,0.035077646374702454,0.0,0.0024612664710730314,0.06359214335680008,0.006873256992548704,0.00552911264821887,0.0023238491266965866,0.020686287432909012,0.014353113248944283,0.023935221135616302,0.0,0.0,0.0,0.05035596713423729,0.0929989442229271,0.7618011236190796,0.0,0.0,0.0,0.0,0.0,0.05002793297171593,0.0,0.0,0.0,0.0,0.0,0.0054335761815309525,0.1391054391860962,0.0,0.0,0.16361425817012787,0.04550512135028839,0.18999332189559937,0.03764770179986954,0.10173137485980988,0.0,0.13901452720165253,0.0,0.0,0.0019867694936692715,0.00884997844696045,0.007327069062739611,0.0,0.32642143964767456,0.0,0.0,0.12493743747472763,0.0,0.0,0.0,0.0,0.0,0.0,0.017254959791898727,0.07043316215276718,0.006499686278402805,0.0,0.0,0.010251466184854507,0.0077676353976130486,0.0,0.002809307537972927,0.16958925127983093,0.020854048430919647,0.068012535572052,0.09570497274398804,0.0,0.04908221215009689,0.0,0.0,0.0,0.14899466931819916,0.0,0.00012987018271815032,0.05122961103916168,0.0,0.0027416313532739878,0.0,0.0,0.05120842158794403,0.0,0.0,0.0,0.0,0.0,0.0,0.00938631035387516,0.0012657690094783902,0.02637065388262272,0.5934796929359436,0.0,0.005805785767734051,0.0003787350724451244,0.0,0.004220771603286266,0.18714895844459534,0.0,0.09355813264846802,0.33234021067619324,0.0,0.0,0.003201298648491502,0.0,0.0,0.0,0.0,0.44068387150764465,0.0,0.0,0.0,0.0,0.0,0.35209938883781433,0.15433278679847717,0.008720239624381065,0.0,0.005579929333180189,0.1368902176618576,0.3309849202632904,0.0,0.0,0.014966863207519054,0.0,0.0,0.0008465971332043409,0.0,0.0,0.013210497796535492,0.0,0.0,0.0,0.0,0.25124791264533997,0.0,0.04810671508312225,0.017214350402355194,0.009348183870315552,0.0,0.3759654760360718,0.1469351202249527,0.0,0.1157538890838623,0.0,0.0,0.0,0.0015706360572949052,0.04514455795288086,0.0,0.0,0.0398707389831543,0.0,0.03539992496371269,0.04262065514922142,0.030465222895145416,0.0,0.01407292578369379,0.0026431214064359665,0.15089081227779388,0.015360415913164616,0.005514392629265785,0.02863416261970997,0.0,0.08710305392742157,0.043211646378040314,0.10242438316345215,0.023163465782999992,0.0,0.0,0.005606658291071653,0.040458451956510544,0.0,0.0,0.018074125051498413,0.0,0.021899640560150146,0.0,0.0,0.0,0.0,0.004246941767632961,0.005062790121883154,0.0009657008340582252,0.0,0.0,0.11321938782930374,0.04289790615439415,0.057476162910461426,0.009187061339616776,0.019928285852074623,0.0009110975079238415,0.0,0.0,0.32223784923553467,0.0,0.0918361023068428,0.028968961909413338,0.004675049800425768,0.0,0.4088132381439209,0.0038441396318376064,0.04566643759608269,0.0
0.0,0.004518419504165649,0.3490040600299835,0.0,0.0,0.0,0.020928075537085533,0.019042685627937317,0.005509202368557453,0.08185990154743195,0.0022296167444437742,0.048833541572093964,0.038065355271101,0.28660574555397034,0.09573470056056976,0.18196365237236023,0.00988740473985672,0.01991897076368332,0.0,0.26897528767585754,0.06892213225364685,0.0,0.0139889195561409,0.19648191332817078,0.06933140009641647,0.1435287445783615,0.0,0.0,0.0,0.0,0.43874290585517883,0.08793853968381882,0.006031782831996679,0.0,0.2000035047531128,0.18664294481277466,0.002251329366117716,0.024400193244218826,0.0,0.10998236387968063,0.32719284296035767,0.003984997048974037,0.005069276317954063,0.11681654304265976,0.4569857716560364,0.008126381784677505,0.047735635191202164,0.0,0.2751346230506897,0.0,0.0,0.18250174820423126,0.0,0.14555120468139648,0.03531204164028168,0.0,0.0,0.0,0.1242624968290329,0.008199315518140793,0.0038896333426237106,0.42993950843811035,0.057890795171260834,0.0011053895577788353,0.003259633667767048,0.3381124436855316,0.12607426941394806,0.02007073350250721,0.027128353714942932,0.0,0.25549203157424927,0.008099189028143883,0.0263132955878973,0.1474238932132721,0.0,0.09915240108966827,0.4212365746498108,0.003741289023309946,0.1758275032043457,0.43916457891464233,0.0,0.0701405331492424,0.0,0.050264302641153336,0.0028827213682234287,0.33224353194236755,0.061252668499946594,0.0,0.0,0.03835858404636383,0.022071268409490585,0.01640525832772255,0.23120906949043274,0.5408749580383301,0.0032341908663511276,0.13384874165058136,0.04397502914071083,0.0,0.0,0.0,0.018987495452165604,0.03602523356676102,0.1496228277683258,0.007962081581354141,0.06380123645067215,0.002712197368964553,0.020307788625359535,0.0,0.0005433631013147533,0.008666221983730793,0.017357874661684036,0.011672817170619965,0.0,0.16052404046058655,0.0031017111614346504,0.39770272374153137,0.0,0.0748312920331955,0.0,0.15647529065608978,0.01759898103773594,0.008318016305565834,0.2769036889076233,0.02471369318664074,0.010567768476903439,0.004668958019465208,0.20518018305301666,0.019750678911805153,0.11866256594657898,0.0,0.13100981712341309,0.0,0.03440544381737709,0.014520831406116486,0.08068214356899261,0.09542424976825714,0.005474102683365345,0.0,0.0006428647320717573,0.0,0.12085679173469543,0.047803670167922974,0.0,0.025353850796818733,0.21166948974132538,0.0,0.015583071857690811,0.25818708539009094,0.021455762907862663,0.057590972632169724,0.05783379450440407,0.0,0.026622045785188675,0.07233131676912308,0.0,0.0251174159348011,0.010982279665768147,0.027369003742933273,0.08566953986883163,0.10627025365829468,0.0075492216274142265,0.006128987297415733,0.016225896775722504,0.4043487310409546,0.07731618732213974,0.0,0.2616560459136963,0.0006151723791845143,0.13246317207813263,0.3880290687084198,0.10608606040477753,0.035049520432949066,0.07122129201889038,0.1975904405117035,0.04932308569550514,0.05442752689123154,0.5782404541969299,0.008507593534886837,0.0,0.32749640941619873,0.0,0.0031650566961616278,0.02589966356754303,0.04764262214303017,0.0188797228038311,0.29496440291404724,0.15940552949905396,0.04307935759425163,0.07262680679559708,0.28786084055900574,0.043192025274038315,0.09048179537057877,0.0,0.0,0.02589278854429722,0.010401560924947262,0.024451280012726784,0.0,0.2900228202342987,0.0029328393284231424,0.11706750839948654,0.02695445530116558,0.0,0.1709730476140976,0.0,0.014074697159230709,0.045918483287096024,0.012206201441586018,0.06018884479999542,0.10436593741178513,0.1560387909412384,0.0,0.21843700110912323,0.0,0.015210547484457493,0.011367220431566238,0.04074583947658539,0.018707454204559326,0.0,0.013900499790906906,0.05777289345860481,0.009944278746843338,0.16794580221176147,0.14844684302806854,0.0,0.2091722935438156,0.004438319243490696,0.00877351313829422,0.10461477935314178,0.07860712707042694,0.13026034832000732,0.0,0.1750221997499466,0.07937722653150558,0.13776685297489166,0.25915494561195374,0.0245329849421978,0.081186942756176,0.017865626141428947,0.00992988608777523,0.0,0.04995241016149521,0.05128715559840202,0.0,0.07229302078485489,0.05336571857333183,0.04617688059806824,0.021563731133937836,0.0,0.03528895974159241,0.0036916208919137716,0.0012077247956767678,0.0030159950256347656,0.0032262825407087803,0.0044121574610471725,0.0836002454161644,0.0,0.08812063187360764,0.03560265153646469,0.4525797367095947,0.0,0.01045242790132761,0.012194305658340454,0.0,0.12123248726129532,0.032597966492176056,0.08578452467918396,0.05927225202322006,0.0023303532507270575,0.027509525418281555,0.09570731222629547,0.016334204003214836,0.0,0.10677734017372131,0.072846420109272,0.0,0.05682243034243584,0.025330673903226852,0.129691481590271,0.2393009513616562,0.0123194744810462,0.0,0.0270259790122509,0.14706088602542877,0.0340353325009346,0.6125132441520691,0.0,0.0,0.15118321776390076,0.043702658265829086,0.15669994056224823,0.08674928545951843,0.06429296731948853,0.0,0.02979510836303234,0.020079782232642174,0.15922285616397858,0.0,0.2965296506881714,0.0,0.012096976861357689,0.033292006701231,0.18926243484020233,0.14016161859035492,0.1254807710647583,0.003080322640016675,0.009720444679260254,0.02014060690999031,0.0,0.0,0.0013634837232530117,0.13450399041175842,0.019193975254893303,0.18550319969654083,0.07751084119081497,0.32711222767829895,0.033722829073667526,0.0074453093111515045,0.15217329561710358,0.02449124865233898,0.0,0.0332254059612751,0.0,0.0,0.6809938549995422,0.0,0.0,0.0,0.0,0.0,0.0,0.037837591022253036,0.0,0.0,0.0,0.0,0.0,0.0,0.011777384206652641,0.09826762974262238,0.039409372955560684,0.002132379449903965,0.0,0.0,0.0,0.0,0.0,0.0,0.0011071633780375123,0.0,0.20668785274028778,0.0,0.08761052787303925,0.08135561645030975,0.3254135847091675,0.0,0.0,0.0,0.09159259498119354,0.007894225418567657,0.006264793686568737,0.0,0.0,0.0,0.004757553804665804,0.011325767263770103,0.09223171323537827,0.024890905246138573,0.006359949242323637,0.0,0.5377382040023804,0.0,0.0,0.06754613667726517,0.01880824565887451,0.0,0.000889781687874347,0.0040676174685359,0.0,0.18358393013477325,0.06666451692581177,0.00437038904055953,0.0,0.0,0.01745925471186638,0.0,0.0,0.05306332930922508,0.0,0.0,0.24574808776378632,0.0,0.0,0.0,0.0,0.0,0.10023022443056107,0.0,0.09613408893346786,0.02829658053815365,0.006425967440009117,0.03245275840163231,0.0,0.00046015874249860644,0.0005503159482032061,0.0,0.03605688735842705,0.0,0.0,0.01587209478020668,0.0,0.0,0.0,0.0,0.014248080551624298,0.0,0.0,0.0,0.0,0.0,0.016335736960172653,0.0,0.07963251322507858,0.0,0.03164142742753029,0.10901034623384476,0.03187201917171478,0.009517120197415352,0.007616403046995401,0.11454851180315018,0.0,0.007855446077883244,0.0,0.09431280195713043,0.0,0.0,0.0,0.0,0.0,0.0,0.01264827698469162,0.0,0.003975342493504286,0.010501132346689701,0.0,0.0,0.06367532908916473,0.0,0.040322445333004,0.03467625007033348,0.021114826202392578,0.0,0.0,0.04914318397641182,0.0,0.0,0.0,0.0,0.010292981751263142,0.0,0.004312628414481878,0.208408921957016,0.0,0.0,0.11764638870954514,0.2538295090198517,0.03767102584242821,0.0,0.0,0.0,0.0,0.0,0.03313741832971573,0.0,0.016808049753308296,0.0,0.0,0.026902439072728157,0.04408121481537819,0.0,0.0,0.0,0.13700741529464722,0.001139459665864706,0.048267412930727005,0.19996467232704163,0.006166094448417425,0.0,0.0,0.0,0.020197376608848572,0.0,0.0,0.0,0.0,0.0,0.0,0.013785278424620628,0.060565557330846786,0.0,0.0,0.0,0.012744231149554253,0.019944338127970695,0.010815095156431198,0.0,0.0,0.00269567733630538,0.13570469617843628,0.02370626851916313,0.047336891293525696,0.019725870341062546,0.004365339409559965,0.0,0.0,0.008638046681880951,0.17678722739219666,0.0573919340968132,0.0,0.016944192349910736,0.0,0.0,0.4792226552963257,0.0,0.0006475055124610662,0.0,0.0,0.0,0.0,0.03659316897392273,0.03662508726119995,0.0,0.017105527222156525,0.0,0.0,0.13141193985939026,0.0,0.0,0.0,0.03871230036020279,0.005550614558160305,0.023764587938785553,0.0,0.08144519478082657,0.0,0.0,0.021810559555888176,0.0,0.0,0.0,0.0,0.03164352849125862,0.002001464134082198,0.2062561810016632,0.0,0.010196259245276451,0.0,0.0,0.03677688539028168,0.0,0.00890756119042635,0.14313535392284393,0.0628686398267746,0.0,0.21124263107776642,0.052332475781440735,0.0,0.0,0.06453648954629898,0.31054043769836426,0.0,0.04258830472826958,0.10115022957324982,0.0,0.0,0.0,0.0,0.0,0.0,0.0171270202845335,0.0789070799946785,0.0,0.05486403778195381,0.0,0.17724642157554626,0.046443816274404526,0.09290111809968948,0.017580026760697365,0.0,0.0,0.0,0.0,0.004736049100756645,0.0,0.018423164263367653,0.18900920450687408,0.0014807343250140548,0.03441467881202698,0.0,0.0,0.0,0.0,0.0,0.011749012395739555,0.0,0.0,0.0,0.4112064838409424,0.011204805225133896,0.04446755349636078,0.0,0.155572772026062,0.0,0.0,0.007797242607921362,0.009011156857013702,0.05425839498639107,0.08715858310461044,0.0,0.0,0.014253721572458744,0.005070418119430542,0.0,0.0,0.02461046725511551,0.005264756269752979,0.0,0.00017391245637554675,0.0,0.03683488816022873,0.03880366310477257,0.009752883575856686,0.0,0.0,0.0,0.0,0.0,0.0,0.0,0.0,0.0,0.0,0.1591932475566864,0.013674753718078136,0.0,0.0,0.0,0.0,0.010113038122653961,0.0,0.0,0.011387955397367477,0.0,0.0,0.020014995709061623,0.0,0.0,0.1171189695596695,0.01576855406165123,0.1299111396074295,0.021087970584630966,0.0,0.21116234362125397,0.007664086297154427,0.09182629734277725,0.005560891702771187,0.0,0.07911206781864166,0.0,0.0523865781724453,0.07980988919734955,0.0,0.040566157549619675,0.000644223706331104,0.0,0.0,0.0,0.0,0.0,0.004195918329060078,0.0,0.045871805399656296,0.0,0.0,0.0,0.06146984174847603,0.019111325964331627,0.0,0.0,0.0,0.0040445164777338505,0.12539850175380707,0.028116382658481598,0.016399718821048737,0.07388781756162643,0.025339098647236824,0.0,0.0,0.0017146881436929107,0.06617295742034912,0.006983952131122351,0.0,0.37713000178337097,0.03342427685856819,0.029857182875275612,0.0,0.01665479503571987,0.0,0.11962387710809708,0.006168730091303587,0.0,0.0,0.002641247818246484,0.008613426238298416,0.15753628313541412,0.12414607405662537,0.026743300259113312,0.0,0.006550871301442385,0.06915681064128876,0.0,0.0,0.0,0.054008301347494125,0.005345045123249292,0.01005722489207983,0.0,0.047871652990579605,0.0,0.24941687285900116,0.0,0.0,0.0,0.2615828812122345,0.06996941566467285,0.004247077740728855,0.0,0.5689759254455566,0.0,0.029909024015069008,0.0,0.010784084908664227,0.0,0.0,0.0,0.012699196115136147,0.23564432561397552,0.0,0.13380154967308044,0.0,0.0,0.002978735603392124,0.007953870110213757,0.0,0.008661136962473392,0.009585926309227943,0.0,0.2732328474521637,0.1196456328034401,0.0,0.0,0.0004236522363498807,0.09352745860815048,0.008027886971831322,0.3724072277545929,0.0,0.0,0.004351303447037935,0.08673124015331268,0.0,0.09579818695783615,0.0708976686000824,0.05964425951242447,0.113930843770504,0.02066867984831333,0.01984325610101223,0.007622693665325642,0.017794258892536163,0.02326354570686817,0.016816481947898865,0.0,0.0,0.16449527442455292,0.016837332397699356,0.04588818550109863,0.0057430933229625225,0.010859651491045952,0.10272720456123352,0.2913155257701874,0.0,0.03105763904750347,0.07537445425987244,0.04728248715400696,0.01532627735286951,0.0,0.0,0.04765358567237854,0.0,0.0056486283428967,0.13286520540714264,0.04044857993721962,0.03321247920393944,0.0,0.024928346276283264,0.0,0.0,0.03924235701560974,0.10230016708374023,0.08013970404863358,0.0,0.1569776087999344,0.0,0.0,0.0,0.005176858976483345,0.06131482496857643,0.27553004026412964,0.018818385899066925,0.13226690888404846,0.07517772912979126,0.0,0.0,0.0029912209138274193,0.0,0.0,0.0017700321041047573,0.013383854180574417,0.0,0.0,0.026753298938274384,0.13453511893749237,0.0,0.009098627604544163,0.042769428342580795,0.0,0.0,0.17515906691551208,0.0,0.0006131117697805166,0.032705530524253845,0.02775908261537552,0.0,0.033893171697854996,0.006125730462372303,0.2611984312534332,0.0,0.01111319288611412,0.5213479399681091,0.0,0.019240258261561394,0.010738153010606766,0.0,0.0,0.0,0.0031857022549957037,0.019571155309677124,0.0,0.10141726583242416,0.0,0.0,0.0,0.0,0.003331465646624565,0.012369575910270214,0.0,0.040281735360622406,0.0,0.003367922268807888,0.0003637039626482874,0.0,0.36081451177597046,0.0,0.0,0.0,0.0,0.0,0.0,0.6419233083724976,0.06789019703865051,0.01247359998524189,0.025654375553131104,0.11652439832687378,0.0,0.0035232878290116787,0.00420742342248559,0.16477984189987183,0.009124870412051678,0.061134885996580124,0.013808849267661572,0.012714637443423271,0.001384677249006927,0.002192913321778178,0.15743450820446014,0.0,0.003214449854567647,0.0,0.09224782884120941,0.053922366350889206,0.10706672817468643,0.005681009963154793,0.08999364823102951,0.043819040060043335,0.0,0.5168383121490479,0.0,0.0,0.060569390654563904,0.036233678460121155,0.08471620827913284,0.0,0.00694627407938242,0.0,0.05747109279036522,0.11488785594701767,0.0,0.16527576744556427,0.027901625260710716,0.0761135071516037,0.0,0.032155007123947144,0.39517632126808167,0.026690950617194176,0.13463157415390015,0.11893481016159058,0.18581664562225342,0.04033506289124489,0.024115510284900665,0.10578625649213791,0.09404154121875763,0.03194747492671013,0.19209697842597961,0.0,0.0,0.38550394773483276,0.0,0.0,0.04220322147011757,0.0,0.0,0.10213577002286911,0.009710757993161678,0.0,0.0014783358201384544,0.0,0.0028613691683858633,0.0,0.2576103210449219,0.046862438321113586,0.0,0.002161346608772874,0.02249778062105179,0.0,0.0027952217496931553,0.10395491868257523,0.00041278719436377287,0.08911023288965225,0.0,0.15004608035087585,0.0,0.023673834279179573,0.0742664784193039,0.0,0.03824768587946892,0.00411955127492547,0.02845715917646885,0.1296709179878235,0.0,0.05146823450922966,0.02945314347743988,0.12310642004013062,0.0,0.07456881552934647,0.06313111633062363,0.002524560084566474,0.0,0.20262594521045685,0.0,0.0,0.0007379892631433904,0.6304649114608765,0.19446957111358643,0.0,0.019422747194767,0.3320954442024231,0.0013328110799193382,0.0075399018824100494,0.0,0.21563780307769775,0.0,0.05401566997170448,0.0,0.0,0.0,0.0,0.08113376796245575,0.0,0.0,0.14587637782096863,0.04560427367687225,0.0,0.0,0.2128162533044815,0.0,0.0006562912603840232,0.025275807827711105,0.02987309917807579,0.04438826069235802,0.007280374877154827,0.010277037508785725,0.07286505401134491,3.603100776672363e-05,0.0029419802594929934,0.2639056146144867,0.0,0.0,0.041068725287914276,0.107042595744133,0.07959049940109253,0.0,0.08598538488149643,0.0,0.0,0.3139612376689911,0.013656936585903168,0.0,0.0290537066757679,0.0,0.0,0.0297003872692585,0.4286748170852661,0.0,0.0017743122298270464,0.2671177387237549,0.05161477252840996,0.03015115298330784,0.06290802359580994,0.0,0.04615921899676323,0.036865442991256714,0.00116633134894073,0.0,0.0,0.05030069872736931,0.015509791672229767,0.0,0.0,0.07483448833227158,0.08515758812427521,0.007694990839809179,0.1962396800518036,0.0,0.025070741772651672,0.013769293203949928,0.0,0.16870278120040894,0.0036105250474065542,0.015725985169410706,0.10688517242670059,0.022405385971069336,0.0,0.16504845023155212,0.04048515856266022,0.0,0.015820102766156197,0.4431436061859131,0.059149857610464096,0.07450485974550247,0.0,0.07362914830446243,0.15652520954608917,0.058712299913167953,0.10628953576087952,0.0,0.06261236220598221,0.01066539529711008,0.06102924793958664,0.021234285086393356,0.06045842170715332,0.3803574740886688,0.0,0.40969711542129517,0.0,0.0402400940656662,0.01355335209518671,0.2763604521751404,0.10992138832807541,0.1134505644440651,0.1199069619178772,0.0,0.02157481387257576,0.011168181896209717,0.01710832305252552,0.0,0.02724071592092514,0.035236336290836334,0.0,0.0,0.0019482842180877924,0.0,0.13014642894268036,0.0,0.0,0.08669264614582062,0.04828876629471779,0.23111723363399506,0.0,0.0,0.007951876148581505,0.0,0.0,0.0,0.4159870147705078,0.0,0.0,0.0,0.0,0.21675920486450195,0.0,0.0,0.0,0.0813848003745079,0.006597430910915136,0.014755827374756336,0.24425606429576874,0.27859166264533997,0.0,0.007980236783623695,0.0,0.04324222728610039,0.0,0.0,0.0,0.0,0.04477286711335182,0.0005839526420459151,0.0,9.766340372152627e-05,0.004530666396021843,0.009052183479070663,0.21656379103660583,0.09827430546283722,0.0,0.0,0.0,0.0,0.0,0.35860809683799744,0.03613823652267456,0.2813860774040222,0.0,0.06486180424690247,0.007360314019024372,0.012661564163863659,0.0,0.047241318970918655,0.0,0.019459079951047897,0.0,0.007015964947640896,0.003719983622431755,0.0,0.004457571543753147,0.0,0.045515064150094986,0.0,0.04700019955635071,0.03409561887383461,0.0,0.0,0.0,0.0,0.0,0.8153707385063171,0.25268426537513733,0.0,0.0,0.027346577495336533,0.0038466155529022217,0.025962471961975098,0.051564790308475494,0.09210345894098282,0.0,0.0,0.6971310377120972,0.0,0.0,0.0,0.0074543883092701435,0.0,0.0,0.0,0.0,0.0,0.0,0.0,0.3984595835208893,0.03370995447039604,0.0,0.09697417914867401,0.0,0.0011044954881072044,0.0,0.0,0.009942463599145412,0.0,0.01045418530702591,0.3219636082649231,0.020666640251874924,1.1263494491577148,0.0,0.00079684256343171,0.005827485118061304,0.0,0.0,0.022076498717069626,2.2989084720611572,0.019712448120117188,0.0,0.0,0.03156202659010887,0.0,0.0,0.0,0.07735928893089294,0.0,0.0,0.5233504772186279,0.0,0.010615576058626175,0.030109984800219536,0.0,0.0,0.0,0.08428475260734558,0.28707003593444824,0.04844183847308159,0.0,0.1964988112449646,0.0,0.0,0.0,0.0,0.0,0.08590694516897202,0.022197842597961426,0.02355845645070076,0.0,0.0,0.20332735776901245,0.018023215234279633,0.008033628575503826,0.06144990772008896,0.6061423420906067,0.0,0.020681126043200493,0.19283969700336456,0.0011350071290507913,0.02441258355975151,0.0,0.004005032125860453,0.0,0.046401940286159515,0.0,0.0,0.0,0.0,0.0,0.012133506126701832,0.0,0.11237877607345581,0.03345029056072235,0.9459943175315857,0.0,0.043615151196718216,0.0019075453747063875,0.007388018537312746,0.05599247291684151,0.0,0.04964344948530197,0.0,0.0,0.5806765556335449,0.0,0.018587537109851837,0.0,0.0,0.0,0.0,0.015096905641257763,0.00831852201372385,0.0,0.0,0.0,0.0,0.0,0.004477946553379297,5.4577587434323505e-05,0.0,0.0,0.008806511759757996,0.0,0.00029907136922702193,0.22639480233192444,0.0,0.05806944891810417,0.0,0.0,0.0,0.005401630885899067,0.0,0.06053289398550987,0.0,0.001871912507340312,0.036963704973459244,7.284164166776463e-05,0.022342512384057045,0.0,0.025449350476264954,0.1567358374595642,0.0,0.0650058463215828,0.014777107164263725,0.0,0.03362582251429558,0.0,0.02724599279463291,0.0,0.030901329591870308,0.0,0.0,0.0,0.04699483513832092,0.0,0.0,0.00814940594136715,0.09660455584526062,0.0,0.0,0.3311257064342499,0.0935191884636879,0.0,0.009713093750178814,0.0,0.0057793473824858665,0.02691146917641163,0.0,0.00766698457300663,0.05573037639260292,0.03640996292233467,0.0,0.027548372745513916,0.0,0.07221609354019165,0.0,0.0,0.0,0.053005050867795944,0.18278229236602783,0.02108035795390606,0.0,0.0,0.07632041722536087,0.00420357845723629,0.010599041357636452,0.0,0.26559826731681824,0.08432962745428085,0.0742049515247345,0.009112376719713211,0.0,0.0,1.0388360023498535,0.44522684812545776,0.10182850807905197,0.0,0.0,0.0,0.0,0.0037365960888564587,0.03469586372375488,0.001872680732049048,0.5442418456077576,0.0210995152592659,0.11748998612165451,0.0,0.0,0.0,0.005542311817407608,0.03270241245627403,0.0,0.0025261258706450462,0.08842502534389496,0.1750103384256363,0.0,0.0,0.24888622760772705,0.007627591025084257,0.43073421716690063,0.05601375922560692,0.008872401900589466,0.24142594635486603,0.036932241171598434,0.020309148356318474,0.0,0.39198073744773865,0.013505833223462105,0.0,0.0,0.0,0.0,0.0,0.11043252795934677,0.0,8.439153316430748e-05,0.2670377790927887,0.022580033168196678,0.0,0.0,0.019799811765551567,0.013048443011939526,0.0,0.0068601155653595924,0.0,0.0,0.1191917136311531,0.0024043130688369274,0.00047528266441076994,0.0,0.08331701159477234,0.021468717604875565,0.0,0.005168891046196222,0.0,0.0,0.0,0.0,0.0012269520666450262,0.1586798131465912,0.0009837317047640681,0.0,0.0016367211937904358,0.0,0.16574068367481232,0.0,0.0,0.002794419415295124,0.0,0.06834240257740021,0.038284216076135635,0.0,0.0,0.0,0.0,0.0,0.0,0.0,0.01031047385185957,0.0,0.0,0.0,0.02167465165257454,0.0,0.0,0.0,0.03662484511733055,0.02055554836988449,0.02510819211602211,0.008874819613993168,0.03553736209869385,0.0,0.031147116795182228,0.0,0.1301361322402954,0.00481793750077486,0.0339856781065464,0.07908408343791962,0.11016020178794861,0.0,0.0,0.0,0.00860255490988493,0.0023131133057177067,0.22172409296035767,0.02366381697356701,0.01088543888181448,0.0,0.037963107228279114,0.0460556223988533,0.02766510285437107,0.0,0.013819482177495956,0.007324890699237585,0.0,0.061592064797878265,0.09787515550851822,0.016008054837584496,0.00992346927523613,0.0,0.050065938383340836,0.014867129735648632,0.08259683847427368,0.025834662839770317,0.0,0.0,0.13848936557769775,0.1337374746799469,0.014401986263692379,0.0,0.0,0.01096720714122057,0.0,0.5849061608314514,0.023822110146284103,0.0014939474640414119,0.0,0.14708036184310913,0.08750967681407928,0.08741292357444763,0.0008169746142812073,0.10251390188932419,0.0,0.0,0.22107717394828796,0.18093837797641754,0.0,0.09304410964250565,0.0019745922181755304,0.727555513381958,0.0,0.006549474783241749,0.00944446586072445,0.0,0.003171284217387438,0.017531344667077065,0.0,0.0,0.03272062912583351,0.0011043953709304333,0.20623844861984253,0.0,0.08737584203481674,0.0,0.0,0.0,0.11637196689844131,0.13648468255996704,0.0,0.03652612119913101,0.13611158728599548,0.0,0.0431935116648674,0.018137525767087936,0.0,0.0,0.09756225347518921,0.038504526019096375,0.010187712498009205,0.0,0.026612861081957817,0.20823726058006287,0.016661977395415306,0.0,0.002330381888896227,0.042823467403650284,0.10889224708080292,0.00046806572936475277,0.0010519444476813078,0.0,0.022739717736840248,0.0,0.00846233032643795,0.012528687715530396,0.10057190805673599,0.0024388169404119253,0.07670364528894424,0.0,0.08390804380178452,0.6443617343902588,0.07269779592752457,0.06084945797920227,0.0004409027169458568,0.08515436202287674,0.02248641476035118,0.0,0.0,0.004627570975571871,0.039481550455093384,0.02952400967478752,0.03696008771657944,0.013748559169471264,0.03404609113931656,0.0015683961100876331,0.4038621485233307,0.14336924254894257,0.0,0.06628149747848511,0.01866188272833824,0.21748776733875275,0.34471452236175537,0.042404402047395706,0.039934396743774414,0.5866475701332092,0.02190820686519146,0.6743521690368652,0.08519309759140015,0.003873042995110154,0.0,0.0,0.07231543213129044,0.0,0.05097367614507675,0.0,0.0,0.02865023910999298,0.0,0.02559076063334942,1.3506580591201782,0.17884990572929382,0.03858383372426033,0.0,0.07380538433790207,0.0,0.04580947756767273,0.022167092189192772,0.004513096995651722,0.0,0.4202495515346527,0.06319558620452881,0.036892298609018326,0.017648937180638313,0.0,0.0,0.06061303988099098,0.0,0.13021695613861084,0.05596349388360977,0.0,0.2300712913274765,0.0020706462673842907,0.03510678932070732,0.0,0.0011611509835347533,0.0,0.0,0.6551472544670105,0.3033010959625244,0.0,0.07536890357732773,0.1843031495809555,0.04453272745013237,0.13648062944412231,0.004438483156263828,0.035466890782117844,0.01310502178966999,0.00756426714360714,0.019936565309762955,0.0,0.02099009044468403,0.0,0.06365814059972763,0.0,0.081145279109478,0.16315516829490662,0.014568614773452282,0.0,0.05518355220556259,0.03267830237746239,0.038550976663827896,0.2383754402399063,0.005046122241765261,0.0,0.12692180275917053,0.0,0.013666339218616486,0.08542129397392273,0.0,0.05922669544816017,0.0,0.0,0.0025202883407473564,0.47703415155410767,0.0,0.04518793150782585,0.01836528815329075,0.0,0.0,0.0,0.028575707226991653,0.0,0.0,0.020167432725429535,0.022404704242944717,0.03666146099567413,0.0,0.02163001149892807,0.0,0.8106731176376343,0.14162187278270721,0.007312886882573366,0.2192399799823761,0.11548967659473419,0.0061139692552387714,0.005508046131581068,0.0,0.022317960858345032,0.0,0.011646454222500324,0.063851498067379,0.02147063799202442,0.014628703705966473,0.0,0.0,0.0,0.0,0.0,0.10546265542507172,0.0634956881403923,0.02848385088145733,0.031240742653608322,0.14133884012699127,0.08224795013666153,0.024488242343068123,0.1082211434841156,0.03716639429330826,0.0,0.09985487908124924,0.0,0.0012833953369408846,0.0,0.04154379293322563,0.008122645318508148,0.0,0.06184488162398338,0.32058292627334595,0.0,0.0,0.0,0.03800809383392334,0.0,0.0,0.07216762751340866,0.007842237129807472,0.0032500552479177713,0.10153739899396896,0.003986098803579807,0.0013343876926228404,0.030558742582798004,0.0,0.0,0.019365135580301285,0.0,0.02483723685145378,0.20126290619373322,0.003879022551700473,0.46567630767822266,0.03153481334447861,0.028953053057193756,0.2405126541852951,0.0,0.004014268983155489,0.0,0.0,0.002237156732007861,0.0023072457406669855,0.1601061224937439,0.527747392654419,0.0,0.01840464025735855,0.0,0.0,0.013255885802209377,0.0,0.0010020923800766468,0.0,0.0,0.5118776559829712,0.0,0.0,0.0,0.0,0.15613608062267303,0.009934263303875923,0.0,0.0,0.0,0.2126590758562088,0.012639660388231277,0.04832121729850769,0.0,0.0,0.006691426038742065,0.0159253291785717,0.0,0.0,0.06647390872240067,0.03558601438999176,0.03596502169966698,0.015932517126202583,0.0003383178263902664,0.0,0.02951568178832531,0.0,0.01975608430802822,0.0,0.0,0.014982636086642742,0.0648178681731224,0.07667002081871033,0.0,0.018925070762634277,0.06243203207850456,0.050810813903808594,0.0,0.05475234612822533,0.5208063721656799,0.004589010961353779,0.2635727822780609,0.03508476912975311,0.13389790058135986,0.016494685783982277,0.28530624508857727,0.0,0.01706288941204548,0.0,0.06283210963010788,0.018144516274333,0.014856381341814995,0.0,0.031976331025362015,0.0,0.036145586520433426,0.006219899747520685,0.07044661790132523,0.00592492101714015,0.39526522159576416,0.018336739391088486,0.05340532213449478,0.0,0.0026924610137939453,0.051236677914857864,0.005349659826606512,0.05147648975253105,0.011285734362900257,0.0,0.021031951531767845,0.021607745438814163,0.0,0.016580380499362946,0.06767893582582474,0.01967235840857029,0.005519432947039604,0.006022057496011257,0.04007953777909279,0.007839743979275227,0.02315092273056507,0.0,0.0,0.0,0.06499314308166504,0.09735555946826935,0.7835598587989807,0.0,0.0,0.0,0.0,0.0046593802981078625,0.08419892936944962,0.0,0.0,0.0,0.0,0.0,0.01972649246454239,0.14886651933193207,0.0,0.011269377544522285,0.1894543319940567,0.027876729145646095,0.22464431822299957,0.0164506658911705,0.15620024502277374,0.0,0.1734071522951126,0.0,0.0,0.010790441185235977,0.018994657322764397,0.002394461538642645,0.0,0.29332709312438965,0.0,0.0,0.11265743523836136,0.0,0.00544786499813199,0.0,0.0,0.0003368330071680248,0.0,0.011994076892733574,0.053388066589832306,0.00475377356633544,0.0,0.0,0.014594738371670246,0.01839427463710308,0.0,0.0,0.17462198436260223,0.016648754477500916,0.06378601491451263,0.07749828696250916,0.0,0.04711141064763069,0.0,0.0,0.0,0.14367209374904633,0.0,0.0,0.04660625010728836,0.0,0.0,0.0,0.0,0.05108639597892761,0.0,0.0,0.0,0.0,0.0,0.0,0.006486568599939346,0.0,0.021001510322093964,0.6267595291137695,0.0,0.009060878306627274,0.005765395238995552,0.0,0.004704558756202459,0.2661764323711395,0.0,0.0920075923204422,0.32842734456062317,0.0,0.0,0.00036941884900443256,0.0,8.289903053082526e-05,0.0,0.0,0.44903457164764404,0.0,0.0,0.0,0.0,0.0,0.363841712474823,0.1132512092590332,0.0027656310703605413,0.0,0.009212348610162735,0.10435717552900314,0.3397771418094635,0.0,0.0,0.03020661137998104,0.0,0.0,0.0,0.0,0.0,0.010686147958040237,0.0,0.0,0.0,0.0,0.27799296379089355,0.0,0.0348701998591423,0.018886346369981766,0.016779934987425804,0.0,0.2943812310695648,0.10674809664487839,0.0,0.10844186693429947,0.006087269634008408,0.006117648910731077,0.0,0.0028695284854620695,0.04290014132857323,0.0,0.0,0.02832857146859169,0.0,0.0430213063955307,0.028852103278040886,0.01942715421319008,0.0,0.006276083178818226,0.00028423190815374255,0.1348138004541397,0.011415970511734486,0.0071254754438996315,0.004509921185672283,0.0,0.0632551982998848,0.04895322769880295,0.061037879437208176,0.05095241218805313,0.0,0.0,0.009089963510632515,0.03455400466918945,0.0,0.0,0.027054423466324806,0.0,0.01766151748597622,0.0,0.0,0.0,0.0,0.0056142546236515045,0.0031745624728500843,0.0,0.0,0.0,0.09387850016355515,0.04508998990058899,0.04720146581530571,0.011411364190280437,0.03775543347001076,0.003582643810659647,0.0,0.0,0.3084529936313629,0.0,0.07090805470943451,0.04378284141421318,0.004745961632579565,0.0014939713291823864,0.3454703390598297,0.01175270602107048,0.035945165902376175,0.0
0.0,0.008825253695249557,0.3081657588481903,0.00037356375833041966,0.0,0.0,0.013716490007936954,0.020725538954138756,0.0,0.06803189963102341,0.0,0.07822058349847794,0.019743354991078377,0.25137633085250854,0.08971132338047028,0.1528700888156891,0.003982109948992729,0.04152832180261612,0.0,0.2577410936355591,0.048169560730457306,0.0035804463550448418,0.04453185945749283,0.1456652134656906,0.0682070180773735,0.15494760870933533,0.0,0.0,0.0,0.0,0.455430805683136,0.09743420779705048,0.00962740182876587,0.0,0.20017342269420624,0.21685226261615753,0.014882462099194527,0.03240467235445976,0.0,0.1105336844921112,0.23972004652023315,0.0,0.005266962107270956,0.09506229311227798,0.5019696354866028,0.013782557100057602,0.04642309993505478,0.0,0.20831893384456635,0.0,0.0,0.16195397078990936,0.003937570843845606,0.15251322090625763,0.018750162795186043,0.0,0.0,0.0,0.1264525055885315,0.006638731807470322,0.0,0.42597106099128723,0.04652070999145508,0.0,0.01199248991906643,0.3555459976196289,0.132960245013237,0.014901196584105492,0.04680102318525314,0.0029230641666799784,0.26158565282821655,0.002392301568761468,0.01849481649696827,0.13178524374961853,0.0,0.0793219655752182,0.37861838936805725,6.568003300344571e-05,0.17597070336341858,0.3499101996421814,0.0,0.10724613070487976,0.0,0.05643676221370697,0.004900936968624592,0.3476252257823944,0.02382398210465908,0.0,0.0,0.02735605649650097,0.019416214898228645,0.01651940867304802,0.1906491070985794,0.5029630064964294,0.0011229872470721602,0.12986162304878235,0.04238054156303406,0.0,0.0,0.0,0.04092789813876152,0.040532149374485016,0.16115494072437286,0.01634311117231846,0.0707029402256012,0.01605125144124031,0.02720995433628559,0.0,0.0,0.0,0.04761120676994324,0.04140811040997505,0.005967299919575453,0.13840675354003906,0.008560750633478165,0.37347885966300964,0.0,0.09780307114124298,0.0,0.14996111392974854,0.016895895823836327,0.0018462896114215255,0.30839431285858154,0.05492043122649193,0.00133701681625098,0.0,0.20603781938552856,0.018879909068346024,0.10875337570905685,0.0034617448691278696,0.10638082772493362,0.0,0.04801223799586296,0.005488052498549223,0.06617310643196106,0.07716253399848938,0.012806684710085392,0.0,0.0,0.0,0.09194181114435196,0.03498450294137001,0.0,0.013926728628575802,0.18735742568969727,0.0,0.017712898552417755,0.29228752851486206,0.02256849594414234,0.059129033237695694,0.03486284986138344,0.0,0.024082742631435394,0.07001232355833054,0.0,0.011684048920869827,0.010566284880042076,0.02611454762518406,0.12432686984539032,0.09455327689647675,0.0035456004552543163,0.004899279214441776,0.03187929093837738,0.40303462743759155,0.08901949971914291,0.0,0.25345343351364136,0.014469883404672146,0.12868481874465942,0.3936888575553894,0.12847332656383514,0.035751599818468094,0.05767527222633362,0.2195972055196762,0.052499666810035706,0.05030354484915733,0.5610963702201843,0.0,0.0,0.3280651569366455,0.0,0.007068264298141003,0.03184383735060692,0.028363056480884552,0.026792192831635475,0.335881769657135,0.17619986832141876,0.04918000102043152,0.05865661799907684,0.2065296620130539,0.045868996530771255,0.10125374048948288,0.0,0.005769877228885889,0.014160793274641037,0.016441812738776207,0.03334449231624603,0.016788186505436897,0.2777116298675537,0.0,0.145833820104599,0.03697257488965988,0.0,0.14404936134815216,0.0,0.013599863275885582,0.048518333584070206,0.0018789517926052213,0.050960227847099304,0.14459002017974854,0.14920008182525635,0.0,0.2069067507982254,0.0,0.015859371051192284,0.018338793888688087,0.03222464397549629,0.028496595099568367,0.0034972787834703922,0.01813565194606781,0.06477859616279602,0.004456629976630211,0.18723049759864807,0.1646909862756729,0.0,0.18259334564208984,0.008978033438324928,0.022294625639915466,0.08227327466011047,0.12874338030815125,0.17057785391807556,0.005814633332192898,0.18422694504261017,0.04488931968808174,0.14459128677845,0.2562059164047241,0.03309290111064911,0.0747404471039772,0.029654590412974358,0.0034930361434817314,0.00046423912863247097,0.06947190314531326,0.023313267156481743,0.0,0.06979478150606155,0.04700449854135513,0.020328916609287262,0.07204832136631012,0.0028338765259832144,0.003783023450523615,0.015086433850228786,0.0035498791839927435,0.008020613342523575,0.005035953596234322,0.0009830475319176912,0.08161349594593048,0.0,0.0652783066034317,0.06618128716945648,0.3918831944465637,0.0031862687319517136,0.012815373949706554,0.03913474828004837,0.0,0.1399935483932495,0.030872182920575142,0.08174621313810349,0.024284211918711662,0.0,0.012381319887936115,0.10387226194143295,0.006156585179269314,0.00439998647198081,0.11422517150640488,0.06669187545776367,0.0,0.03976289555430412,0.03062974475324154,0.12234334647655487,0.19513070583343506,0.004846243653446436,0.0,0.016506409272551537,0.15639522671699524,0.012616920284926891,0.5686696767807007,0.0,0.0,0.19028139114379883,0.04701047018170357,0.12501640617847443,0.06989791244268417,0.0874733179807663,0.0,0.04728756099939346,0.03105797991156578,0.1692923903465271,0.0,0.28702786564826965,0.0,0.011919967830181122,0.029033634811639786,0.16029773652553558,0.11655352264642715,0.14185279607772827,0.0029378938488662243,0.012560375034809113,0.017361897975206375,0.0,0.0,0.0007893299916759133,0.12409420311450958,0.03263294696807861,0.14283637702465057,0.06971492618322372,0.41643425822257996,0.039752375334501266,0.01633414253592491,0.18474549055099487,0.03558038920164108,0.0,0.05505223199725151,0.0,0.0,0.6540838479995728,0.0,0.0,0.02353157475590706,0.0,0.0,0.0,0.061792463064193726,0.0,0.0,0.0,0.0,0.0,0.0,0.011385860852897167,0.11524875462055206,0.05160981044173241,0.0029412072617560625,0.0,0.0030222879722714424,0.0,0.0,0.0,0.0,0.0,0.0,0.16810108721256256,0.0009908521315082908,0.12314438074827194,0.030996426939964294,0.24043017625808716,0.0,0.0,0.0,0.08529023081064224,0.009637298993766308,0.013991949148476124,0.0009421223658137023,0.0,0.0,0.0,0.0,0.0915353000164032,0.06786330789327621,0.0006821394199505448,0.0,0.48702529072761536,0.0,0.0,0.06373533606529236,0.006083731539547443,0.0,0.004266731906682253,0.0,0.0,0.12379326671361923,0.04080018028616905,0.0,0.0,0.0,0.01366581954061985,0.0,0.0,0.08212542533874512,0.0,0.0011240721214562654,0.21563340723514557,0.0,0.0,0.0,0.0,0.0,0.09615997970104218,0.0,0.08946851640939713,0.010599774308502674,0.0024073063395917416,0.011126589961349964,0.0,0.001592330983839929,0.004629245959222317,0.0,0.01687106303870678,0.0,0.0,0.04026435315608978,0.0,0.0,0.0,0.0,0.0,0.0,0.0,0.0,0.0,0.0,0.015313914977014065,0.0,0.0764700248837471,0.0,0.008509025909006596,0.07986520975828171,0.009198853746056557,0.0035338187590241432,0.010502714663743973,0.14661943912506104,0.0,0.0016143863322213292,0.0,0.09212201088666916,0.0,0.0,0.003915092907845974,0.013691073283553123,0.00653812987729907,0.0,0.011916141957044601,0.0,0.004598555620759726,0.005801246035844088,0.0,0.0,0.06400434672832489,0.0,0.0029266297351568937,0.037773218005895615,0.002082160674035549,0.0,0.0,0.05670463666319847,0.0,0.0010768026113510132,0.0,0.0,0.027147242799401283,0.0,0.0,0.22285296022891998,0.0,0.0,0.06080007180571556,0.25308579206466675,0.05080164968967438,0.0,0.00026614786474965513,0.0005228287191130221,0.0,0.0,0.013582909479737282,0.0,0.016273414716124535,0.0,0.0,0.028849119320511818,0.03836517035961151,0.0,0.0,0.0,0.11249952018260956,0.0,0.06462566554546356,0.21433430910110474,0.010279222391545773,0.0,0.0,0.0,0.017486000433564186,0.0,0.0,0.0,0.0,0.0,0.0,0.03111235424876213,0.05102820321917534,0.0,0.0,0.0,0.030068106949329376,0.029061967507004738,0.011683187447488308,0.0,0.0,0.0,0.1862790733575821,0.018527042120695114,0.050255823880434036,0.01134585402905941,0.0,0.0,0.0,0.000683348800521344,0.13103507459163666,0.015712067484855652,0.0,0.010432329028844833,0.0,0.0,0.42953160405158997,0.0,0.0,0.0,0.0,0.0,0.0,0.029841894283890724,0.005012792535126209,0.0,0.0040876735001802444,0.0,0.0,0.10984314233064651,0.0,0.0,0.0,0.032702118158340454,0.006275567226111889,0.061731692403554916,0.0,0.09103179723024368,0.0,0.0,0.009561233222484589,0.0,0.0011324905790388584,0.0,0.0,0.040123533457517624,0.014879923313856125,0.211777463555336,0.00288382638245821,0.017531132325530052,0.0,0.0,0.04691207781434059,0.0,0.0,0.10606081783771515,0.05260171741247177,0.0,0.19935376942157745,0.06364641338586807,0.0,0.0,0.05210285261273384,0.23590290546417236,0.0,0.01832873746752739,0.06696302443742752,0.0,0.0,0.006539840716868639,0.0,0.0012310012243688107,0.0,0.02198031358420849,0.10159485042095184,0.0,0.04686694219708443,0.0,0.14962457120418549,0.045707445591688156,0.07835950702428818,0.04149490222334862,0.0,0.0,0.0,0.0,0.0026149963960051537,0.0,0.0,0.15708306431770325,0.0074125612154603004,0.022608870640397072,0.0,0.0,0.0,0.0,0.0,0.01579723320901394,0.0,0.0,0.0,0.47598016262054443,0.007337233517318964,0.035670891404151917,0.0,0.13974757492542267,0.0,0.0,0.009273114614188671,0.0017410027794539928,0.019102316349744797,0.04476548358798027,0.0,0.0,0.0,0.0,0.0,0.003975349478423595,0.0024948110803961754,0.0010680141858756542,0.0,0.0103628383949399,0.0,0.03732474148273468,0.04643518477678299,0.011171803809702396,0.0,0.0,0.0,0.0,0.0,0.008633425459265709,0.0,0.0,0.0,0.0,0.12806086242198944,0.021186362951993942,0.0,0.0,0.0,0.0,0.01028730534017086,0.0,0.0,0.017757616937160492,0.0,0.0,0.010737359523773193,0.0,0.0,0.09289540350437164,0.0028003263287246227,0.11305852979421616,0.0316573902964592,0.0,0.2634568214416504,0.007895017974078655,0.08361949026584625,0.0037769461050629616,0.0,0.09335727989673615,0.0,0.049069665372371674,0.0997067466378212,0.0,0.03111175447702408,0.0010808455990627408,0.0,0.0,0.0,0.0,0.0,0.005449894815683365,0.0,0.06272073090076447,0.0,0.0,0.0,0.07775130867958069,0.004570131655782461,0.0,0.0,0.0,0.0,0.11161133646965027,0.018287910148501396,0.010418320074677467,0.054731760174036026,0.012788865715265274,0.0,0.0,0.00748310936614871,0.06709256768226624,0.006228296551853418,0.0,0.3691955804824829,0.04217136278748512,0.007008643355220556,0.0,0.01607956923544407,0.0,0.12997318804264069,0.006990623660385609,0.0,0.0015140930190682411,0.0,0.008023622445762157,0.17019964754581451,0.13257338106632233,0.03471125289797783,0.0,0.00497437221929431,0.058630093932151794,0.00401384849101305,0.0,0.0,0.054038114845752716,0.0,0.008309739641845226,0.0,0.061629071831703186,0.0,0.2594815194606781,0.0,0.0,0.0,0.23223187029361725,0.06099569797515869,0.0,0.015746332705020905,0.5551644563674927,0.0,0.03415404632687569,0.0,0.024897538125514984,0.0,0.0,0.0,0.007076511159539223,0.2599599361419678,0.0,0.12779168784618378,0.0,0.0,0.01843186467885971,0.009131555445492268,0.0,0.002226082142442465,0.009920349344611168,0.0,0.20942749083042145,0.10772272199392319,0.0,0.0,0.009409966878592968,0.039296239614486694,0.0,0.3487740755081177,0.0,0.0,0.0,0.015316862612962723,0.0,0.09628980606794357,0.06750091165304184,0.042070791125297546,0.12478125840425491,0.01999923400580883,0.008644151501357555,0.006705281790345907,0.03474211320281029,0.039659205824136734,0.0153467683121562,0.0,0.0,0.2069890797138214,0.010272009298205376,0.04116567596793175,0.0,0.011041974648833275,0.05872900038957596,0.22336232662200928,0.0,0.03913932666182518,0.07645237445831299,0.05632106959819794,0.006231284234672785,0.0,0.0,0.05148829519748688,0.0,0.0,0.13350720703601837,0.055264849215745926,0.023245668038725853,0.0,0.03135125711560249,0.0,0.0,0.04350252076983452,0.09099702537059784,0.08676740527153015,0.0,0.17012923955917358,0.0,0.0069086854346096516,0.0,0.008286837488412857,0.024778559803962708,0.20818299055099487,0.03055608458817005,0.09731695055961609,0.07239262759685516,0.0,0.0,0.013019220903515816,0.0,0.0,0.005624300334602594,0.014585227705538273,0.0,0.0,0.009442327544093132,0.11766234040260315,0.0,0.00017485856369603425,0.03817203268408775,0.0042126416228711605,0.0,0.18591322004795074,0.0,0.0032959964592009783,0.03690780699253082,0.03787478804588318,0.0,0.023178940638899803,0.0022644817363470793,0.2645890712738037,0.0,0.020842110738158226,0.5182159543037415,0.0,0.024615459144115448,0.0068503450602293015,0.0,0.0,0.0,0.0007596170762553811,0.018175460398197174,0.0,0.13458408415317535,0.0,0.0,0.0006606197566725314,0.0,0.0032948374282568693,0.005459649488329887,0.0,0.01100102998316288,0.0,0.001367017044685781,0.0016534972237423062,0.0,0.30049756169319153,0.0,0.0,0.0,0.003047514008358121,0.0,0.0,0.5795602202415466,0.05965568497776985,0.009169882163405418,0.04426119476556778,0.07578489929437637,0.0,0.019522197544574738,0.0,0.21391721069812775,0.0,0.06870359927415848,0.011533918790519238,0.028951535001397133,0.0005880537792108953,0.004048775415867567,0.14423340559005737,0.0,0.003354281187057495,0.0,0.08288424462080002,0.04053420573472977,0.08053060621023178,0.002302017295733094,0.09711417555809021,0.05030680075287819,0.0,0.4737333655357361,0.0,0.0,0.0638597309589386,0.03145701810717583,0.03235159441828728,0.0,0.008970312774181366,0.0,0.05638813599944115,0.1278497278690338,0.0,0.11377178877592087,0.024721555411815643,0.08031420409679413,0.0,0.0514056496322155,0.39259007573127747,0.0015966808423399925,0.12379152327775955,0.08274230360984802,0.16943538188934326,0.044016603380441666,0.01854601316154003,0.11155727505683899,0.10849995911121368,0.0204791072756052,0.2010083645582199,0.001311211264692247,0.0,0.4018566906452179,0.0,0.0,0.03478030487895012,0.0,0.0,0.10700100660324097,0.0024304562248289585,0.00036959885619580746,0.003188428934663534,0.0,0.001137399347499013,0.0,0.20816317200660706,0.05702703073620796,0.0,0.0009191834833472967,0.022406768053770065,0.0,0.0022973024751991034,0.10481858998537064,0.0,0.05104172229766846,0.0,0.11232734471559525,0.009967940859496593,0.037859752774238586,0.04887505620718002,0.0,0.033449579030275345,0.0,0.01974670961499214,0.08666730672121048,0.0,0.035634350031614304,0.014060559682548046,0.08233598619699478,0.0,0.08290279656648636,0.05767945200204849,0.0,0.0,0.18173082172870636,0.0,0.0,0.007146904245018959,0.5311521291732788,0.1944766640663147,0.006870306096971035,0.02022523432970047,0.3042699992656708,0.0015143024502322078,0.0004526638949755579,0.0,0.19492191076278687,0.0,0.025042133405804634,0.0,0.0,0.0,0.0,0.07953690737485886,0.004289646167308092,0.0,0.20191895961761475,0.042662229388952255,0.0,0.0,0.23108746111392975,0.0,0.0021656763274222612,0.041842784732580185,0.02918025478720665,0.05783674120903015,0.023682937026023865,0.01881237141788006,0.0684661939740181,0.0,0.0,0.28749722242355347,0.0,0.0,0.009940161369740963,0.07194458693265915,0.06180907413363457,0.0,0.09617413580417633,0.0,0.0,0.33170586824417114,0.009329075925052166,0.0,0.010077374055981636,0.0,0.0,0.0338851660490036,0.43671131134033203,0.0,0.006373405922204256,0.2855037450790405,0.06626075506210327,0.012984308414161205,0.10692732036113739,0.0016155564226210117,0.0519636832177639,0.04943467304110527,0.0009892332600429654,0.0,0.0,0.0542510449886322,0.01209323387593031,0.0,0.0025387501809746027,0.08684743940830231,0.0815456211566925,0.01213440578430891,0.1738947629928589,0.0,0.03969159722328186,0.01677042990922928,0.0,0.1804545819759369,0.005918996874243021,0.013667140156030655,0.09024205803871155,0.007699317764490843,0.0,0.13438935577869415,0.024381989613175392,0.0,0.014879540540277958,0.4080505073070526,0.06574898213148117,0.058504022657871246,0.0,0.06246980279684067,0.1887538731098175,0.06305194646120071,0.0826917365193367,0.0,0.06954316794872284,0.009648287668824196,0.04644618183374405,0.0361921526491642,0.07816512137651443,0.3814670443534851,0.01665782928466797,0.35183390974998474,0.0,0.020125102251768112,0.023443689569830894,0.28969576954841614,0.11429718136787415,0.156953364610672,0.11220834404230118,0.0,0.024437088519334793,0.009126353077590466,0.03581027314066887,0.0,0.033625468611717224,0.03728614002466202,0.0,0.0,0.0024850605987012386,0.0,0.09249642491340637,0.0,0.0,0.07501570880413055,0.044238604605197906,0.24746660888195038,0.0,0.0,0.0,0.0,0.0,0.0,0.4355216920375824,0.0,0.0,0.0,0.0,0.22869032621383667,0.0,0.0,0.0,0.09208720177412033,0.002649154746904969,0.017933307215571404,0.23770879209041595,0.19776535034179688,0.0,0.012710733339190483,0.0,0.04674656689167023,0.0,0.0,0.0,0.0,0.018878094851970673,0.0,0.0,0.0,0.0062513528391718864,0.0034076464362442493,0.1967284083366394,0.07852531224489212,0.0,0.0010546124540269375,0.0,0.004013186786323786,0.0,0.36733734607696533,0.0349089615046978,0.27555954456329346,0.0,0.06973375380039215,0.011184663511812687,0.0045291041024029255,0.0,0.04112611338496208,0.0,0.009390752762556076,0.0,0.01012515276670456,0.008344203233718872,0.0,0.045814722776412964,0.0,0.05729411169886589,0.0,0.030507421121001244,0.03617745637893677,0.0,0.0,0.0,0.0,0.0,0.6936078667640686,0.34016549587249756,0.0,0.0,0.029060278087854385,0.0010868394747376442,0.027771050110459328,0.03686162084341049,0.0856991559267044,0.0,0.0,0.6757490038871765,0.0,0.0,0.0,0.018746433779597282,0.0,0.0,0.0,0.0,0.0,0.0,0.0,0.4008851945400238,0.03384428098797798,0.0,0.04575149714946747,0.0,0.0034915946889668703,0.0,0.0,0.0065557342022657394,0.0,0.012413209304213524,0.31496256589889526,0.014663412235677242,0.9949983358383179,0.0,0.0,0.007428945507854223,0.0,0.0,0.023015066981315613,2.2986419200897217,0.015660833567380905,0.0,0.0,0.0352235846221447,0.0,0.0,0.0,0.05982092022895813,0.010113673284649849,0.0,0.49153968691825867,0.0,0.009088798426091671,0.04294155165553093,0.0,0.0,0.0,0.08444049954414368,0.20110975205898285,0.060133542865514755,0.0,0.18606306612491608,0.0,0.0,0.0,0.0,0.0,0.05577550828456879,0.027508147060871124,0.03315228596329689,0.0,0.0,0.2004528045654297,0.005335252266377211,0.0,0.049070797860622406,0.5428504347801208,0.0,0.00987327191978693,0.169163316488266,0.0,0.011900894343852997,0.0,0.007230259943753481,0.0,0.02158067189157009,0.0,0.0,0.0,0.0,0.0,0.006888721138238907,0.0,0.06888895481824875,0.03245672211050987,0.7696765661239624,0.0,0.03365897387266159,0.0031185413245111704,0.0011558246333152056,0.03669799119234085,0.0,0.058754194527864456,0.0,0.0,0.7609301805496216,0.0,0.024138109758496284,0.0,0.0,0.0,0.0,0.019293447956442833,0.0068886782974004745,0.0,0.0,0.0,0.0,0.0,0.0,0.003567887470126152,0.0,0.0,0.004545385017991066,0.0,0.0,0.22503136098384857,0.0,0.08380653709173203,0.0,0.0,0.0,0.004034345969557762,0.0,0.05855904519557953,0.0,0.0,0.05766144394874573,0.0,0.06343698501586914,0.0,0.020047582685947418,0.16799567639827728,0.0,0.060921117663383484,0.012778159230947495,0.0,0.03734113276004791,0.0,0.01930350624024868,0.0,0.03546992316842079,0.0,0.0,0.0,0.030818123370409012,0.0,0.0,0.003095336025580764,0.0786445364356041,0.0,0.003077042056247592,0.29728028178215027,0.09378007799386978,0.0,0.019467176869511604,0.0,0.009609880857169628,0.0,0.0,0.0056843687780201435,0.06426859647035599,0.028836682438850403,0.0,0.023136256262660027,0.0,0.03735651075839996,0.003531052963808179,0.0,0.001495293341577053,0.13634034991264343,0.17431825399398804,0.036009520292282104,0.0,0.0020859921351075172,0.13012021780014038,0.006866491865366697,0.007611116394400597,0.0,0.2945336401462555,0.08800537884235382,0.13831989467144012,0.02451668307185173,0.0,0.0,0.9681554436683655,0.40513014793395996,0.10902243852615356,0.0,0.0,0.0,0.0,0.0,0.05186012387275696,0.0,0.4716647267341614,0.010879754088819027,0.1556045562028885,0.0,0.0,0.0,0.00807922799140215,0.040398821234703064,0.0,0.0019763349555432796,0.04418116435408592,0.19084292650222778,0.0,0.0,0.19783277809619904,0.018109126016497612,0.4795945882797241,0.04790158569812775,0.01662284880876541,0.13651782274246216,0.031111225485801697,0.005911323241889477,0.0,0.43557479977607727,0.021227581426501274,0.0,0.003436026629060507,0.0,0.0,0.0,0.16329586505889893,0.0,0.0023585848975926638,0.27816998958587646,0.030639706179499626,0.0,0.0,0.02151988446712494,0.014262128621339798,0.0,0.0,0.0,0.0,0.18174728751182556,0.0032583868596702814,0.0,0.0,0.03945270925760269,0.01948486641049385,0.0,0.0032571887131780386,0.0,0.0,0.0,0.0,0.002696054056286812,0.10797779262065887,0.007808262016624212,0.0,0.00034650490852072835,0.0,0.19499588012695312,0.0,0.0,0.006675890646874905,0.0,0.055311694741249084,0.05500699207186699,0.0,0.0,0.0,0.0,0.0,0.0,0.0,0.0076698618941009045,0.0,0.0,0.0,0.01491504441946745,0.0,0.0005256629083305597,0.0,0.042792364954948425,0.008330234326422215,0.028187377378344536,0.00023140906705521047,0.04147036373615265,0.0,0.019663522019982338,0.0,0.1557651311159134,0.0037101793568581343,0.03369017690420151,0.08537589758634567,0.10675008594989777,0.0,0.0,0.0,0.0015980469761416316,0.006207840982824564,0.18518054485321045,0.034407295286655426,0.005552995949983597,0.0,0.024384303018450737,0.04931999742984772,0.03178660571575165,0.0,0.035471465438604355,0.0,0.0,0.04619274288415909,0.11457353830337524,0.00598606001585722,0.005492428317666054,0.0,0.038315221667289734,0.004342603497207165,0.07191716134548187,0.02164282649755478,0.0,0.0,0.13794241845607758,0.1296100914478302,0.016057124361395836,0.0,0.0,0.012424337677657604,0.0,0.5690040588378906,0.015847431495785713,0.0019888877868652344,0.0,0.16716621816158295,0.09001880884170532,0.09775925427675247,0.0,0.092960424721241,0.000621753919404,0.0,0.178547665476799,0.07479695230722427,0.0,0.08468286693096161,0.0,0.7748993635177612,0.0,0.0,0.004978766664862633,0.004732559900730848,0.0,0.011713095009326935,0.0,0.0,0.0496082603931427,0.00025430857203900814,0.2011720836162567,0.0,0.06779386848211288,0.0,0.002219593618065119,0.0005682248156517744,0.12070723623037338,0.10112552344799042,0.0,0.028276806697249413,0.2258925884962082,0.0,0.027043471112847328,0.011545488610863686,0.0,0.0,0.1177402138710022,0.021874452009797096,0.009516367688775063,0.0,0.02988789975643158,0.2307615727186203,0.02199392393231392,0.0,0.0018114030826836824,0.028110673651099205,0.1292097419500351,0.011342831887304783,0.0,0.0,0.028888018801808357,0.0,0.004018467850983143,0.019236139953136444,0.1330939680337906,0.0,0.0599922239780426,0.0,0.07126951962709427,0.5957183241844177,0.07083737105131149,0.06898704171180725,0.007008538115769625,0.08214817941188812,0.01877669245004654,0.0,0.0,0.005189809948205948,0.04149994999170303,0.01874447427690029,0.05141746625304222,0.009254122152924538,0.03684363141655922,0.0020690441597253084,0.3847396969795227,0.1581098884344101,0.0,0.06388912349939346,0.0,0.19443584978580475,0.34997445344924927,0.04575808346271515,0.030279213562607765,0.5427300930023193,0.028508730232715607,0.7304512858390808,0.10034976899623871,0.0028045440558344126,0.0,0.0,0.07787531614303589,0.0,0.06044448912143707,0.0,0.002734966343268752,0.049272842705249786,0.0,0.022259892895817757,1.2991927862167358,0.23059041798114777,0.03197678551077843,0.0,0.057689547538757324,0.0,0.05493767186999321,0.014151331968605518,0.0034622596576809883,0.0,0.42285266518592834,0.06606545299291611,0.03224307671189308,0.02558712475001812,0.0,0.0,0.05256707966327667,0.0,0.11365136504173279,0.0573434978723526,0.0,0.22499936819076538,0.01861007884144783,0.03685248643159866,0.0,0.0034794474486261606,0.0,0.0,0.5644705295562744,0.2477845996618271,0.0002633905387483537,0.07601040601730347,0.17343230545520782,0.0307475496083498,0.05425376817584038,0.005996329709887505,0.03529921919107437,0.00887675303965807,0.0056478166952729225,0.010296489112079144,0.0,0.024963069707155228,0.0,0.09875138103961945,0.0,0.14218378067016602,0.09177416563034058,0.007326805032789707,0.0,0.0529608353972435,0.013978192582726479,0.03089921548962593,0.20199427008628845,0.012669784016907215,0.0,0.1401159018278122,0.0,0.026693928986787796,0.08313241600990295,0.017834996804594994,0.051288146525621414,0.0,0.0,0.0016384493792429566,0.43750622868537903,0.0,0.0396190769970417,0.017692772671580315,0.0,0.0,0.0,0.011743993498384953,0.0,0.0,0.028750162571668625,0.0481485091149807,0.017538325861096382,0.0,0.02159344032406807,0.0,0.7542514204978943,0.10707800835371017,0.008873725309967995,0.2328508198261261,0.09607823193073273,0.016832541674375534,0.0026098727248609066,0.0,0.02148354984819889,0.0,0.03251572698354721,0.065427266061306,0.017697928473353386,0.007459020242094994,0.0,0.0,0.0,0.009931396692991257,0.0,0.11690762639045715,0.05066698044538498,0.02941003255546093,0.019962644204497337,0.1634140908718109,0.08274654299020767,0.0,0.06619151681661606,0.033069707453250885,0.0,0.10833999514579773,0.0,0.0,0.0,0.023488812148571014,0.009848496876657009,0.0,0.07828626781702042,0.26154717803001404,0.0,0.0,0.0,0.03771952539682388,0.0,0.0007552861934527755,0.0839325413107872,0.0,0.0,0.07191542536020279,0.014763010665774345,0.005813943222165108,0.02352171018719673,0.0,0.0,0.009114420041441917,0.0,0.02030855230987072,0.19902129471302032,0.0,0.44119521975517273,0.02367628552019596,0.02677721530199051,0.24923866987228394,0.0,0.03168172761797905,0.0,0.0,0.0,0.00375311728566885,0.17497430741786957,0.5039908289909363,0.0009294009068980813,0.015053453855216503,0.0,0.0,0.00679078558459878,0.0,0.008422454819083214,0.000288116920273751,0.0,0.5017603039741516,0.0,0.003202178981155157,0.0,0.0,0.15329968929290771,0.0079724732786417,0.0,0.0,0.0,0.19440540671348572,0.01716444082558155,0.06449788808822632,0.0,0.0,0.013481088913977146,0.0128416633233428,0.0,0.0,0.05794617161154747,0.024055078625679016,0.030871491879224777,0.023302597925066948,0.0,0.0,0.04495079815387726,0.0,0.029369225725531578,0.0,0.0,0.014737709425389767,0.0598568432033062,0.06770342588424683,0.001736880512908101,0.03397195041179657,0.030455682426691055,0.08149313181638718,0.0,0.06864113360643387,0.5657380223274231,0.019229602068662643,0.2668086290359497,0.06769593805074692,0.10017894953489304,0.02291525900363922,0.2052074372768402,0.0,0.008525269106030464,0.0,0.05567358806729317,0.021579241380095482,0.006370129529386759,0.0,0.030114974826574326,0.0,0.03666321560740471,0.015471061691641808,0.07659744471311569,0.00913968589156866,0.35280027985572815,0.02923707664012909,0.028153758496046066,0.0007891643326729536,0.006844297517091036,0.048580385744571686,0.0022972680162638426,0.05746162310242653,0.020252173766493797,0.0,0.02383188158273697,0.03777341917157173,0.0,0.018459288403391838,0.06285794079303741,0.033293716609478,0.006672930903732777,0.0057206605561077595,0.033089086413383484,0.0036361408419907093,0.02037343755364418,0.0,0.0,0.0,0.10024523735046387,0.09412278980016708,0.710003674030304,0.0,0.0,0.0,0.0,0.0,0.025454727932810783,0.0,0.0,0.0,0.0,0.0,0.008282632566988468,0.16336184740066528,0.0,0.0007491862634196877,0.2043038308620453,0.03832515329122543,0.21899427473545074,0.021928414702415466,0.09761793911457062,0.0,0.17113637924194336,0.0,0.0,0.012712904252111912,0.014123997651040554,0.0,0.0,0.3057735860347748,0.0,0.0,0.10587777942419052,0.0,0.0015863245353102684,0.0,0.0,0.0,0.0,0.016233479604125023,0.05274965241551399,0.009444513358175755,0.0,0.0,0.020361928269267082,0.04687630757689476,0.0,0.0,0.11195442080497742,0.015978805720806122,0.0382702462375164,0.06923123449087143,0.0,0.048058345913887024,0.0,0.0,0.0,0.18261359632015228,0.0,0.0005530768539756536,0.039778806269168854,0.0,0.0004633951175492257,0.0,0.0,0.045743368566036224,0.0,0.0,0.0,0.0,0.0,0.0,0.002077326877042651,0.0006364536238834262,0.01701566018164158,0.4907234311103821,0.0,0.014049652963876724,0.0069357180036604404,0.0,0.0013747954508289695,0.2103523313999176,0.0,0.07818460464477539,0.27070778608322144,0.0,0.0,0.004588432144373655,0.0,0.0,0.0,0.0,0.4516270160675049,0.0,0.0,0.0,0.0,0.0,0.29590699076652527,0.08200191706418991,0.007752516306936741,0.00420934846624732,0.008035378530621529,0.13379225134849548,0.2959364652633667,0.0,0.0,0.013997823931276798,0.0,0.0,0.0013848101953044534,0.0,0.0,0.02292335219681263,0.0,0.0,0.0,0.0,0.19560974836349487,0.0,0.030989618971943855,0.027628421783447266,0.015156937763094902,0.0,0.22998863458633423,0.174535870552063,0.0002710197295527905,0.08597627282142639,0.0026899194344878197,0.007527681067585945,0.0,0.0030695563182234764,0.06466963142156601,0.0,0.0,0.030731642618775368,0.0,0.007667133584618568,0.025578662753105164,0.008492755703628063,0.0,0.00704861618578434,0.0015156983863562346,0.11805908381938934,0.005040156655013561,0.014570852741599083,0.0009736752253957093,0.0,0.021049609407782555,0.03641415014863014,0.050058115273714066,0.041353996843099594,0.0,0.0,0.0049194409511983395,0.05719960108399391,0.0,0.0,0.018958676606416702,0.0,0.015246057882905006,0.0,0.0,0.0,0.0,0.005377365276217461,0.0057119689881801605,0.002327702706679702,0.0,0.0,0.042801860719919205,0.05364616960287094,0.05853797867894173,0.0032493555918335915,0.05408792942762375,0.0003027463098987937,0.0,0.0006222438532859087,0.3305688798427582,0.0,0.035344306379556656,0.03504069149494171,0.004440271761268377,0.005562708247452974,0.3063642382621765,0.010081126354634762,0.05061190575361252,0.0
0.0,0.0098935691639781,0.3642503023147583,0.004284027963876724,0.0,0.0,0.01807105354964733,0.012116115540266037,0.0,0.07117916643619537,0.008118441328406334,0.05145423859357834,0.01746397465467453,0.28670811653137207,0.09911847859621048,0.1749400943517685,0.010359236970543861,0.027973948046565056,0.0,0.2759304940700531,0.04015437141060829,0.0,0.03836261108517647,0.1761481910943985,0.06586167216300964,0.14103616774082184,0.0,0.0,0.0,1.5734434782643802e-05,0.45245105028152466,0.12661325931549072,0.0,0.0,0.2499929666519165,0.19662721455097198,0.010847597382962704,0.042789753526449203,0.0,0.10629501193761826,0.3486832082271576,0.0,0.010640161111950874,0.13142822682857513,0.47260338068008423,0.011055848561227322,0.04000847786664963,0.0,0.2846962511539459,0.0,0.0,0.24297775328159332,0.006663033738732338,0.15667001903057098,0.04319625347852707,0.0,0.0,0.0,0.09403995424509048,0.011855024844408035,0.0023300491739064455,0.40574705600738525,0.0734226405620575,0.0,0.0005365503020584583,0.3078092932701111,0.1073387935757637,0.01866045966744423,0.03725243732333183,0.0003543519997037947,0.20391561090946198,0.035093169659376144,0.012378678657114506,0.12694518268108368,0.0,0.12280783802270889,0.37674495577812195,0.0008783335797488689,0.18531295657157898,0.4304533898830414,0.0,0.0825454518198967,0.0,0.09082433581352234,0.001505141262896359,0.3369530439376831,0.020969465374946594,0.0,0.0,0.023511109873652458,0.012159459292888641,0.011510682292282581,0.22366775572299957,0.5366458296775818,0.0010826719226315618,0.17693136632442474,0.03737444430589676,0.0,0.0,0.0,0.011875567026436329,0.04966481775045395,0.14501981437206268,0.018251631408929825,0.10061292350292206,0.011747109703719616,0.021115995943546295,0.0,0.0031793522648513317,0.0011555051896721125,0.04295891150832176,0.0323760025203228,0.0,0.18760322034358978,0.0141640305519104,0.380199670791626,0.0,0.08969633281230927,0.0,0.15468084812164307,0.014303047209978104,0.004217612557113171,0.34577932953834534,0.0276784710586071,0.01069973036646843,0.00878092646598816,0.21035440266132355,0.02742941677570343,0.13984140753746033,0.0014794421149417758,0.12038606405258179,0.0,0.03695051372051239,0.0,0.05181630700826645,0.07054179161787033,0.005663239862769842,0.0,0.010713249444961548,0.0006783718126825988,0.11430073529481888,0.0364566445350647,0.0,0.037232402712106705,0.23797164857387543,0.0,0.01086753886193037,0.3053811192512512,0.0,0.050294019281864166,0.03709762915968895,0.0,0.05816751345992088,0.05953430011868477,0.0,0.0451153963804245,0.011828269809484482,0.03884637728333473,0.11681536585092545,0.07620339840650558,0.0075826384127140045,0.001528309308923781,0.021402472630143166,0.4035928249359131,0.09866099059581757,0.0,0.2764543294906616,0.0,0.14886952936649323,0.3461064100265503,0.10603111237287521,0.04457152262330055,0.08514914661645889,0.20394745469093323,0.05743745341897011,0.05741887167096138,0.5422908067703247,0.013951285742223263,0.0010315871331840754,0.32240647077560425,0.0,0.0,0.04513068124651909,0.041141971945762634,0.01949605718255043,0.34763067960739136,0.17841945588588715,0.04427150636911392,0.0708429366350174,0.30397164821624756,0.03685145452618599,0.08134970813989639,0.0031067896634340286,0.004182843957096338,0.020921971648931503,0.022561712190508842,0.032121624797582626,0.013724889606237411,0.22891944646835327,0.012567481957376003,0.1456996202468872,0.02902344986796379,0.0,0.14954744279384613,0.0,0.030991367995738983,0.04630865156650543,0.010275261476635933,0.06917252391576767,0.08398620784282684,0.16311024129390717,0.005262653809040785,0.21479564905166626,0.0006112992996349931,0.01944253407418728,0.027773087844252586,0.051470205187797546,0.03423529118299484,0.0,0.02240530028939247,0.05391498655080795,0.0,0.18062517046928406,0.1582089364528656,0.0,0.1893542855978012,0.011823143810033798,0.020464343950152397,0.09108053147792816,0.12203598022460938,0.15886682271957397,0.002687091939151287,0.203208327293396,0.061586152762174606,0.1467437744140625,0.2923603653907776,0.017650937661528587,0.09584935009479523,0.03265051543712616,0.0,0.0,0.04826568439602852,0.07050200551748276,0.0,0.08852700144052505,0.059623681008815765,0.018053054809570312,0.07305548340082169,0.0,0.006308314856141806,0.006368391681462526,0.01004342082887888,0.0,0.007410371210426092,0.008727166801691055,0.0892813429236412,0.0,0.07963332533836365,0.053215060383081436,0.4242413341999054,0.0,0.019921621307730675,0.017733033746480942,0.0039251018315553665,0.11704709380865097,0.030320433899760246,0.07572568953037262,0.0855201780796051,0.005019040312618017,0.023731937631964684,0.1018657311797142,0.011552486568689346,0.0074105835519731045,0.13164350390434265,0.04656359553337097,0.0,0.03872159123420715,0.01419008243829012,0.14041081070899963,0.20538035035133362,0.020908843725919724,0.0,0.022425806149840355,0.15499523282051086,0.045379895716905594,0.642625629901886,0.0,0.0015256213955581188,0.1708340048789978,0.06323632597923279,0.1612004041671753,0.1327456533908844,0.08920667320489883,0.0,0.0403536856174469,0.02338523231446743,0.16572754085063934,0.0,0.2826594114303589,0.0,0.024716638028621674,0.03962364047765732,0.1925402581691742,0.1490342617034912,0.14682798087596893,0.0035710763186216354,0.021054012700915337,0.02525866962969303,0.0,0.0,0.0,0.13847635686397552,0.021259378641843796,0.19601529836654663,0.04071078822016716,0.3144437074661255,0.044912878423929214,0.006296081468462944,0.15529492497444153,0.028658337891101837,0.0,0.034215498715639114,0.0,0.0,0.7258849143981934,0.0,0.0,0.029542021453380585,0.0,0.0,0.0032492256723344326,0.051868986338377,0.0,0.0,0.03426386043429375,0.0,0.0,0.0,0.006630667485296726,0.07970524579286575,0.08687373250722885,0.0035758698359131813,0.0,0.0,0.0,0.0,0.0,0.0,0.0,0.0,0.22504077851772308,0.0,0.11824314296245575,0.06342612951993942,0.28291863203048706,0.0,0.0,0.0,0.07465080171823502,0.00710357166826725,0.003798438934609294,0.0,0.0,0.0,0.0,0.0,0.09673705697059631,0.03393908962607384,0.0,0.0,0.5378502607345581,0.0,0.0,0.04756200686097145,0.011392743326723576,0.0,0.0009038543794304132,0.006159009877592325,0.00484459288418293,0.19092601537704468,0.039423905313014984,0.0004443264042492956,0.0,0.0,0.00978450570255518,0.0,0.0,0.057807229459285736,0.0,0.0,0.24473896622657776,0.0,0.0,0.0,0.0,0.0,0.15557979047298431,0.0,0.10302910953760147,0.0027230565901845694,0.001740841893479228,0.05316242203116417,0.0,0.00637334818020463,0.001209557638503611,0.0,0.04079589992761612,0.0,0.0,0.06416115909814835,0.0,0.0,0.0,0.0,0.003725080518051982,0.0,0.0,0.0,0.0,0.0,0.039795588701963425,0.0,0.05336027964949608,0.0,0.0042963577434420586,0.11351761221885681,0.012021231465041637,0.009228650480508804,0.008216578513383865,0.13372458517551422,0.0,0.0,0.0,0.1250593066215515,0.0,0.0,0.0,0.010023741982877254,0.0022495733574032784,0.0,0.0,0.0,0.006609908305108547,0.015510063618421555,0.0,0.0,0.10352382808923721,0.0,0.018822960555553436,0.0475468747317791,0.002913116244599223,0.0,0.0,0.023863505572080612,0.0,0.0,0.0,0.0,0.030569229274988174,0.0,0.0007409262470901012,0.2515079975128174,0.0,0.0,0.07138573378324509,0.213736891746521,0.044130343943834305,0.0,0.0,0.0,0.0,0.0,0.01833236590027809,0.0,0.01353764533996582,0.0,0.0,0.03523293137550354,0.08140284568071365,0.0,0.0,0.0,0.11438553780317307,0.005600106902420521,0.04686244949698448,0.23170199990272522,0.009881608188152313,0.0,0.0,0.0,0.02579507790505886,0.0,0.0,0.0,0.0,0.0,0.0,0.0014775979798287153,0.03506431728601456,0.0,0.0,0.0,0.017916221171617508,0.050062041729688644,0.018391400575637817,0.0,0.0,0.010210413485765457,0.18600359559059143,0.02058161236345768,0.047641824930906296,0.0034109591506421566,0.0,0.0036833263002336025,0.0,0.0,0.17717306315898895,0.026964616030454636,0.0,0.02291082590818405,0.0,0.0,0.3868167996406555,0.0,0.0,0.0,0.0,0.0,0.0,0.026505395770072937,0.028372295200824738,0.0,0.004695539362728596,0.0,0.0,0.09514176100492477,0.0,0.0,0.0,0.01046940591186285,0.007822035811841488,0.05903699994087219,0.0,0.08581969887018204,0.0,0.0,0.024154938757419586,0.0,0.0,0.0,0.004829573445022106,0.054281093180179596,0.02055984176695347,0.24931743741035461,0.001098967739380896,0.0009742212132550776,0.0,0.0,0.03528984636068344,0.0,0.009863469749689102,0.12212034314870834,0.05924786999821663,0.0,0.20809423923492432,0.0372975692152977,0.002204612595960498,0.0,0.049787815660238266,0.31259459257125854,0.0,0.01615278422832489,0.05446954816579819,0.0,0.0026011646259576082,0.0355599969625473,0.0016743731684982777,0.0,0.0,0.004529440309852362,0.09468607604503632,0.0,0.0615740641951561,0.0,0.1618291288614273,0.07064495235681534,0.08621340990066528,0.029812904074788094,0.0,0.0,0.0,0.001608918304555118,0.009432432241737843,0.0,0.0,0.18984255194664001,0.019739149138331413,0.04124640300869942,0.0,0.0,0.0,0.0,0.0,0.02681603468954563,0.0,0.0,0.0,0.45657503604888916,0.004932686220854521,0.02423650585114956,0.0,0.14164398610591888,0.0,0.0,0.02779446355998516,0.022425852715969086,0.0384238138794899,0.0661148875951767,0.0,0.0,0.0,0.0,0.0,0.0,0.023901410400867462,0.00399720249697566,0.0,0.0017022459069266915,0.0,0.055609364062547684,0.037331946194171906,0.019682886078953743,0.0,0.0,0.0,0.0,0.0,0.0005061125848442316,0.0,0.0,0.0,0.0,0.13426584005355835,0.015166116878390312,0.0,0.0,0.0,0.0,0.003976218868046999,0.0,0.0,0.016894105821847916,0.0,0.0,0.015310765244066715,0.0,0.0,0.09974012523889542,0.004772818181663752,0.12058008462190628,0.017816204577684402,0.0,0.2369687408208847,0.006015571299940348,0.14459599554538727,0.006439571268856525,0.007547059096395969,0.11832121014595032,0.0,0.015046799555420876,0.08251795917749405,0.0,0.0555889718234539,0.0020282897166907787,0.0,0.0,0.0,0.0,0.0,0.01036252360790968,0.0,0.06314732879400253,0.0,0.0,0.0,0.15401610732078552,0.0,0.0,0.0,0.0,0.04038436710834503,0.11927396804094315,0.030919017270207405,0.0,0.049184903502464294,0.05051321163773537,0.0,0.0,0.003709017066285014,0.053717680275440216,0.0,0.0,0.3660549521446228,0.0621134489774704,0.04686267301440239,0.0,0.02878309227526188,0.0,0.13281746208667755,0.002473719185218215,0.0,0.0,0.0016549217980355024,0.018076090142130852,0.1925651878118515,0.13719522953033447,0.03267059847712517,0.0,0.0037126101087778807,0.08500982075929642,0.0,0.0004956937045790255,0.0,0.06717684119939804,0.0,0.025813676416873932,0.0,0.08230174332857132,0.0,0.18288499116897583,0.0,0.0,0.003001471748575568,0.28835928440093994,0.051888614892959595,0.0,0.04343241825699806,0.5968104600906372,0.0,0.015524525195360184,0.0,0.026000985875725746,0.0,0.0,0.0006267008720897138,0.012904899194836617,0.2494058758020401,0.0,0.1337081640958786,0.0,0.0,0.0,0.006519012618809938,0.0,0.005926697049289942,0.005251507740467787,0.0,0.26840347051620483,0.08079040795564651,0.0,0.0,0.0,0.0702158510684967,0.002831662306562066,0.45131394267082214,0.0,0.0,0.006036566570401192,0.05013629049062729,0.0,0.10764963924884796,0.08791936933994293,0.0792294293642044,0.1506132185459137,0.01175065990537405,0.0,0.0011070233304053545,0.01846608892083168,0.031469766050577164,0.010088467970490456,0.0,0.0,0.2023424208164215,0.015584927052259445,0.04150727391242981,0.0,0.02102934755384922,0.12100744247436523,0.2302241176366806,0.003641834482550621,0.018107490614056587,0.020359816029667854,0.036921776831150055,0.0,0.0,0.0,0.07050314545631409,0.0,0.0,0.15232938528060913,0.029248910024762154,0.040371283888816833,0.0,0.023071441799402237,0.0,0.0,0.03267594426870346,0.04304825887084007,0.06898312270641327,0.0,0.16683517396450043,0.0,0.008799386210739613,0.0,0.0036740112118422985,0.09224298596382141,0.23425127565860748,0.014930871315300465,0.10164207220077515,0.044854145497083664,0.0,0.0,0.0,0.0,0.0,0.002100684680044651,0.0032791614066809416,0.0,0.0,0.040067899972200394,0.17223963141441345,0.0,0.0,0.017299925908446312,0.02065117657184601,0.0,0.23308949172496796,0.0,0.0,0.03746132552623749,0.04429464414715767,0.0,0.03161099925637245,0.008284827694296837,0.23560753464698792,0.0,0.0,0.5697559118270874,0.0,0.02395724691450596,0.006882815156131983,0.0,0.0,0.0,0.025457466021180153,0.03308246657252312,0.0,0.12215429544448853,0.0,0.0,0.0,0.0,0.008398685604333878,0.009948291815817356,0.0,0.0322827585041523,0.010773786343634129,0.003997075371444225,0.00038757562288083136,0.0,0.315975546836853,0.0,0.0,0.0,0.005137430503964424,0.0,0.0,0.7009288668632507,0.06473664939403534,0.0022613524924963713,0.01980333775281906,0.10136556625366211,0.0,0.008267896249890327,0.0,0.18257509171962738,0.0,0.05877567455172539,0.017546361312270164,0.009227161295711994,0.010148265399038792,0.009539246559143066,0.1726442575454712,0.0,0.0005662167095579207,0.0,0.12392573058605194,0.028051724657416344,0.06638156622648239,0.012054788880050182,0.06544551253318787,0.03795510157942772,0.0,0.44787442684173584,0.0,0.0,0.06372930854558945,0.01771319843828678,0.06028665974736214,0.0,0.006721769459545612,0.0,0.04480995982885361,0.13600564002990723,0.0,0.1354401558637619,0.025008097290992737,0.07096266001462936,0.0,0.036985717713832855,0.3526575565338135,0.0,0.20938198268413544,0.09638853371143341,0.16498270630836487,0.061421073973178864,0.03639987111091614,0.11312974989414215,0.12475094944238663,0.0236598402261734,0.20984280109405518,0.0,0.0,0.398506760597229,0.008136529475450516,0.0,0.036422036588191986,0.0,0.0,0.09803948551416397,0.011228693649172783,0.0,0.003809124231338501,0.0,0.0,0.0,0.24763211607933044,0.07456234842538834,0.0,0.0,0.019263174384832382,0.0,0.0,0.08680694550275803,0.0018364214338362217,0.08773922175168991,0.0,0.17247259616851807,0.0,0.01378015149384737,0.05318499729037285,0.0,0.043842993676662445,0.0,0.0388118214905262,0.1430581510066986,0.0,0.10201722383499146,0.018686525523662567,0.13983091711997986,0.0,0.09597098082304001,0.048977237194776535,0.00892515666782856,0.0,0.23767538368701935,0.0,0.0,0.0,0.4668968617916107,0.19660472869873047,7.083848322508857e-05,0.0032476449850946665,0.35016003251075745,0.0,0.004492647014558315,0.0022952223662286997,0.261549174785614,0.0,0.036008428782224655,0.0,0.003109612502157688,0.0,0.0027949344366788864,0.09713875502347946,0.0,0.00045856236829422414,0.191081240773201,0.040564004331827164,0.0,0.0,0.25675585865974426,0.0,0.002792869694530964,0.01663263700902462,0.02406229078769684,0.04393427073955536,0.015295956283807755,0.016231972724199295,0.11107093840837479,0.0,0.024474289268255234,0.2579837739467621,0.0,0.0,0.0,0.07774512469768524,0.08620572090148926,0.0,0.08943122625350952,0.0,0.0,0.3292880356311798,0.008643543347716331,0.0,0.029439860954880714,0.0,0.0,0.0149847362190485,0.4050667881965637,0.0,0.0,0.2628755271434784,0.04946209117770195,0.0024231774732470512,0.07582351565361023,0.0,0.06110214814543724,0.029546156525611877,0.0,0.0,0.0,0.07186681032180786,0.0007317912532016635,0.0,0.0065388442017138,0.08267634361982346,0.09042761474847794,0.012070522643625736,0.2224242240190506,0.005317730829119682,0.021114284172654152,0.006106785498559475,0.0,0.18973489105701447,0.0033232523128390312,0.018475858494639397,0.11613103747367859,0.0,0.0,0.1501561999320984,0.027205737307667732,0.0,0.02566736377775669,0.4162012040615082,0.07591670006513596,0.06365662813186646,0.0,0.05704580247402191,0.1948908418416977,0.0434761680662632,0.06912776827812195,0.0,0.06417462974786758,0.005373803433030844,0.024196786805987358,0.03419002518057823,0.0617554672062397,0.3079482913017273,0.0,0.4487774968147278,0.0,0.0020511257462203503,0.007452222052961588,0.2816501557826996,0.10352937877178192,0.15068477392196655,0.07106509804725647,0.0,0.017984764650464058,0.017336685210466385,0.01094274502247572,0.0,0.023943917825818062,0.03176439180970192,0.0,0.0,0.0016117399791255593,0.0,0.14424918591976166,0.0,0.0,0.09232712537050247,0.028288889676332474,0.28000935912132263,0.0,0.0,0.002770501421764493,0.0,0.0,0.0,0.42994385957717896,0.0,0.0,0.0,0.0,0.13545750081539154,0.0,0.0,0.0,0.055248960852622986,0.001301670097745955,0.02207840420305729,0.28106898069381714,0.31140249967575073,0.0,0.009158513508737087,0.002167302882298827,0.03075753152370453,0.0,0.0,0.0,0.0,0.055240120738744736,0.001874445704743266,0.0,0.0,0.013489906676113605,0.002705693244934082,0.09893257915973663,0.1307208240032196,0.0,0.0004112783062737435,0.0,0.00988547783344984,0.0,0.40440014004707336,0.013594315387308598,0.276295006275177,0.0,0.05409598723053932,0.007354955654591322,0.004729504697024822,0.0,0.0400753878057003,0.0,0.03393061086535454,0.0080611826851964,0.01859307289123535,0.028911879286170006,0.0,0.011081302538514137,0.0,0.08737844228744507,0.0,0.05095495283603668,0.02281874604523182,0.0,0.0,0.0,0.0,0.0,0.8987674713134766,0.20915386080741882,0.0,0.0,0.028121188282966614,0.0,0.007520353887230158,0.06493525207042694,0.08735071122646332,0.0,0.0,0.6732792854309082,0.0,0.0,0.0,0.010039159096777439,0.0,0.0,0.0,0.0017353200819343328,0.0,0.0,0.0,0.4870437681674957,0.024098891764879227,0.0,0.029878035187721252,0.0,0.012892487458884716,0.0,0.0,0.0001436323655070737,0.0,0.008409079164266586,0.33459120988845825,0.030461259186267853,1.2185169458389282,0.0,0.002194979228079319,0.006085144355893135,0.0,0.0,0.017373261973261833,2.2910501956939697,0.010357520543038845,0.0,0.0002072203205898404,0.034185320138931274,5.925893856328912e-05,0.0,0.0,0.03530345857143402,0.0,0.0,0.5596998333930969,0.0,0.008243757300078869,0.023908771574497223,0.0,0.0,0.0,0.06565403193235397,0.203014075756073,0.04392711818218231,0.0,0.15697786211967468,0.0,0.0,0.0,0.0,0.0,0.13086341321468353,0.018159015104174614,0.02117440663278103,0.001072131795808673,0.0,0.17935843765735626,0.02924894355237484,0.024531813338398933,0.045745350420475006,0.5737430453300476,0.0,0.01999557390809059,0.17877399921417236,0.0018762052059173584,0.027295205742120743,0.0,0.001005371566861868,0.0,0.05913085490465164,0.0,0.0,0.0013791162054985762,0.0,0.0,0.0033983075991272926,0.0,0.10627025365829468,0.03535119444131851,1.0129423141479492,0.0,0.03670269623398781,0.0005550027126446366,0.011563250795006752,0.050591181963682175,0.0,0.03711721673607826,0.0,0.0,0.5728602409362793,0.0,0.016401836648583412,0.0,0.0,0.0,0.0,0.02734214812517166,0.00579103222116828,0.0,0.0015369013417512178,0.0,0.0,0.0,0.0,0.0,0.0,0.0,0.0,0.0,0.009265895932912827,0.20009082555770874,0.0,0.06282953917980194,0.0,0.0,0.0,0.008786040358245373,0.0,0.05118623375892639,0.0,0.0036228608805686235,0.049604348838329315,0.007035257760435343,0.0,0.0,0.02131517417728901,0.09983669221401215,0.0,0.05411425977945328,0.016307232901453972,0.0,0.015181776136159897,0.0,0.013306694105267525,0.0,0.023419437929987907,0.0,0.0,0.0,0.024270882830023766,0.0,0.0,0.0,0.03260204195976257,0.0060534100048244,0.00011897325748577714,0.29472771286964417,0.08778080344200134,0.0,0.0,0.0,0.0,0.028154775500297546,0.0,0.014753506518900394,0.06623978912830353,0.02413567341864109,0.0,0.02480217255651951,0.0,0.05220542848110199,0.002903376705944538,0.0,0.0,0.04798337072134018,0.20779743790626526,0.025345802307128906,0.004674653988331556,0.0,0.22103801369667053,0.004863458685576916,0.017681380733847618,0.0,0.2806314527988434,0.10250058025121689,0.060256291180849075,0.022365467622876167,0.0,0.0,1.071027398109436,0.440592497587204,0.09664349257946014,0.0,0.0,0.0,0.0,0.0,0.034052178263664246,0.006956085097044706,0.5812121033668518,0.006313359830528498,0.12069369107484818,0.0,0.0,0.0,0.007860591635107994,0.058819543570280075,0.0,0.0,0.05699813738465309,0.20038343966007233,0.0,0.018978580832481384,0.34339943528175354,0.010051711462438107,0.5756832361221313,0.053337354212999344,0.007002585101872683,0.3206895589828491,0.034365199506282806,0.027659084647893906,0.0,0.3641020655632019,0.014807522296905518,0.0,0.0009068918297998607,0.0041745929047465324,0.0,0.0,0.10594852268695831,0.0,0.0034912172704935074,0.35893094539642334,0.03452521190047264,0.0,0.0,0.08335225284099579,0.012446465902030468,0.0,0.0,0.0,0.0,0.12298756837844849,0.008952678181231022,0.0,0.0,0.08884947001934052,0.002145988866686821,0.0,0.003866653423756361,0.0,0.0006212663720361888,0.0,0.0,0.005042290780693293,0.2322985827922821,0.0051077972166240215,0.0,0.014410393312573433,0.0,0.1990835964679718,0.0,0.0,0.001546071725897491,0.0,0.08280566334724426,0.011265469714999199,0.0,0.0,0.0,0.0,0.0,0.0,0.0,0.0,0.0,0.0,0.0,0.012593107298016548,0.0,0.009350264444947243,0.0,0.05295192822813988,0.003987529315054417,0.0234980471432209,0.005648074205964804,0.04578210785984993,0.0,0.019766448065638542,0.0,0.15217214822769165,0.013288088142871857,0.030924109742045403,0.08496169745922089,0.10123109072446823,0.0,0.0,0.0,0.002189588500186801,0.0,0.20666155219078064,0.04109356924891472,0.020184481516480446,0.0,0.02168460376560688,0.046256646513938904,0.042997412383556366,0.0,0.014549288898706436,0.0,0.0,0.08894587308168411,0.10759084671735764,0.0020869693253189325,0.011620082892477512,0.0,0.028237218037247658,0.010998978279531002,0.06785041093826294,0.033035822212696075,0.0,0.0,0.14850525557994843,0.0898260697722435,0.008784439414739609,0.0,0.0,0.010857577435672283,0.0,0.5806484818458557,0.010407499969005585,0.016282659024000168,0.0,0.14693233370780945,0.0861600935459137,0.08153734356164932,0.0,0.07757468521595001,0.0,0.0,0.26184433698654175,0.20141102373600006,0.0,0.08362922072410583,0.00338777550496161,0.7719862461090088,0.0,0.00230590021237731,0.003541493322700262,0.010288531892001629,0.006734086666256189,0.007521573454141617,0.0,0.0,0.06392067670822144,0.003899223171174526,0.23922240734100342,0.0,0.07335314899682999,0.0,0.0004596614744514227,0.007987613789737225,0.10830692201852798,0.20109142363071442,0.0,0.020909497514367104,0.131203293800354,0.0,0.04030822217464447,0.004845154471695423,0.0,0.0,0.07890274375677109,0.025027452036738396,0.0013821697793900967,0.0,0.027235131710767746,0.21616671979427338,0.011679369956254959,0.0,0.0,0.023725368082523346,0.09668716788291931,0.011821881867945194,0.0,0.0,0.023356102406978607,0.0,0.013842413201928139,0.011410006321966648,0.12478110939264297,0.0,0.05611385405063629,0.0008371543954126537,0.0661727711558342,0.6712238192558289,0.0662151351571083,0.06356444209814072,0.008135740645229816,0.08304377645254135,0.0345463901758194,0.0,0.0,0.0,0.05605112016201019,0.025271715596318245,0.03284154087305069,0.0008461379911750555,0.032460637390613556,0.0017826479161158204,0.38223686814308167,0.12341243773698807,0.0,0.02196907065808773,0.0,0.19556422531604767,0.3060518503189087,0.046385012567043304,0.027299992740154266,0.5922420024871826,0.027218086645007133,0.7847627401351929,0.07364940643310547,0.0,0.0,0.0,0.09539031982421875,0.0,0.049728069454431534,0.0,0.0,0.034804221242666245,0.0,0.022089609876275063,1.2484829425811768,0.1324889361858368,0.023866059258580208,0.0,0.050196532160043716,0.0,0.05082966014742851,0.03490663692355156,0.005157747305929661,0.0,0.39874428510665894,0.03358327969908714,0.03991587087512016,0.0330393947660923,0.0,0.0,0.040800876915454865,0.0,0.09570673853158951,0.0639796033501625,0.0,0.2597215175628662,0.004363947082310915,0.04347534105181694,0.0,0.005118153057992458,0.003100284840911627,0.0,0.6691080331802368,0.3751084506511688,0.0002910387411247939,0.06807179749011993,0.1643078625202179,0.022749610245227814,0.12887533009052277,0.009788419120013714,0.021583499386906624,0.0,0.0,0.0010035610757768154,0.0,0.02415381371974945,0.0,0.09142238646745682,0.001842692494392395,0.045953501015901566,0.11948627233505249,0.012365859001874924,0.0,0.054582711309194565,0.026179442182183266,0.03694132715463638,0.1509653627872467,0.008830172941088676,0.0,0.12853822112083435,0.0,0.015561130829155445,0.08462068438529968,0.0,0.04325897991657257,0.0,0.0,0.0,0.39843371510505676,0.0,0.0535697266459465,0.010118306614458561,0.0,0.0,0.0,0.01661725342273712,0.0,0.0,0.03384050726890564,0.02121160179376602,0.014346497133374214,0.0008644294575788081,0.018596604466438293,0.0,0.8021285533905029,0.17799928784370422,0.011334497481584549,0.23289932310581207,0.06380365043878555,0.0027232635766267776,0.0037872171960771084,0.0,0.026821250095963478,0.0,0.009267930872738361,0.043833017349243164,0.005178528837859631,0.006822444964200258,0.0,0.0,0.0,0.00040608644485473633,0.0,0.10372145473957062,0.03612183406949043,0.02638322301208973,0.030290614813566208,0.14705988764762878,0.07733100652694702,0.02596142701804638,0.11256588250398636,0.03953401744365692,0.0,0.1229638159275055,0.0,0.0,0.0,0.03103235550224781,0.005818561185151339,0.0,0.10497692972421646,0.2968973219394684,0.0,0.0,0.0,0.04585453122854233,0.0,0.0005063271382823586,0.04332474619150162,0.009689241647720337,0.0031664681155234575,0.057612981647253036,0.01421422977000475,0.005029846448451281,0.014053404331207275,0.0,0.0,0.002207684563472867,0.0,0.03624599054455757,0.24022838473320007,0.012642580084502697,0.48096656799316406,0.02236148901283741,0.009854224510490894,0.20542648434638977,0.0,0.024919772520661354,0.0,0.0,0.0,0.0,0.1491364687681198,0.384214848279953,0.009722794406116009,0.013825829140841961,0.0,0.004211120773106813,0.011409632861614227,0.0,0.0016824293415993452,0.0,0.0,0.45599445700645447,0.0,0.0,0.0,0.0,0.22086584568023682,0.0036750470753759146,0.0,0.0,0.0,0.22633495926856995,0.006731445901095867,0.05553096905350685,0.0,0.0,0.0030306291300803423,0.02223622053861618,0.0,0.0,0.07702324539422989,0.01853022538125515,0.02767331525683403,0.009200730361044407,0.0,0.0,0.052820347249507904,0.0,0.031574103981256485,0.0,0.0,0.019004059955477715,0.05669263005256653,0.08278416842222214,0.003160494612529874,0.044919002801179886,0.07130254060029984,0.05199065059423447,0.0,0.048428650945425034,0.5957075357437134,0.019400032237172127,0.2683711051940918,0.08068504184484482,0.18121759593486786,0.017893273383378983,0.2941642701625824,0.0,0.0011827087728306651,0.0,0.03227713331580162,0.0048103975132107735,0.010948371142148972,0.0,0.02074469067156315,0.0,0.0469072088599205,0.012468717060983181,0.06730499118566513,0.0,0.3838879466056824,0.02409125119447708,0.013519478030502796,0.0,0.0,0.05863591283559799,0.001440584659576416,0.04977600648999214,0.01721757836639881,0.0,0.0115253496915102,0.03870927169919014,0.0,0.0,0.059029970318078995,0.012876898981630802,0.003853163681924343,0.004706053528934717,0.0018956732237711549,0.013595469295978546,0.027069710195064545,0.0,0.0,0.0,0.06666449457406998,0.09167686104774475,0.7457665801048279,0.0,0.0,0.0,0.0,0.0,0.09190082550048828,0.0,0.0,0.0,0.0,0.0,0.0051064323633909225,0.12158509343862534,0.0,0.00515667675063014,0.20398671925067902,0.02342856489121914,0.24744689464569092,0.00815481785684824,0.0932789221405983,0.0,0.16719935834407806,0.0,0.0,0.0008728420943953097,0.017523212358355522,0.0018413043580949306,0.0,0.33972302079200745,0.0,0.0,0.0765339657664299,0.0,0.0,0.0,0.0,0.0035958553198724985,0.0,0.01431695744395256,0.04829259216785431,0.008513486944139004,0.0,0.0,0.0075365100055933,0.018686022609472275,0.0,0.008830125443637371,0.10662119090557098,0.013885126449167728,0.05123351886868477,0.07885869592428207,0.0,0.05012751743197441,0.0,0.0,0.0,0.08974404633045197,0.0,0.0,0.026103200390934944,0.0,0.0036463344004005194,0.0,0.0,0.05200417339801788,0.0,0.0,0.0,0.0,0.0,0.0,0.0,0.0010879349429160357,0.01601352170109749,0.5782073736190796,0.0,0.011738467030227184,0.010716603137552738,0.0,0.001219112891703844,0.15934813022613525,0.0,0.07947222888469696,0.37834328413009644,0.0,0.0,0.0100999865680933,0.0,0.0,0.0,0.0,0.40240344405174255,0.0,0.0,0.0,0.0,0.0,0.4060087502002716,0.10619708150625229,0.016382576897740364,0.0,0.009891743771731853,0.140873983502388,0.339710533618927,0.0,0.0,0.009720846079289913,0.0,0.0,0.0055075837299227715,0.0,0.0,0.006593348458409309,2.598643368401099e-05,0.0,0.0,0.0,0.22449809312820435,0.0,0.037775225937366486,0.03323690593242645,0.015094385482370853,0.0,0.3399486243724823,0.11669999361038208,0.0,0.1274210661649704,0.0,0.0,0.0,0.0041867997497320175,0.057014238089323044,0.0,0.0,0.032836586236953735,0.0,0.027107959613204002,0.02445855550467968,0.02670340985059738,0.0,0.010139708407223225,0.0007340729353018105,0.2043280154466629,0.0337003655731678,0.0028433632105588913,0.02873172052204609,0.0,0.11185621470212936,0.019682398065924644,0.10057327896356583,0.05955512076616287,0.0,0.0,0.009761061519384384,0.057141657918691635,0.0,0.0,0.02171500399708748,0.0,0.019976630806922913,0.0,0.0,0.0,0.0,0.0051299287006258965,0.0033901315182447433,0.0008330355049110949,0.0,0.0,0.09262704104185104,0.04576487094163895,0.055891647934913635,0.00877582747489214,0.02565358206629753,0.0,0.0,0.0,0.38865700364112854,0.0,0.054117750376462936,0.06883302330970764,0.009525280445814133,0.0003378069377504289,0.41672074794769287,0.002268505049869418,0.018914002925157547,0.0
0.0,0.0021377229131758213,0.3174848258495331,0.0,0.0,0.0,0.023259390145540237,0.011063585057854652,0.0,0.07210933417081833,0.0,0.03694533929228783,0.013496325351297855,0.3320067226886749,0.06798522174358368,0.15542079508304596,0.010702385567128658,0.03458080813288689,0.0,0.2763252258300781,0.023901088163256645,0.0,0.037908077239990234,0.17663417756557465,0.07332012802362442,0.0974976122379303,0.0,0.0,0.0,0.0,0.46084240078926086,0.11989255994558334,0.0,0.0,0.28438907861709595,0.21066296100616455,0.01408432237803936,0.05592146888375282,0.0,0.08913488686084747,0.3688196539878845,0.0,0.010005762800574303,0.13431625068187714,0.4672390818595886,0.015041305683553219,0.03619833663105965,0.0,0.2290860116481781,0.0,0.0,0.26941677927970886,0.006311221048235893,0.130750373005867,0.031198877841234207,0.0,0.0,0.0,0.09297308325767517,0.005737254396080971,0.0006347990129143,0.42380329966545105,0.11124882847070694,0.0,0.0,0.3858654499053955,0.10407298058271408,0.014822015538811684,0.05837829411029816,0.0026021290104836226,0.20088647305965424,0.03367162123322487,0.000604443543124944,0.16091199219226837,0.0045455219224095345,0.08604546636343002,0.389112651348114,0.00956899393349886,0.15823547542095184,0.4415281414985657,0.0,0.05194289609789848,0.0,0.09569317102432251,0.006874363403767347,0.3107621371746063,0.044095005840063095,0.0006678378558717668,0.0,0.024904245510697365,0.012126280926167965,0.017659740522503853,0.22109916806221008,0.5719592571258545,0.0036445416044443846,0.18490707874298096,0.04952218011021614,0.0,0.0,0.0,0.025131773203611374,0.049172498285770416,0.11635786294937134,0.023779921233654022,0.08036907017230988,0.00352399586699903,0.01997576840221882,0.0,0.011137723922729492,0.004653260577470064,0.024666910991072655,0.0369059219956398,0.0,0.1947774887084961,0.008027970790863037,0.3978310823440552,0.0,0.09451635181903839,0.0,0.1665484756231308,0.014173957519233227,0.004423258360475302,0.3360993266105652,0.048986874520778656,0.0048852586187422276,0.0003339970135129988,0.25607720017433167,0.03542593866586685,0.14113549888134003,0.00034152029547840357,0.12174762785434723,0.0,0.0311441607773304,0.0,0.05520033836364746,0.06963194906711578,0.01891687884926796,0.0,0.02508505806326866,0.0,0.10611215233802795,0.05398818105459213,0.0,0.033130429685115814,0.22901687026023865,0.0,0.029959701001644135,0.2894532084465027,0.021987244486808777,0.08236020058393478,0.05297684669494629,0.0,0.07543298602104187,0.0598294697701931,0.0,0.06724472343921661,0.017433933913707733,0.04056917130947113,0.10739018768072128,0.10978206992149353,0.014176838099956512,0.010424364358186722,0.013924465514719486,0.39098232984542847,0.11166024208068848,0.0,0.26149073243141174,0.0,0.13941146433353424,0.3703891634941101,0.12994582951068878,0.015608237124979496,0.09047199040651321,0.20986995100975037,0.03955216333270073,0.06777102500200272,0.5391107201576233,0.012196892872452736,0.0,0.33575955033302307,0.0,0.0020094681531190872,0.02614879049360752,0.03204794228076935,0.026531746610999107,0.39589187502861023,0.1785992980003357,0.04842256009578705,0.0716334730386734,0.27095675468444824,0.03646072745323181,0.07638271152973175,0.0011677885195240378,0.012354436330497265,0.018868787214159966,0.03349118307232857,0.019852742552757263,0.0075524188578128815,0.24054262042045593,0.013581962324678898,0.12744548916816711,0.02986960858106613,0.0,0.18685539066791534,0.0033192276023328304,0.028677120804786682,0.035319723188877106,0.014476568438112736,0.0526253879070282,0.09625652432441711,0.12893067300319672,0.0024998451117426157,0.23153182864189148,0.0,0.028230924159288406,0.020131129771471024,0.048309326171875,0.031346309930086136,0.0,0.009133334271609783,0.06256058067083359,0.01133672520518303,0.1663784384727478,0.1622852087020874,0.010830317623913288,0.23079761862754822,0.009933046996593475,0.03329067677259445,0.1144006997346878,0.164092555642128,0.18467357754707336,0.0,0.2385604828596115,0.06611936539411545,0.12634068727493286,0.2766302824020386,0.0141510721296072,0.10216815769672394,0.03902852162718773,0.010224087163805962,0.0,0.06261046975851059,0.07073263823986053,0.0,0.07114694267511368,0.037095807492733,0.048452068120241165,0.06264857947826385,0.0,0.00940009392797947,0.00175763841252774,0.004905310925096273,0.0030860495753586292,0.006518812384456396,0.0038928294088691473,0.08842042833566666,0.0,0.06872405111789703,0.06357349455356598,0.4795788526535034,0.0,0.02463192492723465,0.010686159133911133,0.004593219608068466,0.11267099529504776,0.026131844148039818,0.10261546075344086,0.07380761951208115,0.004840188194066286,0.04697401821613312,0.11105247586965561,0.01007439848035574,0.004660782869905233,0.13997621834278107,0.02467506006360054,0.0,0.05821118503808975,0.0060807750560343266,0.1688704937696457,0.19485534727573395,0.008610866032540798,0.0,0.017966944724321365,0.15455159544944763,0.03891672566533089,0.6967206597328186,0.0,0.0,0.1848539561033249,0.062120817601680756,0.16039733588695526,0.13146306574344635,0.0560203455388546,0.0,0.0509478822350502,0.026363983750343323,0.20073606073856354,0.0,0.28032153844833374,0.0,0.023103589192032814,0.04041897878050804,0.18625293672084808,0.1335754692554474,0.15000036358833313,0.0,0.008832378312945366,0.018168184906244278,0.0,0.0,0.004894307814538479,0.13099226355552673,0.0218784399330616,0.20489603281021118,0.029674215242266655,0.2707420885562897,0.04438866302371025,0.002391657792031765,0.18442901968955994,0.03326722979545593,0.0,0.017937304452061653,0.0,0.0,0.8181585073471069,0.0,0.0,0.018210990354418755,0.0,0.0,0.009047265164554119,0.04596124589443207,0.0,0.0,0.03760857135057449,0.0,0.0,0.0,0.010463010519742966,0.06330576539039612,0.07491717487573624,0.0,0.0,0.0,0.0,0.0,0.0,0.002257285173982382,0.0,0.0,0.17560118436813354,0.0,0.11830772459506989,0.06117112189531326,0.3179878890514374,0.0,0.0,0.0,0.06610586494207382,0.00682098139077425,0.002330171409994364,0.0,0.0,0.0,0.0,0.0,0.08140735328197479,0.051589470356702805,0.0,0.0,0.560372531414032,0.0,0.0,0.04819655790925026,0.004224002826958895,0.0,0.009832053445279598,0.0,2.8491094781202264e-05,0.23693051934242249,0.0566716231405735,0.0,0.0,0.00877421535551548,0.010835251770913601,0.0,0.0,0.05078548565506935,0.0,0.0,0.23823048174381256,0.0,0.0,0.0,0.0,0.0,0.14518406987190247,0.0,0.15409044921398163,0.037114888429641724,0.0,0.061055127531290054,0.0,0.003449355950579047,0.008774728514254093,0.0,0.012536508031189442,0.0,0.0,0.06207467243075371,0.0,0.0,0.0,0.0,0.004593377001583576,0.0,0.0,0.0,0.0,0.0,0.03433132544159889,0.0,0.06256125122308731,0.0,0.014660799875855446,0.1416192203760147,0.017942605540156364,0.013619611039757729,0.008207852952182293,0.16582025587558746,0.0,0.007819666527211666,0.0,0.12033291906118393,0.0,0.0,0.0,0.0,0.0,0.002600182080641389,0.0,0.0,0.006387649569660425,0.029384799301624298,0.0,0.0,0.11590643227100372,0.0,0.007433746010065079,0.04233131557703018,0.008392930030822754,0.0,0.0,0.026569802314043045,0.0,0.018082620576024055,0.0,0.0,0.02390090376138687,0.0,0.0025877379812300205,0.25215572118759155,0.0,0.0,0.09411609917879105,0.2655723989009857,0.06517209857702255,0.0,0.0,0.0,0.0,0.0,0.02374826930463314,0.0,0.016754241660237312,0.0,0.0,0.03664524853229523,0.04408508911728859,0.0,0.0,0.0,0.1157478392124176,0.0029017042834311724,0.05990258604288101,0.19646285474300385,0.006980125792324543,0.0,0.0,0.0,0.018291061744093895,0.0,0.0,0.0,0.0,0.0,0.0,0.005184767302125692,0.02132425270974636,0.0,0.0,0.0,0.023034997284412384,0.03042934089899063,0.00512827280908823,0.0,0.0,0.0035845497623085976,0.14734770357608795,0.030674243345856667,0.03973943367600441,0.011540603823959827,0.0,0.0,0.0,0.0,0.16879203915596008,0.03254711255431175,0.0,0.006499178241938353,0.0,0.0,0.3767870366573334,0.0,0.0,0.0,0.0,0.0,0.0,0.026399822905659676,0.030098268762230873,0.0,0.0,0.0021172496490180492,0.0,0.114299476146698,0.0,0.0,0.0,0.016696404665708542,0.007381394039839506,0.07527655363082886,0.0,0.09232652932405472,0.0,0.00010510832362342626,0.04096459969878197,0.0,0.0,0.0,0.0015037917764857411,0.04173235595226288,0.016382861882448196,0.2172611653804779,0.005844831466674805,0.0,0.0,0.0,0.01428140141069889,0.0,0.00612718565389514,0.10689080506563187,0.030992679297924042,0.0,0.23260259628295898,0.060156308114528656,0.0,0.0,0.09244582056999207,0.24909351766109467,0.0,0.030371302738785744,0.08258158713579178,0.0,0.007356973830610514,0.005834895186126232,0.0,0.0,0.0,0.006149325519800186,0.09594634920358658,0.0,0.07839459925889969,0.0,0.13754256069660187,0.12147706747055054,0.08765137940645218,0.04004635661840439,0.0,0.0,0.0,0.0005788063863292336,0.006908552721142769,0.0,0.012947985902428627,0.19283367693424225,0.012376870959997177,0.020038792863488197,0.0,0.0,0.0,0.0,0.0,0.04041440039873123,0.0,0.0,0.0,0.4583497643470764,0.01570896804332733,0.01111539825797081,0.0,0.14449962973594666,0.0,0.0,0.010987745597958565,0.030999498441815376,0.013448011130094528,0.07088136672973633,0.0,0.0,0.0,0.0,0.0,0.0,0.01905740797519684,0.0007907638209871948,0.0,0.0026749998796731234,0.0,0.07141569256782532,0.04421360790729523,0.014786033891141415,0.0,0.0,3.5055876651313156e-05,0.0,0.0,0.0,0.0,0.0,0.0,0.0,0.09311137348413467,0.025270139798521996,0.0,0.0,0.0,0.0,0.048310231417417526,0.0,0.0,0.019290966913104057,0.0,0.0,0.0016128462739288807,0.0,0.0,0.10020896047353745,0.0,0.11871081590652466,0.024752113968133926,0.0,0.23643943667411804,0.006365818902850151,0.10490714013576508,0.015335113741457462,0.0019141221418976784,0.13330857455730438,0.0,0.031467415392398834,0.08997303247451782,0.0,0.035828057676553726,0.008265700191259384,0.0,0.006832773797214031,0.0,0.0,0.0,0.005956584587693214,0.0,0.06732872128486633,0.0,0.0,0.0,0.17550377547740936,0.0,0.0,0.0,0.0,0.030738450586795807,0.10199321806430817,0.03488699346780777,0.0,0.043908290565013885,0.06204499304294586,0.0,0.0,0.007428113371133804,0.04264223203063011,0.0,0.0,0.4137902855873108,0.056902408599853516,0.03657306358218193,0.0,0.027350924909114838,0.0,0.11550754308700562,0.0,0.0,0.0,0.00843905657529831,0.010126100853085518,0.18952392041683197,0.1184818297624588,0.03367851674556732,0.0,0.010782938450574875,0.08633352071046829,0.0005184471374377608,0.0,0.0,0.05772264301776886,0.0,0.038864608854055405,0.0,0.07944679260253906,0.0,0.2064620852470398,0.0,0.0,0.0021366102155297995,0.2622010409832001,0.04621381685137749,0.0,0.0037238169461488724,0.5619388818740845,0.0,0.015583629719913006,0.0,0.009522617794573307,0.0,0.0,0.0006435237010009587,0.023610729724168777,0.22957663238048553,0.0,0.15942493081092834,0.0,0.0,0.0,0.007132792379707098,0.0,0.01997463032603264,0.004684959538280964,0.0,0.28301650285720825,0.06470239907503128,0.0,0.0,0.0,0.09630975872278214,0.012016326189041138,0.41592833399772644,0.0,0.0,0.004461364820599556,0.07264494150876999,0.0,0.1240381971001625,0.11263138055801392,0.07721026241779327,0.19237512350082397,0.038092389702796936,0.0013970828149467707,0.009352793917059898,0.03258456289768219,0.02449788898229599,0.007932478561997414,0.0,0.0,0.17256227135658264,0.010088419541716576,0.03533048555254936,0.0,0.008162105455994606,0.06802760809659958,0.2666088342666626,0.002730035223066807,0.04972509294748306,0.05919747054576874,0.045297879725694656,0.0,0.0,0.0,0.0350668765604496,0.0,0.00357292708940804,0.13068994879722595,0.04535416513681412,0.05388748273253441,0.0,0.02478923089802265,0.0,0.0,0.019243799149990082,0.0624208003282547,0.0689174011349678,0.0,0.1758989691734314,0.0,0.0,0.0,0.0,0.0835011750459671,0.2406352013349533,0.01530748326331377,0.1058829128742218,0.048747025430202484,0.0,0.0,0.0,0.0,0.0,0.0013606917345896363,0.015011291950941086,0.004755005706101656,0.0,0.04187743365764618,0.16955101490020752,0.0,0.007243189960718155,0.025952238589525223,0.019238201901316643,0.0,0.191131129860878,0.0,0.00711931474506855,0.05661658197641373,0.043827954679727554,0.0,0.03596363216638565,0.018426479771733284,0.21897833049297333,0.0,0.0011896657524630427,0.564342737197876,0.0,0.0437389574944973,0.004000391345471144,0.0,0.0,0.0,0.030012743547558784,0.02149215154349804,0.0,0.13439956307411194,0.0,0.0,0.0009027218911796808,0.0,0.004993703216314316,0.007053053472191095,0.0,0.03168656304478645,0.0,0.00586698530241847,0.0,0.0,0.41112959384918213,0.0,0.0,0.0,0.0,0.0,0.0,0.618502140045166,0.0531851090490818,0.01299116387963295,0.011949541978538036,0.11048035323619843,0.0,0.012926471419632435,0.0,0.18630456924438477,0.0007376348949037492,0.07390265166759491,0.01727215200662613,0.01342720165848732,0.009950145147740841,0.003077988512814045,0.2062833607196808,0.0,0.017591604962944984,0.0,0.11778183281421661,0.04374052956700325,0.07970960438251495,0.013665331527590752,0.044190116226673126,0.038270168006420135,0.0,0.47726574540138245,0.0,0.0,0.07377113401889801,0.007556387223303318,0.05289973318576813,0.0,0.0012249916326254606,0.0013206505682319403,0.0888347327709198,0.12469692528247833,0.0,0.17925995588302612,0.02159283123910427,0.07753120362758636,0.0,0.03165019676089287,0.31192484498023987,0.006998209748417139,0.2104538530111313,0.07316731661558151,0.1879357099533081,0.06136705353856087,0.029561663046479225,0.11832481622695923,0.12617506086826324,0.037329815328121185,0.19535285234451294,0.0,0.0,0.3873956799507141,0.010726796463131905,0.0,0.030742483213543892,0.0,0.0,0.09998936951160431,0.006902256049215794,0.004753934219479561,0.007078571245074272,0.0,0.004840917885303497,0.0,0.22778159379959106,0.06291373074054718,0.0,0.0,0.023306813091039658,0.0,0.0005546349566429853,0.08767902106046677,0.0,0.1038924977183342,0.0,0.18137075006961823,0.0,0.025572294369339943,0.04824581742286682,0.0,0.04608750715851784,0.0,0.04132808372378349,0.19807200133800507,0.0,0.06358213722705841,0.01971646584570408,0.10710187256336212,0.0005261200712993741,0.11235293745994568,0.04580354690551758,0.016665134578943253,0.0,0.24029168486595154,0.0,0.0,0.0,0.5239855051040649,0.23569010198116302,0.0,0.015191180631518364,0.35330063104629517,0.0,0.004209684208035469,0.0,0.28383442759513855,0.0,0.03920914977788925,0.0,0.0,0.0,0.00025157243362627923,0.1011238843202591,0.0017070292960852385,0.0033383965492248535,0.17751151323318481,0.03516990318894386,0.0,0.0,0.2567770481109619,0.0,0.0,0.028983110561966896,0.03211963549256325,0.03766408935189247,0.036171913146972656,0.02411843277513981,0.11820323765277863,0.0,0.03135712444782257,0.3368966579437256,0.0,0.0,0.03356846421957016,0.08162596076726913,0.08141396194696426,0.0,0.0876600369811058,0.0,0.0,0.3458508253097534,0.0018996793078258634,0.0,0.02780454233288765,0.0,0.0,0.00641337176784873,0.3735768496990204,0.0,0.0,0.25790753960609436,0.06508657336235046,0.019285961985588074,0.10286346077919006,0.0,0.08357340842485428,0.016723206266760826,0.0,0.0,0.0,0.07974094897508621,0.007524094544351101,0.0,0.005881328601390123,0.0750817283987999,0.08476363867521286,0.005834528245031834,0.23059749603271484,0.0,0.03750554099678993,0.011099043302237988,0.0,0.20705920457839966,0.0012811970664188266,0.0007720398716628551,0.12655708193778992,0.0038079535588622093,0.0,0.1597016453742981,0.051219310611486435,0.0014690550742670894,0.012232205830514431,0.47823071479797363,0.093992680311203,0.03652840480208397,0.0,0.06565376371145248,0.21470479667186737,0.037049900740385056,0.09378181397914886,0.0,0.0666838139295578,0.0,0.02852579765021801,0.050845857709646225,0.059915170073509216,0.4084908962249756,0.0,0.4204547107219696,0.0,0.005222773645073175,0.015577372163534164,0.2740831673145294,0.08058688789606094,0.13360612094402313,0.10465256869792938,0.0,0.0039045000448822975,0.02497783862054348,0.010113571770489216,0.0,0.029813913628458977,0.029991382732987404,0.0,0.0,0.0,0.0,0.15314485132694244,0.0,0.0,0.09518462419509888,0.02402392402291298,0.2958640158176422,0.0,0.0,0.0,0.0,0.0,0.0,0.42907774448394775,0.0,0.0,0.0,0.0,0.1530342996120453,0.0,0.0,0.0,0.0460323840379715,0.002927417866885662,0.014207000844180584,0.1914212852716446,0.30244123935699463,0.0,0.0040147374384105206,1.4279485185397789e-05,0.038800641894340515,0.0,0.0,0.0,0.0,0.0582682229578495,0.005668005906045437,0.0,0.0013795709237456322,0.00656494265422225,0.0029749167151749134,0.11042284965515137,0.15064401924610138,0.0,0.0012070676311850548,0.0,0.0012772196205332875,0.0,0.4053904414176941,0.012530624866485596,0.30238693952560425,0.0,0.04457027092576027,0.008134779520332813,0.004667267668992281,0.0,0.045263681560754776,0.0,0.05223527550697327,0.012042034417390823,0.013586331158876419,0.010134722106158733,0.0,0.008564289659261703,0.0,0.07320810854434967,0.0,0.04460917413234711,0.022075865417718887,0.0,0.0,0.0,0.0,0.0,0.9490421414375305,0.1669071912765503,0.0,0.0,0.03429142385721207,0.0,0.012304717674851418,0.042472563683986664,0.07853737473487854,0.0,0.0,0.6253398656845093,0.0,0.0,0.0,0.018168076872825623,0.0,0.0,0.0,0.0,0.0,0.0,0.0,0.5357837677001953,0.02997206151485443,0.0,0.038106393069028854,0.0,0.008984060026705265,0.0,0.0,0.0,0.0,0.002679585013538599,0.33953145146369934,0.029802856966853142,1.259911060333252,0.0,0.002741399919614196,0.006249675527215004,0.0,0.0,0.006362223532050848,2.2970128059387207,0.006945910397917032,0.0,0.0,0.030253037810325623,0.00924835354089737,0.0,0.0,0.05289864540100098,0.0,0.0,0.5341538786888123,0.0,0.026339048519730568,0.018350956961512566,0.0,0.0,0.0,0.06481217592954636,0.229440838098526,0.024159425869584084,0.0,0.13340501487255096,0.0,0.0,0.0,0.0,0.0,0.12867090106010437,0.0101154875010252,0.016654768958687782,0.0,0.0,0.18004268407821655,0.022354982793331146,0.0036063797306269407,0.04699249193072319,0.6018292903900146,0.0,0.021857228130102158,0.17773500084877014,0.0,0.030464624986052513,0.0,0.0010937131009995937,0.0,0.0814463421702385,0.0,0.0,0.0,0.0,0.0,0.020699720829725266,0.0,0.10625375062227249,0.031267356127500534,1.0038357973098755,0.0,0.057427529245615005,0.002615840407088399,0.0059875561855733395,0.07501513510942459,0.0,0.03460090607404709,0.0,0.0,0.5278369784355164,0.0,0.025106070563197136,0.0,0.0,0.0,0.0,0.019275829195976257,0.011390342377126217,0.0,0.00141901895403862,0.0,0.0,0.0,0.0,0.0,0.0,0.0,0.0,0.0,0.0039441525004804134,0.2051374465227127,0.0,0.0964791476726532,0.008677061647176743,0.0027207029052078724,0.0,0.017733020707964897,0.0,0.042871084064245224,0.0,0.004407534375786781,0.05057143047451973,0.007752982433885336,0.0,0.0,0.015195348300039768,0.07579360157251358,0.0,0.059347476810216904,0.019055528566241264,0.0,0.011970695108175278,0.0,0.019212348386645317,0.0,0.017066381871700287,0.0,0.0,0.0,0.024922095239162445,0.0,0.0,0.0,0.028157591819763184,0.0,0.0,0.2733895480632782,0.07590815424919128,0.0,0.0,0.0,0.0007652616477571428,0.01820988766849041,0.0,0.01060172077268362,0.06124812737107277,0.0243309885263443,0.0,0.023300474509596825,0.0,0.02504819817841053,0.005005309358239174,0.0,0.0,0.021768927574157715,0.20232729613780975,0.04361162334680557,0.0,0.004052432719618082,0.19907864928245544,0.005001862067729235,0.0020756602752953768,0.0,0.266306072473526,0.09658823162317276,0.05433505028486252,0.028034960851073265,0.0,0.0,1.0722119808197021,0.4407649338245392,0.08590778708457947,0.0,0.0,0.00014683246263302863,0.0,0.0,0.016018707305192947,0.004902565386146307,0.6900981664657593,0.013548331335186958,0.10305263847112656,0.0,0.0,0.0,0.01678851805627346,0.0629197284579277,0.0,0.0,0.05115339159965515,0.1468006670475006,0.0,0.032251812517642975,0.4165247678756714,0.008509947918355465,0.517242431640625,0.06256359815597534,0.00551052438095212,0.32659900188446045,0.04427283629775047,0.05742616206407547,0.0,0.3148791790008545,0.016894027590751648,0.0,0.0033974777907133102,0.004252907820045948,0.0,0.0,0.09099800139665604,0.0,0.0,0.26138579845428467,0.019241075962781906,0.0,0.0,0.10366681218147278,0.0014973008073866367,0.0,0.006102244835346937,0.011242845095694065,0.0,0.10097198188304901,0.0,0.0,0.0,0.08190619200468063,0.0026136445812880993,0.0,0.005303070414811373,0.0,0.0,0.0,0.0,0.0010887718526646495,0.338001549243927,0.009664646349847317,0.0,0.026423178613185883,0.0,0.12208523601293564,0.0,0.0,0.005425044801086187,0.0,0.055108919739723206,0.013558764010667801,0.0,0.0,0.0,0.0,0.0,0.0,0.0,0.0,0.0,0.0,0.0,0.010566757060587406,0.0,0.01302122138440609,0.0,0.08210346102714539,0.015573207288980484,0.02055293135344982,0.004067061003297567,0.05114670842885971,0.0,0.03130245581269264,0.0,0.16087709367275238,0.03101094253361225,0.04566633701324463,0.07549234479665756,0.10536333173513412,0.0,0.002341099316254258,0.0,0.005902291741222143,0.001745116664096713,0.2224150449037552,0.03088308311998844,0.017454003915190697,0.0,0.03355957567691803,0.04173314571380615,0.04432030767202377,0.0,0.0060141016729176044,0.0,0.0,0.06703300774097443,0.09780441224575043,0.0,0.00809856690466404,0.0,0.03439949080348015,0.02554021030664444,0.0696558952331543,0.04468616098165512,0.0,0.0,0.1308998167514801,0.09708941727876663,0.015766674652695656,0.0011245929636061192,0.0,0.008722161874175072,0.00210756529122591,0.5667553544044495,0.017618495970964432,0.009168568067252636,0.0,0.1726604402065277,0.09469880908727646,0.06296507269144058,0.0009408569312654436,0.09773563593626022,0.0,0.0,0.26234734058380127,0.22874128818511963,0.0,0.06823312491178513,0.00202910415828228,0.7311843633651733,0.0,0.00599095830693841,0.004824923351407051,0.013412865810096264,0.006071249954402447,0.005792703479528427,0.0,0.0,0.11070907860994339,0.00489182909950614,0.2052915245294571,0.0,0.10973633080720901,0.0,0.00022431374236475676,0.008043577894568443,0.13052761554718018,0.26906585693359375,0.0,0.022756380960345268,0.11172693222761154,0.0011616169940680265,0.032178279012441635,0.004861264023929834,0.0,0.0,0.08837348967790604,0.04686111584305763,0.004146592691540718,0.0,0.01953914389014244,0.18906737864017487,0.023015379905700684,0.0,0.0,0.031740427017211914,0.08596472442150116,0.009620321914553642,0.0,0.0,0.022239908576011658,0.0,0.016119996085762978,0.00929365772753954,0.1422838270664215,0.0,0.0575709342956543,0.005402665119618177,0.07148788124322891,0.7016416788101196,0.05426468700170517,0.07164284586906433,0.004714398179203272,0.08259110152721405,0.03891310840845108,0.0,0.0,0.0,0.04478438198566437,0.015426700934767723,0.03427813947200775,0.002270016586408019,0.023553309962153435,0.0030289555434137583,0.40197429060935974,0.12488044798374176,0.0,0.029115591198205948,0.0032137827947735786,0.1860269010066986,0.3093123137950897,0.04661325365304947,0.013038348406553268,0.6171571016311646,0.03165498748421669,0.7267535328865051,0.07969092577695847,0.002094614552333951,0.0,0.0,0.09068931639194489,0.0,0.07733102142810822,0.0,0.0026247454807162285,0.031614482402801514,0.0,0.02594142034649849,1.2498021125793457,0.1337559074163437,0.02282841131091118,0.0,0.061010412871837616,0.0,0.05041000247001648,0.03197973966598511,0.006287796422839165,0.0,0.3843255341053009,0.048154931515455246,0.02757369913160801,0.02588430792093277,0.0,0.0,0.059922102838754654,0.0,0.12248962372541428,0.050331536680459976,0.0,0.23061130940914154,0.0,0.054734718054533005,0.0,8.049249299801886e-05,0.0,0.0,0.6389807462692261,0.4241017997264862,0.0,0.04846476390957832,0.16960296034812927,0.01843266561627388,0.15326499938964844,0.01029947493225336,0.024974267929792404,0.008382725529372692,0.012838928960263729,0.0,0.0,0.030541541054844856,0.0,0.05955089256167412,0.0,0.042646002024412155,0.09920171648263931,0.01454417034983635,0.0,0.04692172631621361,0.015400458127260208,0.03570161387324333,0.2083093225955963,0.01181042194366455,0.0,0.11328835785388947,0.0,0.017754575237631798,0.08391326665878296,0.0,0.04574180766940117,0.002347423927858472,0.0,0.0,0.38198086619377136,0.0,0.041977979242801666,0.01659971848130226,0.0,0.0,0.0,0.009498262777924538,0.0,0.0,0.001965134171769023,0.015050888992846012,0.020028384402394295,0.0,0.03024897538125515,0.0,0.6791670322418213,0.14367768168449402,0.0014770078705623746,0.22021210193634033,0.05914836749434471,0.0,0.005238516256213188,0.0,0.02314845100045204,0.0,0.011106220073997974,0.06648563593626022,0.011184578761458397,0.006783302873373032,0.0,0.0015396391972899437,0.0,0.01966027170419693,0.0,0.10086588561534882,0.05224272236227989,0.030490651726722717,0.02520216442644596,0.14154936373233795,0.08041299879550934,0.039823487401008606,0.12510021030902863,0.037803057581186295,0.0,0.059315361082553864,0.0,0.002708617364987731,0.001991193275898695,0.031771205365657806,0.014458782970905304,0.0,0.057322908192873,0.24532848596572876,0.0,0.0,0.0,0.0505073182284832,0.0,0.0023392147850245237,0.042371951043605804,0.012147855944931507,0.0032027983106672764,0.10724326968193054,0.015564310364425182,0.007755385711789131,0.008042760193347931,0.0,0.0,0.004330732859671116,0.0,0.0372345857322216,0.24950505793094635,0.015466825105249882,0.4684912860393524,0.026840731501579285,0.029902052134275436,0.17886538803577423,0.0,0.009110203012824059,0.0,0.0,0.0,0.0,0.12865671515464783,0.40419644117355347,0.0,0.010540816932916641,0.0,0.0,0.01283215917646885,0.0,0.0006135010626167059,0.0,0.0,0.4497474730014801,0.0,0.008626749739050865,0.0,0.0,0.19175125658512115,0.0075329686515033245,0.0,0.0,0.0,0.19126339256763458,0.00882659200578928,0.04908072575926781,0.009435298852622509,0.0,0.012172838672995567,0.033675067126750946,0.0,0.0,0.06597918272018433,0.01898760348558426,0.02936132624745369,0.0041341278702020645,0.001887989230453968,0.0,0.07315245270729065,0.0,0.022354865446686745,0.0,0.0,0.02730867825448513,0.05821424350142479,0.10098455101251602,0.0006377995014190674,0.021156728267669678,0.09178635478019714,0.05340197682380676,0.0,0.04143674299120903,0.5578044056892395,0.0005240535829216242,0.26660460233688354,0.04201839491724968,0.1907588243484497,0.025924427434802055,0.26690608263015747,0.0,0.0029968905728310347,0.0,0.03249377757310867,0.005972402170300484,0.014706313610076904,0.0,0.02218327671289444,0.0,0.03905627131462097,0.00390640739351511,0.0717298611998558,0.0,0.41308650374412537,0.02566501870751381,0.03679985925555229,0.0,0.0,0.07921715080738068,0.000695965311024338,0.04349379241466522,0.016985127702355385,0.0,0.009106630459427834,0.025317393243312836,0.0,0.0005796956829726696,0.06248113140463829,0.006085427012294531,0.005592606030404568,0.0049851154908537865,0.020470524206757545,0.020588604733347893,0.026667432859539986,0.0,8.180081931641325e-05,0.0,0.054294947534799576,0.07720934599637985,0.8298457860946655,0.0,0.0,0.0,0.0,0.0,0.11494718492031097,0.0,0.0,0.0,0.0,0.0,0.008165464736521244,0.1563548743724823,0.0,0.0005213403492234647,0.1765839159488678,0.027208078652620316,0.24093623459339142,0.028423795476555824,0.1365518569946289,0.0,0.22659766674041748,0.0,0.0,0.005676222033798695,0.005292640998959541,0.01394918467849493,0.0,0.31779661774635315,0.0,0.0,0.08183468878269196,0.0,0.0,0.0,0.0,0.0,0.0,0.00978973601013422,0.042312487959861755,0.007621390745043755,0.0,0.0,0.01219647005200386,0.014551501721143723,0.0,0.001139867352321744,0.14911867678165436,0.020942697301506996,0.08541158586740494,0.07207922637462616,0.0,0.029340093955397606,0.0,0.0,0.0,0.09815703332424164,0.0,0.0,0.05359315872192383,0.0,0.011923245154321194,0.0,0.0,0.04798196628689766,0.0,0.0,0.0,0.0,0.0,0.0,0.011204464361071587,0.0,0.022429732605814934,0.5946040749549866,0.0,0.009427018463611603,0.0,0.0020566771272569895,0.0,0.18030709028244019,0.0,0.10474082827568054,0.3830840289592743,0.0,0.0,0.008551083505153656,0.0,0.0,0.0,0.0,0.41536620259284973,0.0,0.0,0.0,0.0,0.0,0.43388035893440247,0.10238833725452423,0.014195749536156654,0.00019366518245078623,0.003277263604104519,0.11875078082084656,0.3378793001174927,0.0,0.0,0.003713729325681925,0.0,0.0,0.0,0.0,0.0,0.01817113719880581,0.0,0.0,0.0,0.0,0.32431524991989136,0.0,0.026828952133655548,0.026721548289060593,0.008729567751288414,0.0,0.3824540674686432,0.12687097489833832,0.0014924796996638179,0.1861209124326706,0.0,0.0,0.0,0.0073115951381623745,0.051037807017564774,0.0,0.0,0.032783735543489456,0.0,0.030576372519135475,0.04065767303109169,0.02209959551692009,0.0,0.0007878899341449142,0.0,0.2553647756576538,0.05012880265712738,0.00583766819909215,0.0408443845808506,0.0,0.152689591050148,0.041129179298877716,0.11677958816289902,0.05903361737728119,0.0,0.0,0.0036315489560365677,0.04091380536556244,0.0,0.0,0.027680380269885063,0.0,0.008537578396499157,0.0,0.0,0.0,0.0,0.0,0.007039295509457588,0.005695158150047064,0.0,0.0,0.1015252098441124,0.048676177859306335,0.061022914946079254,0.010765436105430126,0.02315867878496647,0.00045402467367239296,0.0,0.00024301647499669343,0.3172794282436371,0.0,0.0803210511803627,0.06553970277309418,0.008922637440264225,0.001225386862643063,0.3931531608104706,0.006308889482170343,0.021549327298998833,0.0
0.0,0.01378609798848629,0.3672213852405548,0.0,0.0,0.0,0.018254635855555534,0.012663247995078564,0.0007285451865755022,0.07154309004545212,0.0,0.08122777938842773,0.022047948092222214,0.27495208382606506,0.0897756963968277,0.17052927613258362,0.0008070385665632784,0.02356347069144249,0.0,0.3144002854824066,0.027964606881141663,0.0,0.015800101682543755,0.1674240082502365,0.04039697349071503,0.11973749846220016,0.0,0.0,0.0,0.006009814795106649,0.42351290583610535,0.13386502861976624,0.0,0.0,0.26706957817077637,0.21777941286563873,0.002244982635602355,0.04157796502113342,0.0,0.11430300772190094,0.396183580160141,0.0,0.0019220852991566062,0.10181587934494019,0.4701729714870453,0.011539321392774582,0.03213774785399437,0.0,0.23200908303260803,0.0,0.0,0.26025575399398804,0.006979429628700018,0.14992007613182068,0.0324736163020134,0.0,0.0,0.0,0.10729660838842392,0.009017791599035263,0.008326061069965363,0.4709737002849579,0.0845525935292244,0.0,0.004337897524237633,0.3586910367012024,0.11736417561769485,0.019104156643152237,0.028041712939739227,0.0,0.20877397060394287,0.03808244690299034,0.017416710034012794,0.12183759361505508,0.0,0.11214545369148254,0.4135434329509735,0.006665840744972229,0.16696801781654358,0.42020562291145325,0.0,0.055875763297080994,0.0,0.03734147921204567,0.010147926397621632,0.26856428384780884,0.045861776918172836,0.0,0.0,0.03229698911309242,0.01904154010117054,0.010938801802694798,0.2035260647535324,0.5096336007118225,0.003114639548584819,0.20352089405059814,0.016742564737796783,0.0,0.0,0.0,0.02071489579975605,0.03154740855097771,0.13372661173343658,0.005881829187273979,0.03363341465592384,0.018701350316405296,0.02539697103202343,0.0,0.002250468824058771,0.009331400506198406,0.011941838078200817,0.008707616478204727,0.0,0.14635562896728516,0.009048206731677055,0.470061719417572,0.0,0.08962345123291016,0.0,0.16370581090450287,0.019834117963910103,0.007012756075710058,0.3854764699935913,0.028137437999248505,0.006621087901294231,0.001289938110858202,0.2177850306034088,0.0306986253708601,0.1502143144607544,0.009743609465658665,0.10624714195728302,0.0005989909404888749,0.04722024127840996,0.009630437009036541,0.048946067690849304,0.08782751113176346,0.003609197214245796,0.0,0.012979231774806976,0.0003120249602943659,0.12759828567504883,0.02872719056904316,0.0,0.029370971024036407,0.22043637931346893,0.0,0.013226909562945366,0.2898527979850769,0.01434452272951603,0.0359056293964386,0.052826132625341415,0.0,0.05868549272418022,0.07150442898273468,0.0,0.039347682148218155,0.003086581127718091,0.03245031088590622,0.07283266633749008,0.09455748647451401,0.005028767976909876,0.013495756313204765,0.01860591396689415,0.4801785945892334,0.08855761587619781,0.0,0.26369091868400574,0.0,0.11977267265319824,0.3628702163696289,0.14666247367858887,0.02363286167383194,0.08685123175382614,0.23610153794288635,0.055510807782411575,0.05562949180603027,0.5507752299308777,0.014868492260575294,0.0,0.3157186806201935,0.0,0.0,0.023901915177702904,0.021380970254540443,0.024327732622623444,0.37108081579208374,0.14530816674232483,0.04946506395936012,0.059847697615623474,0.3429718315601349,0.03357294574379921,0.07783706486225128,0.0,0.007220215629786253,0.01988431252539158,0.02194858156144619,0.04183606058359146,0.0171845480799675,0.2688966989517212,0.0024671172723174095,0.1336497813463211,0.0256415456533432,0.0,0.17213019728660583,0.00035503387334756553,0.034932225942611694,0.04754093289375305,0.025703201070427895,0.07558660209178925,0.11580589413642883,0.14128753542900085,0.0,0.23717637360095978,0.0,0.01767701655626297,0.020979292690753937,0.03862070292234421,0.027898458763957024,0.0,0.009755921550095081,0.06003798916935921,0.02545376494526863,0.18057100474834442,0.14083905518054962,0.002322050277143717,0.21128122508525848,0.009035367518663406,0.0364844836294651,0.09214850515127182,0.09854664653539658,0.1773444414138794,0.0,0.20241370797157288,0.0667080506682396,0.15827661752700806,0.28098738193511963,0.008002256974577904,0.109209343791008,0.03671250119805336,0.0005143308662809432,0.0,0.06993022561073303,0.06156371161341667,0.0,0.09971697628498077,0.051929377019405365,0.07806780189275742,0.05548098683357239,0.0,0.023194601759314537,0.01817123219370842,0.002469196217134595,0.0028053545393049717,0.00889679230749607,0.008704991079866886,0.09386008977890015,0.0,0.07087650150060654,0.04280485957860947,0.4773136377334595,0.0,0.012621751055121422,0.020229868590831757,0.0,0.13092128932476044,0.033401861786842346,0.09844505041837692,0.06791088730096817,0.012591056525707245,0.03079257719218731,0.0685461238026619,0.003824231680482626,0.0073952148668468,0.10036683827638626,0.048504363745450974,0.0,0.047563206404447556,0.008397999219596386,0.14453181624412537,0.2007853388786316,0.0,0.0,0.01320046465843916,0.13685068488121033,0.02996513806283474,0.6394972801208496,0.0,0.0,0.15361671149730682,0.04239211231470108,0.14470884203910828,0.14960287511348724,0.046108294278383255,0.0,0.051181644201278687,0.009490503929555416,0.19454336166381836,0.0,0.2898023724555969,0.0,0.012341204099357128,0.03673902153968811,0.19253821671009064,0.1456751972436905,0.15085412561893463,0.0,0.013828561641275883,0.028284573927521706,0.0,0.0,0.0,0.13299819827079773,0.026608072221279144,0.19536514580249786,0.04254811629652977,0.3260098397731781,0.040502600371837616,0.007232244126498699,0.18056847155094147,0.03197241201996803,0.0,0.047195300459861755,0.0,0.0,0.7736093997955322,0.0,0.0,0.00480544101446867,0.0,0.0,0.0,0.05225590243935585,0.0,0.0,0.05163668468594551,0.0,0.0,0.0,0.014690726064145565,0.07745351642370224,0.04091529920697212,0.0010175800416618586,0.0,0.0,0.0,0.0,0.0,0.002479500835761428,0.0,0.0,0.17835406959056854,0.0,0.15693382918834686,0.019832635298371315,0.30633169412612915,0.0,0.0,0.0,0.09161701798439026,0.00405251607298851,4.339158476796001e-05,0.0,0.0,0.0,0.0,0.006342959590256214,0.09272037446498871,0.05762370675802231,0.0010595798958092928,0.0,0.49437350034713745,0.0,0.0,0.052399154752492905,0.00392735842615366,0.0,0.0058003999292850494,0.0013473767321556807,0.0,0.1948625147342682,0.0765458196401596,0.0,0.0,0.0,0.009386815130710602,0.0,0.0,0.05808127298951149,0.0,0.0,0.23864693939685822,0.0,0.0,0.0,0.0,0.0,0.11327213048934937,0.0,0.09137275069952011,0.045231834053993225,0.0016449498943984509,0.03044256381690502,0.0,0.0022195489145815372,0.012221761979162693,0.0,0.029477614909410477,0.0,0.0,0.04136984050273895,0.0,0.0,0.0,0.0,0.0070959399454295635,0.0,0.0,0.0,0.0,0.0,0.024729561060667038,0.0,0.05727880448102951,0.0,0.020846540108323097,0.17516599595546722,0.01687178574502468,0.013206074014306068,0.0,0.14358097314834595,0.0,0.0,0.0,0.13662520051002502,0.0,0.0,0.0,0.01203251350671053,0.0,0.0,0.0,0.0,0.0036752640735358,0.011316752061247826,0.0,0.0,0.124921515583992,0.0,0.02484084665775299,0.006222443655133247,0.0,0.0,0.0,0.02154509536921978,0.0,0.0,0.0,0.0,0.03704703599214554,0.0,0.0,0.2471403330564499,0.0,0.0,0.07560031116008759,0.17805998027324677,0.04551561921834946,0.0,0.0,0.0007709640194661915,0.0,0.0,0.023941464722156525,0.0,0.018872076645493507,0.0,0.0,0.045137032866477966,0.051337480545043945,0.0,0.0,0.0,0.1578752100467682,0.0014125072630122304,0.03761070966720581,0.19977998733520508,0.00920791644603014,0.0,0.0,0.0,0.029111888259649277,0.0,0.0,0.0,0.0,0.0,0.0,0.005261474754661322,0.03259103745222092,0.0,0.0,0.0,0.0115994643419981,0.032438505440950394,0.0012447654735296965,0.0,0.0,0.005238988436758518,0.23285067081451416,0.01029628049582243,0.015023884363472462,0.0017820191569626331,0.0,0.0011293208226561546,0.0,0.0,0.14223028719425201,0.041771236807107925,0.0,0.015036046504974365,0.0,0.0,0.44375067949295044,0.0,0.0,0.0,0.0,0.0,0.0,0.01893571764230728,0.032793913036584854,0.0,0.015040350146591663,0.0,0.0,0.11309722065925598,0.0,0.0,0.0,0.010056773200631142,0.009332493878901005,0.018632737919688225,0.0,0.07943422347307205,0.0,0.0,0.03990716487169266,0.0,0.0,0.00029819668270647526,0.0,0.03953822702169418,0.0,0.19766929745674133,0.0,0.00836148764938116,0.004024736117571592,0.0,0.02651364728808403,0.0,0.0053991531021893024,0.07496868818998337,0.0636613741517067,0.0,0.22773471474647522,0.05831367149949074,0.011183525435626507,0.0,0.08365096151828766,0.2813001871109009,0.0,0.025792239233851433,0.07053525745868683,0.0,0.0,0.0,0.0008189225336536765,0.0,0.0,0.0,0.07589507102966309,0.0,0.0591142363846302,0.0,0.14581675827503204,0.06218376010656357,0.06339828670024872,0.03180534020066261,0.0,0.0,0.0,0.0017090135952457786,0.002637045457959175,0.0,0.015651514753699303,0.18646490573883057,0.0008557802648283541,0.02050965279340744,0.0,0.0,0.0,0.0,0.0,0.026430681347846985,0.0,0.0,0.0,0.47387269139289856,0.012665748596191406,0.013580919243395329,0.0,0.18330751359462738,0.0,0.0,0.0,0.010265760123729706,0.015174869447946548,0.0598568394780159,0.0,0.0,0.0,0.00343773839995265,0.0,0.0,0.008134610019624233,0.004051842261105776,0.0,0.0031266275327652693,0.0,0.06935065239667892,0.031156139448285103,0.014326836913824081,0.0,0.0,0.0,0.0,0.0,0.002907700603827834,0.0,0.0,0.0,0.0,0.1379052996635437,0.01360516157001257,0.0,0.0,0.0,0.0,0.008730766363441944,0.0,0.0,0.009594287723302841,0.0,0.0,0.010014411993324757,0.0,0.0,0.08481642603874207,0.0036387955769896507,0.15525124967098236,0.011972134001553059,0.0,0.18851949274539948,0.0,0.11226828396320343,0.0024848938919603825,0.0,0.10960060358047485,0.0,0.058991193771362305,0.054243821650743484,0.0,0.02433217130601406,0.0006297743530012667,0.0,0.0,0.0,0.0,0.0,0.0310180876404047,0.0,0.054076071828603745,0.0,0.0,0.0,0.16069099307060242,0.006891297642141581,0.0,0.0,0.0,0.029796218499541283,0.14052948355674744,0.007971673272550106,0.006572680547833443,0.036737777292728424,0.013944370672106743,0.0,0.0,0.0055290283635258675,0.054025791585445404,0.008880124427378178,0.0,0.4387005865573883,0.05252036079764366,0.04254700988531113,0.0,0.03351740166544914,0.0,0.12130475789308548,0.0,0.0,0.0,0.001550964079797268,0.0033708857372403145,0.17292183637619019,0.14601880311965942,0.02908114343881607,0.0,0.028430359438061714,0.09130440652370453,0.0,0.0,0.0,0.0591789148747921,0.0,0.0021321463864296675,0.0,0.05687446519732475,0.0,0.22288908064365387,0.0,0.0,0.0022971408907324076,0.24973346292972565,0.0543387308716774,0.0,0.0,0.6289130449295044,0.0,0.019411426037549973,0.0,0.009637650102376938,0.0,0.0,0.0,0.0155569389462471,0.25741711258888245,0.0,0.17448154091835022,0.0,0.0,0.018926380202174187,0.0026668168138712645,0.0,0.009810971096158028,0.006593388505280018,0.0,0.2758770287036896,0.08029576390981674,0.0,0.0,0.005450995173305273,0.08372978866100311,0.0,0.43649137020111084,0.0,0.0,0.0,0.0557171106338501,0.0,0.09193121641874313,0.08369322121143341,0.07550669461488724,0.15121544897556305,0.015456256456673145,0.008546204306185246,0.013273430056869984,0.027307230979204178,0.02523292973637581,0.027768732979893684,0.0,0.0,0.21668413281440735,0.0013972591841593385,0.03130417317152023,0.0,0.02290865033864975,0.050609685480594635,0.24371939897537231,0.0,0.019673461094498634,0.06091028079390526,0.05897488445043564,0.0028353286907076836,0.0,0.0,0.05045401677489281,0.0,0.012115086428821087,0.13814382255077362,0.0326528362929821,0.0334918312728405,0.0,0.022466592490673065,0.0,0.0,0.04681522771716118,0.08558952063322067,0.09460140019655228,0.0,0.1316337138414383,0.0,0.0,0.0,0.007165601477026939,0.0610332116484642,0.23434065282344818,0.014076127670705318,0.10147733986377716,0.050186458975076675,0.0,0.0,0.0,0.0,0.0,0.0,0.012817107141017914,0.0,0.0,0.04702182114124298,0.1769770383834839,0.0,0.0062529100105166435,0.03635379299521446,0.013478546403348446,0.0,0.22723707556724548,0.0,0.0,0.038188204169273376,0.03327110409736633,0.0,0.048490677028894424,0.003926790785044432,0.2179403305053711,0.0,0.0,0.5729417204856873,0.0,0.025104131549596786,0.0023739857133477926,0.0,0.0,0.0,0.013786392286419868,0.02694120816886425,0.0,0.14027704298496246,0.0,0.0,0.0,0.0,0.0,0.010776040144264698,0.0,0.015935638919472694,0.022525789216160774,0.002536914311349392,0.0,0.0,0.39441990852355957,0.0,0.0,0.0,0.0,0.0,0.0,0.7077497243881226,0.0638192817568779,0.018489908427000046,0.022229976952075958,0.07139381766319275,0.006979143712669611,0.0024302792735397816,0.0,0.21482105553150177,0.019877271726727486,0.06437704712152481,0.01571819745004177,0.015347843058407307,0.002250545658171177,0.008489925414323807,0.16826100647449493,0.0,0.008430869318544865,0.0,0.13400906324386597,0.04013415426015854,0.09885387122631073,0.013631569221615791,0.057340774685144424,0.027340104803442955,0.0,0.47479188442230225,0.0,0.0,0.034952763468027115,0.016089878976345062,0.09679065644741058,0.0,0.015404010191559792,0.0,0.05881383270025253,0.14268267154693604,0.0,0.15459436178207397,0.021907204762101173,0.0859512984752655,0.0,0.033350225538015366,0.37941262125968933,0.02492491528391838,0.15378326177597046,0.10763584822416306,0.19742821156978607,0.08673622459173203,0.029895620420575142,0.10071424394845963,0.1297585517168045,0.023577995598316193,0.23515203595161438,0.0,0.0,0.3823174238204956,0.00659259082749486,0.0,0.023342924192547798,0.0,0.0,0.10352196544408798,0.008347142487764359,0.0004514455795288086,0.002763523953035474,0.0,2.4199187464546412e-05,0.0,0.24549156427383423,0.07943654805421829,0.0,0.0,0.017514314502477646,0.0,0.0,0.10095377266407013,0.0,0.13776446878910065,0.0,0.17749114334583282,0.0,0.009728559292852879,0.038163479417562485,0.0,0.039540063589811325,0.0,0.02787609025835991,0.15410760045051575,0.0,0.07083510607481003,0.022445587441325188,0.10996031016111374,0.0,0.08953449875116348,0.04594592750072479,0.011064824648201466,0.0,0.2280929684638977,0.0,0.0,0.0,0.5217828750610352,0.17891129851341248,0.0,0.02439538761973381,0.34839966893196106,0.0,0.014587143436074257,0.0,0.2806582450866699,0.0,0.036104634404182434,0.0,0.0004031711723655462,0.0,0.0,0.09447367489337921,0.0026211380027234554,0.0,0.16920341551303864,0.04871320724487305,0.0,0.0019403612241148949,0.28206345438957214,0.0,0.0038880740758031607,0.02071625553071499,0.020600266754627228,0.04642927646636963,0.01430327445268631,0.01028878428041935,0.1077384203672409,0.0018485885811969638,0.02096322923898697,0.30795735120773315,0.0,0.0,0.041168417781591415,0.05247550830245018,0.08037389814853668,0.0,0.09938952326774597,0.0,0.0,0.40917956829071045,0.012507494539022446,0.0,0.02994600124657154,0.0,0.0,0.025685228407382965,0.42715370655059814,0.003962829243391752,0.0,0.2905616760253906,0.06774453073740005,0.02379896678030491,0.0887032225728035,0.0,0.09740907698869705,0.018190475180745125,0.0,0.0,0.0,0.04928434267640114,4.484414967009798e-05,0.0,0.0010347020579501987,0.05832327902317047,0.08775516599416733,0.006260128691792488,0.18831178545951843,0.0,0.01524215005338192,0.004737549927085638,0.0,0.18817676603794098,0.0004418289754539728,0.008891293779015541,0.11515960842370987,0.0049635423347353935,0.0,0.13886934518814087,0.0507686510682106,0.000506177544593811,0.015376313589513302,0.4312923550605774,0.08738452941179276,0.06347119063138962,0.0,0.06172645464539528,0.18122729659080505,0.0381944477558136,0.11110537499189377,0.0,0.051375165581703186,0.0033946572802960873,0.043997254222631454,0.03523099049925804,0.06169300898909569,0.33300209045410156,0.007073297630995512,0.4118482172489166,0.0,0.00749476533383131,0.008161542937159538,0.31036436557769775,0.10876107960939407,0.1354798823595047,0.1438198685646057,0.0,0.006327694747596979,0.0145597318187356,0.015025801956653595,0.0,0.02521623857319355,0.03327806293964386,0.0,0.0,0.003172071883454919,0.0,0.14651742577552795,0.0,0.0,0.0906505361199379,0.03456767648458481,0.28824666142463684,0.0,0.0,0.0020021391101181507,0.0,0.0,0.0,0.44373616576194763,0.0,0.0,0.0,0.0,0.20067070424556732,0.0006487846258096397,0.0,0.0,0.0447530634701252,0.0045502521097660065,0.021193834021687508,0.25163885951042175,0.31843727827072144,0.0,0.007526027970016003,0.0,0.019341416656970978,0.0,0.0,0.0,0.0,0.05987729877233505,0.0024422514252364635,0.0,0.0,0.018935853615403175,0.005624481476843357,0.12578144669532776,0.1369398683309555,0.0,0.0003391745558474213,0.0,0.005318806041032076,0.0,0.3708938956260681,0.01772128790616989,0.2880047857761383,0.0,0.05810045823454857,0.007487011607736349,0.0018517065327614546,0.0,0.0397179089486599,0.0,0.04100271686911583,0.005597355775535107,0.016168737784028053,0.0038633050862699747,0.0,0.01818176545202732,0.0,0.05515152961015701,0.0,0.06105281040072441,0.02597220428287983,0.0,0.0,0.0,0.0,0.0,0.9691582322120667,0.2129049301147461,0.0,0.0,0.035167355090379715,0.007543367333710194,0.008486705832183361,0.02450305037200451,0.08863826841115952,0.0,0.0,0.632586658000946,0.0,0.0,0.0,0.012446287088096142,0.0,0.0,0.0,0.0037246609572321177,0.0024211888667196035,0.0,0.0,0.54426509141922,0.022873179987072945,0.0,0.05599122494459152,0.0,0.007039444521069527,0.0018564426572993398,0.0,0.0,0.0,0.008571106009185314,0.22325779497623444,0.011750447563827038,1.2603145837783813,0.0,0.004607824143022299,0.01771288551390171,0.0,0.0,0.01819324493408203,2.3105084896087646,0.015434754081070423,0.0,0.0,0.031239576637744904,0.0,0.0,0.0,0.04795319214463234,0.005359606817364693,0.0,0.4967300295829773,0.0,0.01749216392636299,0.028894510120153427,0.0,0.0,0.0,0.06597674638032913,0.2728179693222046,0.042314063757658005,0.0,0.1624792069196701,0.0,0.0,0.0,0.0,0.0,0.10392763465642929,0.017688067629933357,0.027706684544682503,0.0,0.0,0.15415339171886444,0.0219953041523695,0.01224411092698574,0.030703561380505562,0.5478000640869141,0.0,0.020428229123353958,0.1900593638420105,0.005175871774554253,0.02658284455537796,0.0,0.0037143700756132603,0.0,0.04556984081864357,0.0,0.0,0.0,0.0,0.0,0.025539295747876167,0.0,0.0966004878282547,0.03363173082470894,1.0552666187286377,0.0,0.05208665877580643,0.0008691871189512312,0.006213488522917032,0.05198369175195694,0.0,0.03905196115374565,0.0,0.0,0.4648061990737915,0.0,0.020195763558149338,0.0,0.0,0.0,0.0,0.020680872723460197,0.008587243966758251,0.0,0.0,0.0,0.0,0.0,0.0,0.0018875980749726295,0.0,0.0,0.0,0.0,0.007060040254145861,0.18336206674575806,0.0,0.08588466793298721,0.0,0.0,0.0,0.007729250006377697,0.0,0.045667801052331924,0.0,0.0074648382142186165,0.03043672814965248,0.007727107033133507,0.0006749388412572443,0.0,0.03714998811483383,0.06383778154850006,0.0,0.07263296842575073,0.013196945190429688,0.0,0.01897856593132019,0.0,0.022690553218126297,0.0,0.025237588211894035,0.0,0.0,0.0,0.041710905730724335,0.0,0.0,0.0,0.03914620727300644,0.0,0.0,0.33164986968040466,0.09265433996915817,0.0,0.0,0.0,0.0037644710391759872,0.01239441242069006,0.0,0.021951597183942795,0.08269043266773224,0.03075587935745716,0.0,0.03385470062494278,0.0,0.03933911770582199,0.0,0.0,0.0,0.049584273248910904,0.22032354772090912,0.026834964752197266,0.0,0.0016549659194424748,0.23760196566581726,0.010433470830321312,0.0,0.0,0.2726414203643799,0.10158637911081314,0.05020628124475479,0.037002235651016235,0.0,0.0,1.0572905540466309,0.43218955397605896,0.09467142075300217,0.0,0.0,0.0030367684084922075,0.0,0.0,0.015962347388267517,0.0,0.6028973460197449,0.013103810139000416,0.10449346899986267,0.0,0.0,0.0,0.010105078108608723,0.05270809680223465,0.0,0.0,0.08400028198957443,0.1230880469083786,0.0,0.01822943426668644,0.3595697283744812,0.008625108748674393,0.5309326648712158,0.06440497189760208,0.005019979551434517,0.2679124176502228,0.07661664485931396,0.033770184963941574,0.0,0.3805311620235443,0.015700358897447586,0.0,0.0,0.0,0.0,0.0,0.1327630579471588,0.0,0.0,0.27482956647872925,0.022660603746771812,0.0,0.0,0.09334500133991241,0.007289526518434286,0.0,0.0,0.0,0.0,0.08413486182689667,0.006686260923743248,0.0,0.0,0.03728901967406273,0.00778744462877512,0.0,0.0013789177173748612,0.0,0.0,0.0,0.0,0.0024235225282609463,0.24840722978115082,0.0009934126865118742,0.0,0.03698105737566948,0.0,0.1652447134256363,0.0,0.0,0.0050841160118579865,0.0,0.06755167990922928,0.015416007488965988,0.0,0.0,0.0,0.0,0.0,0.0,0.0,0.0023980417754501104,0.0,0.0,0.0,0.022498123347759247,0.0,0.008097023703157902,0.0,0.06361942738294601,0.005384419113397598,0.013318977318704128,0.011231739073991776,0.04290219396352768,0.0,0.04215388000011444,0.0,0.10363582521677017,0.013947684317827225,0.034574903547763824,0.08034922927618027,0.0973559021949768,0.0,0.0,0.0,0.0025416731368750334,0.0005763971712440252,0.23472893238067627,0.030006494373083115,0.018096329644322395,0.0,0.042413849383592606,0.0323839895427227,0.035343557596206665,0.0,0.017411688342690468,0.0,0.0,0.11040664464235306,0.08647670596837997,0.008577456697821617,0.008056335151195526,0.0,0.0374155268073082,0.01915944553911686,0.07231999188661575,0.028957508504390717,0.0,0.0,0.14376938343048096,0.08553022146224976,0.017975477501749992,0.0,0.0,0.01069829985499382,0.0,0.6204969882965088,0.018901832401752472,0.011863119900226593,0.0,0.15681469440460205,0.061960965394973755,0.03431108966469765,0.0,0.07965182512998581,0.0,0.0,0.262751966714859,0.24293042719364166,0.0,0.07347659766674042,0.0,0.7749269604682922,0.0,0.000996700837276876,0.0036489295307546854,0.007451506797224283,0.00288663269020617,0.008441687561571598,0.0,0.0,0.06023712456226349,0.0038240558933466673,0.21819931268692017,0.0,0.0924411416053772,0.0,0.0,0.0040163625963032246,0.12265126407146454,0.23091663420200348,0.0,0.031435076147317886,0.1425946205854416,0.0,0.02339990623295307,0.014220202341675758,0.0,0.0,0.08638487011194229,0.0448119156062603,0.005740067921578884,0.0,0.02653639018535614,0.18655069172382355,0.017271818593144417,0.0,0.0,0.03467586636543274,0.08103106170892715,0.0004219388938508928,0.005480923689901829,0.0,0.017420344054698944,0.0,0.011373018845915794,0.016138514503836632,0.12743321061134338,0.0014126967871561646,0.06367379426956177,0.0,0.09013858437538147,0.6981738805770874,0.0535082072019577,0.06026315316557884,0.0005965352174825966,0.06525073200464249,0.006597027648240328,0.0,0.0,0.0,0.020012112334370613,0.013416239060461521,0.05301235616207123,0.008574540726840496,0.020928602665662766,0.0031492472626268864,0.4331666827201843,0.11473927646875381,0.0,0.05239517241716385,0.0,0.1944170743227005,0.2928124964237213,0.0467967689037323,0.023457150906324387,0.5951660871505737,0.027359534054994583,0.7658331394195557,0.0870324894785881,0.0,0.0,0.0,0.0857698991894722,0.0,0.040027257055044174,0.0,0.0,0.03563309088349342,0.0,0.02643459104001522,1.3548097610473633,0.14654898643493652,0.02594718150794506,0.0,0.06853000819683075,0.0,0.05241017043590546,0.026371072977781296,0.0023216628469526768,0.0,0.3648972809314728,0.05469844862818718,0.023015515878796577,0.02246076613664627,0.0,0.0,0.07333197444677353,0.0,0.11131713539361954,0.046248506754636765,0.0,0.24284319579601288,0.000824456219561398,0.07269947230815887,0.0,0.0,0.0004290723882149905,0.0,0.6363340616226196,0.35154613852500916,0.0,0.06557869911193848,0.19398511946201324,0.04006900638341904,0.16035977005958557,0.004110704176127911,0.01835760474205017,0.016559166833758354,0.005881700664758682,0.0016876125009730458,0.0,0.03550250455737114,0.0,0.05663805827498436,0.0,0.08355985581874847,0.11857716739177704,0.008125857450067997,0.0,0.07215030491352081,0.03432605788111687,0.029327403753995895,0.21301837265491486,0.012746858410537243,0.0,0.12982942163944244,0.0,0.006389264017343521,0.08198653906583786,0.0,0.054504405707120895,0.007182210683822632,0.0,9.108782251132652e-06,0.37091073393821716,0.0,0.051810864359140396,0.021685345098376274,0.0,0.0,0.0,0.008421306498348713,0.0,0.0,0.01643897220492363,0.003554307157173753,0.020454568788409233,0.0,0.015610039234161377,0.0,0.7760918140411377,0.1256919503211975,0.0,0.21142202615737915,0.08425566554069519,0.00011843383254017681,0.00635903375223279,0.0,0.014430825598537922,0.0,0.01785365492105484,0.049323998391628265,0.011203339323401451,0.005789332557469606,0.0,0.0014422237873077393,0.0,0.005979533307254314,0.0,0.08526723831892014,0.0533955842256546,0.026305776089429855,0.025452585890889168,0.10704147070646286,0.08041385561227798,0.017416538670659065,0.11069463938474655,0.038098014891147614,0.00015036821423564106,0.06799314171075821,0.0,0.0008306240779347718,0.0,0.018412932753562927,0.011310423724353313,0.0017639041179791093,0.09280699491500854,0.24760694801807404,0.0,0.0,0.0,0.04033135995268822,0.0,0.0,0.047261033207178116,0.009340588003396988,0.0,0.10343554615974426,0.009825498796999454,0.0,0.02201291359961033,0.0,0.0,0.005685801617801189,0.0,0.03413115441799164,0.23158203065395355,0.014301213435828686,0.4180961549282074,0.03383982926607132,0.04264068603515625,0.23070378601551056,0.0,0.007504068780690432,0.0,0.0,0.002224869793280959,0.0,0.14641909301280975,0.47568565607070923,0.0,0.009559852071106434,0.0,0.0,0.0097194854170084,0.0,0.0,0.0,0.0,0.4619576930999756,0.0,0.0,0.0,0.0,0.17334777116775513,0.008243465796113014,0.0,0.0,0.0,0.24374660849571228,0.018196189776062965,0.03958520293235779,0.0,0.0,0.010889497585594654,0.04119402915239334,0.0,0.0,0.066608726978302,0.03317129239439964,0.023761598393321037,0.013820486143231392,0.005864879582077265,0.0,0.06508997827768326,0.0,0.021936560049653053,0.0,0.0,0.01949751004576683,0.05750717222690582,0.08833632618188858,0.0,0.02849883958697319,0.10502678900957108,0.06074552237987518,0.0,0.05592529475688934,0.57039475440979,0.0,0.2689153254032135,0.06484746187925339,0.16473320126533508,0.018456418067216873,0.331167072057724,0.0,0.008535393513739109,0.0,0.039721496403217316,0.010180206038057804,0.013921904377639294,0.0,0.02182423509657383,0.0,0.03093375451862812,0.01389668695628643,0.09544815868139267,0.0,0.4166795313358307,0.014032866805791855,0.06163864582777023,0.0,0.0,0.06573754549026489,0.0025426531210541725,0.046683020889759064,0.024068817496299744,0.0,0.005180393345654011,0.01814996637403965,0.0,0.004370361566543579,0.07024411112070084,0.004108121618628502,0.006024959031492472,0.0037767337635159492,0.04652434214949608,0.012135016731917858,0.022330446168780327,0.0,0.0,0.0,0.040504150092601776,0.06680991500616074,0.7538788318634033,0.0,0.0,0.0,0.0,0.0022806869819760323,0.06783140450716019,0.0,0.0,0.0,0.0,0.0,0.019579464569687843,0.1447945237159729,0.0,0.009618626907467842,0.2134699821472168,0.025960911065340042,0.2380390763282776,0.02280765026807785,0.10687363892793655,0.0,0.1364690661430359,0.0,0.0,0.010513451881706715,0.025787243619561195,0.0005166280316188931,0.0,0.3184291124343872,0.0,0.0,0.09986332803964615,0.0,0.0,0.0,0.0,0.0,0.0,0.001834861934185028,0.040543168783187866,0.020021837204694748,0.0,0.0,0.014652200043201447,0.03886326774954796,0.0,0.0,0.11220517754554749,0.009743557311594486,0.05613035336136818,0.10109812021255493,0.0,0.03774210810661316,0.0,0.0,0.0,0.17834338545799255,0.0,0.0,0.02709769457578659,0.0,0.011826311238110065,0.0,0.0,0.021570131182670593,0.0,0.0,0.0,0.0,0.0,0.0,0.025118401274085045,0.0,0.014799641445279121,0.5671878457069397,0.0,0.004709701519459486,0.0,0.0,0.0,0.18909043073654175,0.0,0.11361588537693024,0.41609740257263184,0.0,0.0,0.004861730150878429,0.0,0.0,0.0,0.0,0.4990012049674988,0.0,0.0,0.0,0.0,0.0,0.41029003262519836,0.13275471329689026,0.014632277190685272,0.0,0.0029997634701430798,0.1651521474123001,0.34725865721702576,0.0,0.0,0.010595303028821945,0.0,0.0,0.0,0.0,0.0,0.012698888778686523,0.0,0.0,1.0876655323954765e-05,0.0,0.30816203355789185,0.0,0.02010907232761383,0.05671808123588562,0.018593037500977516,0.0,0.22447313368320465,0.12801142036914825,0.0,0.164225235581398,0.0,0.0,0.0,0.007127619814127684,0.04506077617406845,0.0,0.0,0.041662830859422684,0.0,0.030721917748451233,0.026128780096769333,0.022496232762932777,0.0,0.0043389867059886456,0.0,0.19306746125221252,0.020708821713924408,0.02992377243936062,0.030695311725139618,0.0,0.0984300896525383,0.025690343230962753,0.1113375648856163,0.04691028967499733,0.0,0.0,0.005465984344482422,0.05223507061600685,0.001481909304857254,0.0,0.019121073186397552,0.0,0.00981086865067482,0.0,0.0,0.0,0.0,0.0007226169109344482,0.001353019499219954,0.00015522613830398768,0.0,0.0,0.07990852743387222,0.05668138340115547,0.048845916986465454,0.011258636601269245,0.01672832854092121,0.0054747904650866985,0.0,0.0,0.2854407727718353,0.0,0.06517383456230164,0.04786013439297676,0.0040602791123092175,0.0,0.4464051425457001,0.006474797613918781,0.027838755398988724,0.0
0.0,0.010108963586390018,0.34484413266181946,0.00695567624643445,0.0,0.0,0.008342709392309189,0.015167992562055588,0.0033612155821174383,0.07378154993057251,0.0,0.08795766532421112,0.013205953873693943,0.28795549273490906,0.0984608456492424,0.14470438659191132,0.010853742249310017,0.03318440541625023,0.0,0.2811203896999359,0.046611394733190536,0.0,0.03698224946856499,0.11327886581420898,0.05429673567414284,0.12242747098207474,0.0,0.0,0.0,0.000680910365190357,0.39487919211387634,0.13418254256248474,0.0,0.0,0.26893386244773865,0.22634483873844147,0.010751307010650635,0.03009055368602276,0.0,0.07205373793840408,0.3786362111568451,0.0008980643469840288,0.0,0.10442781448364258,0.48775941133499146,0.008597045205533504,0.05275123566389084,0.0,0.2004612684249878,0.0,0.0,0.19281788170337677,0.007653806358575821,0.1210252195596695,0.026575913652777672,0.0,0.0,0.0,0.08980641514062881,0.010850105434656143,0.0,0.38809117674827576,0.08339967578649521,0.0,0.0031138253398239613,0.35067325830459595,0.1081942543387413,0.018320372328162193,0.022991826757788658,0.004431641194969416,0.19777911901474,0.018951795995235443,0.018232569098472595,0.09303668886423111,0.0019769431091845036,0.14176107943058014,0.3735271394252777,0.0,0.17033909261226654,0.39514708518981934,0.0,0.11000867933034897,0.0,0.1260312795639038,0.015750117599964142,0.2806602120399475,0.03626389801502228,0.0,0.0,0.044845934957265854,0.02194857783615589,0.003165183123201132,0.2205730825662613,0.5224835276603699,0.0,0.22359493374824524,0.015551099553704262,0.0,0.0,0.0,0.021625278517603874,0.03964586183428764,0.12887288630008698,0.0017750406404957175,0.07894902676343918,0.019556457176804543,0.024197785183787346,0.0,0.0,0.006808455102145672,0.024802975356578827,0.022618116810917854,0.0,0.14038418233394623,0.013474705629050732,0.47037890553474426,0.0,0.09610233455896378,0.0,0.1381068378686905,0.015773816034197807,0.006951663643121719,0.3506662845611572,0.06780117750167847,0.005491433199495077,0.00928510818630457,0.20563849806785583,0.03477823734283447,0.15061964094638824,0.006018109153956175,0.11805835366249084,0.0,0.04506079852581024,0.01223459281027317,0.057160090655088425,0.08943349868059158,0.0060124085284769535,0.0,0.00364123098552227,0.0,0.10753628611564636,0.04061505198478699,0.0,0.03454519808292389,0.23699495196342468,0.0,0.007655992638319731,0.29491421580314636,0.0,0.0426027774810791,0.030517440289258957,0.0,0.054087623953819275,0.07107312232255936,0.0,0.01758411154150963,0.0008401298546232283,0.03627295419573784,0.14761772751808167,0.08627130836248398,0.0017755001317709684,0.0019432938424870372,0.01662784069776535,0.4194791316986084,0.09803779423236847,0.0,0.19541312754154205,0.011051385663449764,0.0920153558254242,0.3590530753135681,0.1299208551645279,0.017541689798235893,0.0686495304107666,0.2304280698299408,0.04724086821079254,0.04629344493150711,0.49828824400901794,0.005631161853671074,0.0,0.2795359492301941,0.0,0.0,0.028042582795023918,0.020844435319304466,0.019708991050720215,0.28512364625930786,0.18396638333797455,0.061586834490299225,0.04460446909070015,0.28355929255485535,0.0170961394906044,0.05763181671500206,0.0,0.005570526234805584,0.007953846827149391,0.04668506607413292,0.024824457243084908,0.044700633734464645,0.2888249456882477,0.0,0.13668498396873474,0.016572847962379456,0.0009474778198637068,0.17848941683769226,0.0024078725837171078,0.033482808619737625,0.04833268001675606,0.02274549938738346,0.06757878512144089,0.12398549169301987,0.14379443228244781,0.0017292761476710439,0.21957311034202576,0.0,0.01438894309103489,0.013540403917431831,0.04824846610426903,0.038761451840400696,0.0,0.0024311684537678957,0.05884723365306854,0.012708144262433052,0.19258689880371094,0.16265417635440826,0.0,0.19099828600883484,0.0072761536575853825,0.011024675332009792,0.07950640469789505,0.13969750702381134,0.1613827645778656,0.0,0.19470050930976868,0.03312019631266594,0.1688540279865265,0.2752436101436615,0.007054863031953573,0.11393477767705917,0.048401519656181335,0.009678686037659645,0.0,0.06290503591299057,0.07625427842140198,0.0,0.10169591009616852,0.045512400567531586,0.0457027330994606,0.07783660292625427,0.0,0.007696907501667738,0.015331992879509926,0.022487126290798187,0.009016072377562523,0.007193298544734716,0.004239404108375311,0.05710494890809059,0.0,0.07281429320573807,0.06156120449304581,0.4093461334705353,0.0,0.027516169473528862,0.03750960901379585,0.0,0.16181807219982147,0.03068372793495655,0.09330738335847855,0.0760660469532013,0.0077042486518621445,0.027224654331803322,0.05818138271570206,0.0058416035026311874,0.0,0.13964594900608063,0.04000253602862358,0.0,0.051332756876945496,0.01301557570695877,0.11336267739534378,0.14215035736560822,0.0,0.0,0.016264472156763077,0.13361850380897522,0.02317633107304573,0.6084386706352234,0.0,0.0013549566501751542,0.1818535476922989,0.06254074722528458,0.20300966501235962,0.14232796430587769,0.07051339745521545,0.0,0.06788702309131622,0.010938797146081924,0.16840915381908417,0.0,0.27686530351638794,0.0,0.017440378665924072,0.03702011704444885,0.1837446391582489,0.12355674803256989,0.14297442138195038,0.0,0.0185201708227396,0.022007113322615623,0.0,0.0,0.0,0.14660078287124634,0.020160768181085587,0.1608770191669464,0.036657508462667465,0.3492107093334198,0.03527630865573883,0.010954842902719975,0.17932558059692383,0.030422143638134003,0.0,0.06052581965923309,0.0,0.0,0.7706208825111389,0.0,0.0,0.031635791063308716,0.0,0.0,0.00485991733148694,0.0494781956076622,0.0,0.0,0.05748816579580307,0.0,0.0,0.0,0.011101391166448593,0.08135595917701721,0.12350394576787949,0.008991489186882973,0.0,0.0,0.0,0.0,0.0,0.0,0.0,0.0,0.1879851520061493,0.0,0.14684170484542847,0.010274830274283886,0.22894397377967834,0.0,0.0,0.0,0.058555591851472855,0.011986691504716873,0.00525484187528491,0.0,0.0,0.0,0.0,0.0,0.09460148215293884,0.042119696736335754,0.0010034829610958695,0.0,0.5009526014328003,0.0,0.0,0.031951628625392914,0.013186709955334663,0.0,0.0,0.0,0.0,0.20952863991260529,0.07290691137313843,0.0,0.0,0.004229151178151369,0.013544242829084396,0.0,0.0,0.08115503191947937,0.0,0.0,0.26144522428512573,0.0,0.0,0.0,0.0009279298828914762,0.0,0.10674567520618439,0.0,0.12587572634220123,0.04118897393345833,0.0198197104036808,0.03169889748096466,0.0,0.009226121008396149,0.0007668227190151811,0.0,0.03578413650393486,0.002531128004193306,0.0,0.046888772398233414,0.0,0.0,0.0,0.0,0.010651006363332272,0.0,0.0,0.0,0.0,0.0,0.024199197068810463,0.0,0.07495810836553574,0.0,0.007781424559652805,0.17299631237983704,0.013204414397478104,0.016448907554149628,0.0017871659947559237,0.1396746188402176,0.0,0.0013990398729220033,0.0,0.0859612300992012,0.0,0.0,0.0,0.008015845902264118,0.0,0.0,0.0,0.0,0.006645302753895521,0.053485970944166183,0.0,0.0,0.1242583841085434,0.0,0.028937673196196556,0.04602789878845215,0.0019236254738643765,0.0,0.0,0.05178086832165718,0.0,0.007678847759962082,0.0,0.0,0.03479696810245514,0.0027342867106199265,0.002323306165635586,0.24420608580112457,0.0,0.0,0.0723222941160202,0.167188361287117,0.055836476385593414,0.0,0.0,0.01343570277094841,0.0,0.0,0.01754791848361492,0.0,0.0220039002597332,0.0,0.0,0.046612195670604706,0.04610444977879524,0.0,0.0,0.0,0.20283636450767517,0.004646934103220701,0.06118132546544075,0.18506157398223877,0.011199834756553173,0.0,0.0,0.0,0.023267678916454315,0.0,0.0,0.0,0.0,0.0,0.0,0.007467960007488728,0.02322741597890854,0.0,0.0,0.0,0.010524336248636246,0.040104471147060394,0.020870061591267586,0.0,0.0,0.0043512494303286076,0.20688702166080475,0.010624215938150883,0.02411610819399357,0.012997202575206757,0.0,0.0031241453252732754,0.0,0.0,0.13024702668190002,0.028210947290062904,0.0,0.003766195848584175,0.0,0.0,0.4449329376220703,0.0,0.0,0.0,0.0,0.0,0.0,0.022721562534570694,0.036094874143600464,0.0,0.013547275215387344,0.0,0.0,0.17014597356319427,0.0,0.0,0.0,0.017257781699299812,0.007813830859959126,0.054523397237062454,0.0,0.06760305166244507,0.0,0.0,0.013119298964738846,0.0,0.007635691203176975,0.0,0.0,0.07049636542797089,0.002439818112179637,0.23665978014469147,0.0,0.0076673938892781734,0.005747461225837469,0.0,0.031910449266433716,0.0,0.002022950677201152,0.09699317067861557,0.041442058980464935,0.0,0.22822381556034088,0.024857347831130028,0.01834224723279476,0.0,0.1305018961429596,0.29609447717666626,0.0,0.05442629009485245,0.05762088671326637,0.0,0.009315800853073597,0.01327790692448616,0.0,0.0,0.0,0.0,0.06255113333463669,0.0,0.08422455191612244,0.0,0.14903396368026733,0.05077240616083145,0.10254216194152832,0.032408565282821655,0.0,0.0,0.0,0.0,0.0,0.0,0.014668050222098827,0.16463148593902588,0.00469505088403821,0.02422206848859787,0.0,0.0,0.0,0.0,0.0,0.009943085722625256,0.0,0.0,0.0,0.46008923649787903,0.01039934903383255,0.017107712104916573,0.0,0.19328105449676514,0.0,0.0,0.0010018986649811268,0.028615571558475494,0.015123543329536915,0.055869266390800476,0.0,0.0,0.0,0.0,0.0,0.009117803536355495,0.02427092008292675,0.006705826614052057,0.0,0.0066084726713597775,0.0,0.05883261561393738,0.015301134437322617,0.015177962370216846,0.0,0.0,0.0,0.0,2.9699802325922064e-05,0.00026621579308994114,0.0,0.0,0.0,0.0,0.11684519052505493,0.026220865547657013,0.0,0.0,0.0,0.0,0.04740321263670921,0.0,0.0,0.009468658827245235,0.0,0.0,0.01789833977818489,0.0,0.0,0.08035523444414139,0.005281561985611916,0.12034961581230164,0.019808225333690643,0.0,0.21247585117816925,0.0014044198906049132,0.10374283790588379,0.006750157102942467,0.005328007973730564,0.13945934176445007,0.0,0.04843030124902725,0.0636335015296936,0.0,0.04717506468296051,0.002983678597956896,0.0,0.0,0.0,0.0,0.0,0.039828188717365265,0.0,0.0626726746559143,0.0,0.0,0.0,0.17034605145454407,0.02120945043861866,0.0,0.0,0.0,0.02791414223611355,0.13679386675357819,0.012847550213336945,0.012158524245023727,0.06342686712741852,0.041183557361364365,0.0,0.005771805066615343,0.009906968101859093,0.03481994569301605,0.0,0.0,0.5150039196014404,0.053948573768138885,0.029881911352276802,0.0,0.02488710917532444,0.0,0.13317880034446716,0.007561864797025919,0.0,0.006283259950578213,0.0,0.007279655896127224,0.1782762110233307,0.14653533697128296,0.043425336480140686,0.0,0.012290097773075104,0.09791681915521622,0.010567312128841877,0.006657180842012167,0.006004199851304293,0.05350349470973015,0.005072440952062607,0.01877838559448719,0.0,0.08856271952390671,0.0,0.19851185381412506,0.0,0.0,0.0,0.20776720345020294,0.05550079420208931,0.0,0.004904008004814386,0.621631383895874,0.0,0.02759357914328575,0.0,0.010348429903388023,0.0,0.0,0.0,0.03266754001379013,0.2561599314212799,0.0,0.16789907217025757,0.0,0.0,0.015703998506069183,0.005199332255870104,0.0,0.0026513051707297564,0.012966066598892212,0.0,0.2661784887313843,0.10674957185983658,0.0,0.0,0.0,0.07958649098873138,0.0,0.4448222815990448,0.0,0.0,0.0,0.10955014079809189,0.00045098960981704295,0.10903695225715637,0.12410786747932434,0.07912435382604599,0.15153826773166656,0.02336709573864937,0.007496974430978298,0.003297782503068447,0.031201940029859543,0.029120735824108124,0.042124710977077484,0.0,0.0,0.2093401700258255,0.01045315247029066,0.03434585779905319,0.0,0.015763025730848312,0.07436800748109818,0.26701620221138,0.0009913801914080977,0.024921579286456108,0.03950900956988335,0.04036635532975197,0.0,0.0,0.0,0.0686417818069458,0.0,0.0,0.12551458179950714,0.04064168781042099,0.011332781054079533,0.0,0.024088706821203232,0.0,0.0,0.04268684238195419,0.07691991329193115,0.07299807667732239,0.0,0.1212330237030983,0.0,0.003907643724232912,0.0,0.0057423603720963,0.09721197187900543,0.2653382122516632,0.020536398515105247,0.09127859026193619,0.055056776851415634,0.0,0.0,0.0,0.0,0.0,0.008087706752121449,0.0056387330405414104,0.0,0.0,0.034688472747802734,0.1508050262928009,0.0,0.003462798660621047,0.039343662559986115,0.008748488500714302,0.0,0.24228708446025848,0.0,0.0003109122917521745,0.045630961656570435,0.045205287635326385,0.0,0.047513432800769806,0.0,0.2543177604675293,0.0,0.0,0.6027669310569763,0.0,0.034102555364370346,0.002514841500669718,0.0,0.0,0.0,0.019757898524403572,0.027300383895635605,0.0,0.12874478101730347,0.0,0.0,0.0007471787976101041,0.0,0.01707880012691021,0.004348184913396835,0.0,0.01321292482316494,0.01374089252203703,0.004042577929794788,0.0,0.0,0.32295840978622437,0.0,0.0,0.0,0.0,0.0,0.0,0.6457441449165344,0.0649162158370018,0.005228355061262846,0.01852542906999588,0.060319699347019196,0.0037105106748640537,0.0074918391183018684,0.0,0.22935940325260162,0.029918145388364792,0.09632410109043121,0.01573043130338192,0.014666690491139889,0.009352547116577625,0.008745518513023853,0.16927585005760193,0.0,0.0049075293354690075,0.0,0.13390333950519562,0.05035383999347687,0.09383643418550491,0.008663898333907127,0.04795268177986145,0.01777556538581848,0.0,0.4158395528793335,0.0,0.0,0.055540695786476135,0.024470075964927673,0.060125336050987244,0.0,0.0062180436216294765,0.0,0.0802057757973671,0.143760085105896,0.0,0.1562689244747162,0.032919079065322876,0.07814420014619827,0.0,0.02227010205388069,0.36803489923477173,0.0271123219281435,0.11683858931064606,0.07526007294654846,0.1846000999212265,0.06606203317642212,0.02464529499411583,0.1162722185254097,0.13030800223350525,0.022159047424793243,0.22482892870903015,0.0010866016382351518,0.0,0.4528898000717163,2.9112101401551627e-05,0.0,0.033842362463474274,0.0,0.0,0.07496187835931778,0.010267116129398346,0.011114588938653469,0.0020874261390417814,0.0,0.002913345582783222,0.0,0.2330942302942276,0.06167159974575043,0.0,0.0,0.011189121752977371,0.0,0.0,0.09418696165084839,0.0,0.1360476315021515,0.0,0.17964519560337067,0.0,0.006038163788616657,0.03711068257689476,0.0,0.03541373088955879,0.0,0.024985332041978836,0.1618763506412506,0.0,0.09151244908571243,0.02772633545100689,0.1050620824098587,0.0,0.0923440083861351,0.04381890222430229,0.002441704971715808,0.0,0.23216228187084198,0.0,0.0,0.0,0.49417954683303833,0.14268384873867035,0.0,0.003857543459162116,0.31681182980537415,0.0,0.005520503968000412,0.0,0.24270322918891907,0.0,0.042481981217861176,0.0,0.0,0.0,0.005318270530551672,0.09619902819395065,0.0007140111993066967,0.0,0.19906175136566162,0.018159912899136543,0.0,0.0,0.2429073303937912,0.0,0.02249715104699135,0.018560262396931648,0.016360092908143997,0.07054232805967331,0.011397111229598522,0.014090018346905708,0.09220805764198303,0.0,0.0,0.29296109080314636,0.0,0.0,0.023248186334967613,0.08284711837768555,0.08877815306186676,0.0,0.08576734364032745,0.0,0.0,0.3616122305393219,0.01232580654323101,0.0,0.0277647003531456,0.0,0.0,0.03783160448074341,0.43925121426582336,0.0011959343682974577,0.0,0.29089707136154175,0.06447160989046097,0.05204780399799347,0.08222933858633041,0.0,0.07671479135751724,0.01934574358165264,0.0,0.0,0.0,0.06420186161994934,0.0014630890218541026,0.0,0.004380250349640846,0.07951318472623825,0.10380181670188904,0.007952775806188583,0.19239754974842072,0.0002981281140819192,0.01054992526769638,0.0031522393692284822,0.0,0.26198941469192505,0.006241446826606989,0.025164876133203506,0.12129882723093033,0.0,0.0,0.11335311084985733,0.04642234370112419,0.004683471284806728,0.005790663883090019,0.37807244062423706,0.09432864934206009,0.057030025869607925,0.0,0.05101080983877182,0.17968186736106873,0.02874004654586315,0.09944417327642441,0.0,0.07264907658100128,0.024791855365037918,0.02663281373679638,0.03053055703639984,0.0699935033917427,0.33647236227989197,0.0,0.4219922721385956,0.0,0.0007081204676069319,0.014047660864889622,0.23206351697444916,0.1198926568031311,0.13539721071720123,0.13365545868873596,0.0,0.008428114466369152,0.00711807981133461,0.019457312300801277,0.0,0.033906951546669006,0.032776955515146255,0.0,0.0,0.0018320524832233787,0.0,0.1399330496788025,0.0,0.0,0.08426517248153687,0.04040031507611275,0.24679872393608093,0.0,0.0,0.0034492933191359043,0.0,0.0,0.0,0.46300429105758667,0.0,0.0,0.0,0.0,0.15208621323108673,0.0,0.0,0.0,0.05271272361278534,0.002348995301872492,0.011509394273161888,0.20148715376853943,0.2787614166736603,0.0,0.009602959267795086,0.0035582820419222116,0.05149739235639572,0.0,0.0,0.0,0.0,0.030066246166825294,0.01819922961294651,0.0,0.0,0.014428788796067238,0.005940387025475502,0.13167628645896912,0.17889909446239471,0.0,0.003431463148444891,0.0,0.010367896407842636,0.0,0.4057941138744354,0.031102845445275307,0.28184574842453003,0.0,0.04448423534631729,0.010986482724547386,0.0015057898126542568,0.0,0.04066086933016777,0.0,0.032426994293928146,0.002688416512683034,0.019864335656166077,0.020324598997831345,0.0,0.02030753344297409,0.0,0.08745710551738739,0.0,0.03800315037369728,0.01552808191627264,0.0,0.0,0.005466663744300604,0.0,0.0,0.8604816198348999,0.17015618085861206,0.0,0.0,0.02959134615957737,0.0,0.008717101067304611,0.0210835263133049,0.09400640428066254,0.0,0.0,0.6299787163734436,0.0,0.0,0.0,0.005343051161617041,0.0,0.0,0.0,0.00759154325351119,0.000619074678979814,0.0,0.0,0.4674302935600281,0.009704971686005592,0.0,0.04457459598779678,0.0,0.010303075425326824,0.0,0.0,0.0,0.0,0.00871286727488041,0.25534307956695557,0.013912985101342201,1.1592011451721191,0.0,0.0001637267996557057,0.015121950767934322,0.0,0.0,0.011729896068572998,2.3020308017730713,0.01441672071814537,0.0,0.0,0.026819221675395966,0.0,0.0,0.0,0.008267290890216827,0.0036269640550017357,0.0,0.4829009175300598,0.0,0.024643637239933014,0.013118908740580082,0.0,0.0,0.0,0.07396725565195084,0.23126287758350372,0.04215297847986221,0.0,0.13056345283985138,0.0,0.0,0.0,0.0,0.0,0.1046888530254364,8.455992065137252e-05,0.016162093728780746,0.0,0.0,0.15701761841773987,0.021639907732605934,0.0027868906036019325,0.02877911739051342,0.4854634404182434,0.0,0.010361828841269016,0.15666401386260986,0.0,0.008340178057551384,0.0,0.005204619374126196,0.0,0.07491647452116013,0.0,0.0006945061613805592,0.0,0.0,0.0,0.009351533837616444,0.0,0.08188597857952118,0.038325391709804535,0.9764015674591064,0.0,0.03680046647787094,0.0,0.003241095459088683,0.0404372401535511,0.0,0.05403551086783409,0.0,0.0,0.5205446481704712,0.0,0.0132169583812356,0.0,0.0,0.0,0.0,0.032698068767786026,0.0,0.0,0.0,0.0,0.0,0.0,0.0,0.0,0.0,0.0,0.0,0.0,0.006816598121076822,0.2027883380651474,0.0,0.0810844823718071,0.0,0.0,0.0,0.0,0.0,0.05110534653067589,0.0,0.006016569212079048,0.025074632838368416,0.014071944169700146,0.000102621313999407,0.0,0.02651992253959179,0.10753427445888519,0.0,0.043359845876693726,0.013425426557660103,0.0,0.015107648447155952,0.0,0.009016459807753563,0.0,0.012540510855615139,0.0,0.0,0.0,0.018432611599564552,0.0,0.0,0.0,0.04412378743290901,0.0,0.0016246283194050193,0.29454880952835083,0.08524981141090393,0.0,0.0,0.0,0.0020765226799994707,0.009769842959940434,0.0,0.020879780873656273,0.12713433802127838,0.0338929146528244,0.0,0.024975979700684547,0.0,0.02620841935276985,0.0,0.0,0.0,0.036741483956575394,0.21264035999774933,0.022234056144952774,0.0,0.013510214164853096,0.23683233559131622,0.008105780929327011,0.006304293870925903,0.0,0.2821982502937317,0.08649075776338577,0.05170595273375511,0.0241232942789793,0.0,0.0,1.0526310205459595,0.4371567964553833,0.08955658972263336,0.0,0.0,0.0,0.0,0.0,0.023418588563799858,0.016915077343583107,0.5462289452552795,0.0,0.1350805163383484,0.0,0.0,0.0,0.005118994507938623,0.06391631811857224,0.0,0.0,0.06693068146705627,0.17964445054531097,0.0,0.003315317677333951,0.2592417597770691,0.0067191398702561855,0.5141000747680664,0.06538589298725128,0.005121241323649883,0.253230482339859,0.02651750110089779,0.02995317243039608,0.0,0.3664240539073944,0.020328063517808914,0.0,0.001959016313776374,0.0,0.0,0.0,0.11936614662408829,0.0,0.00010770827793749049,0.2676156163215637,0.029957184568047523,0.0,0.0,0.1134197935461998,0.009345739148557186,0.0,0.0,0.007920138537883759,0.0013243112480267882,0.08726873248815536,0.010419339872896671,0.0,0.0,0.03478596732020378,0.0,0.0,0.006074507255107164,0.0,0.0,0.0,0.0026948368176817894,0.0,0.22505074739456177,0.003631100058555603,0.0,0.024790311232209206,0.0,0.15906782448291779,0.0,0.0,0.0030282384250313044,0.0,0.06483962386846542,0.0070236981846392155,0.0,0.0,0.0,0.0,0.0,0.0,0.0,0.0,0.0,0.0,0.0,0.017348729074001312,0.0,0.0,0.0,0.05964792147278786,0.00945239793509245,0.013270283117890358,0.007422945462167263,0.06152912974357605,0.0,0.023629726842045784,0.0,0.13352063298225403,0.009154190309345722,0.042397141456604004,0.08447511494159698,0.11185126006603241,0.0,0.0,0.0,0.003354310989379883,0.0,0.1998046338558197,0.04218949377536774,0.01788393221795559,0.0,0.0330498069524765,0.037800129503011703,0.04628264904022217,0.0,0.025112785398960114,0.0,0.0,0.05987715721130371,0.14099816977977753,0.0,0.0073810480535030365,0.0,0.022118307650089264,0.009915335103869438,0.06457191705703735,0.03595096990466118,0.0,0.0,0.1311212182044983,0.0721169263124466,0.020573709160089493,0.00382762192748487,0.0,0.011791079305112362,0.0,0.6079263091087341,0.016768531873822212,0.022549299523234367,0.0,0.13600614666938782,0.07288297265768051,0.051515866070985794,0.0,0.07197221368551254,0.0,0.0,0.24938884377479553,0.20705394446849823,0.0,0.0960039421916008,0.0034908985253423452,0.8146598935127258,0.0,0.0,0.005500212777405977,0.013282708823680878,0.0,0.0,0.0,0.0,0.050219278782606125,0.0016781234880909324,0.17860832810401917,0.0,0.09719076007604599,0.0,0.0,0.0030821729451417923,0.1284656673669815,0.2037774622440338,0.0,0.0211715716868639,0.1290685534477234,0.0,0.04080658778548241,0.006604578346014023,0.0,0.0,0.08964367210865021,0.02088150568306446,0.0,0.0,0.018457388505339622,0.2046237736940384,0.01251846831291914,0.0,0.0004310178628657013,0.048490479588508606,0.11046943068504333,0.0,0.005143406800925732,0.0,0.01371438056230545,0.0,0.02259931154549122,0.014268610626459122,0.10603771358728409,0.0,0.06331128627061844,0.005658838897943497,0.08257018029689789,0.6221413016319275,0.053275514394044876,0.06272850185632706,0.006456322502344847,0.07346989959478378,0.030723974108695984,0.0,0.0,0.0,0.033742502331733704,0.034956108778715134,0.05981489643454552,0.0011123489821329713,0.023794367909431458,0.0035334385465830564,0.34693995118141174,0.14053165912628174,0.0,0.04591173306107521,0.004233709070831537,0.16845524311065674,0.2852151095867157,0.047040343284606934,0.032807543873786926,0.5527867674827576,0.02457764372229576,0.7215278744697571,0.0732702910900116,0.0,0.0,0.0,0.10108235478401184,0.0,0.044933170080184937,0.0,0.0,0.049256034195423126,0.0,0.044103268533945084,1.3469557762145996,0.17022685706615448,0.019549822434782982,0.0,0.07116245478391647,0.0,0.049912311136722565,0.025176696479320526,0.004982376005500555,0.0,0.3756604492664337,0.03954044729471207,0.036355987191200256,0.020485909655690193,0.0,0.0,0.0518309585750103,0.0,0.0971951112151146,0.05904030799865723,0.0,0.23841218650341034,0.0,0.048442479223012924,0.0,0.002487895544618368,0.011511209420859814,0.0,0.6353406310081482,0.34616440534591675,0.0,0.07322811335325241,0.17769597470760345,0.02998562529683113,0.13007210195064545,0.006013501901179552,0.013500232249498367,0.0,0.0,0.0,0.0,0.008803028613328934,0.0,0.0823972150683403,0.0,0.08309783041477203,0.11140376329421997,0.014993970282375813,0.0,0.046642836183309555,0.030566459521651268,0.021865379065275192,0.17107218503952026,0.014445236884057522,0.0,0.12572886049747467,0.0,0.005511507857590914,0.08041327446699142,0.0,0.056544557213783264,0.0012491464149206877,0.0,0.0,0.40440788865089417,0.0,0.040600039064884186,0.022425709292292595,0.0,0.0,0.0,0.013177555054426193,0.0,0.0,0.01834791526198387,0.012152123264968395,0.015090610831975937,0.0,0.010678431950509548,0.0,0.7295611500740051,0.1403503566980362,0.0027785897254943848,0.22412124276161194,0.07617907226085663,0.0033608966041356325,0.004103760700672865,0.0,0.01395449135452509,0.0,0.01811908185482025,0.06338467448949814,0.0,0.0005918598035350442,0.0,0.0,0.0,0.00929373037070036,0.0023497617803514004,0.11918815970420837,0.0418066643178463,0.019274411723017693,0.023587344214320183,0.1286388784646988,0.08538586646318436,0.02272375300526619,0.10736539959907532,0.036309562623500824,0.0,0.07267554849386215,0.0,0.002074227435514331,0.0,0.02721315063536167,0.01901823841035366,0.0,0.08606217056512833,0.24682487547397614,0.0,0.0,0.0,0.042319364845752716,0.0,0.00013581811799667776,0.042061805725097656,0.004844998009502888,0.002811558311805129,0.07449177652597427,0.030095381662249565,0.0,0.00954136811196804,0.0,0.0,0.004523494280874729,0.0,0.027153968811035156,0.21137718856334686,0.011460334993898869,0.4122777283191681,0.02344977855682373,0.03512883186340332,0.20904679596424103,0.0,0.025711508467793465,0.0,0.0,0.008972874842584133,0.0,0.17076022922992706,0.44216403365135193,0.015068885870277882,0.010295979678630829,0.0,0.0,0.013233862817287445,0.0,0.0008854556363075972,0.0,0.0,0.4537837505340576,0.0,0.014680694788694382,0.0,0.0,0.18788555264472961,0.0024683522060513496,0.0,0.0,0.0,0.2208339273929596,0.007339887786656618,0.048459406942129135,0.0,0.0,0.01430037897080183,0.010985461063683033,0.0017413831083104014,0.0,0.07761529833078384,0.020733529701828957,0.0192603450268507,0.01734868437051773,0.0012693369062617421,0.002132796449586749,0.04710095748305321,0.0,0.031808409839868546,0.0,0.0,0.032535795122385025,0.06313049048185349,0.07608389854431152,0.0,0.03471130132675171,0.081686832010746,0.05993812158703804,0.0,0.0465872660279274,0.6205098032951355,5.948543275735574e-07,0.26611363887786865,0.05885814130306244,0.1658216416835785,0.02090591937303543,0.2685120403766632,0.0,0.0,0.0,0.02884075418114662,0.009893939830362797,0.020649434998631477,0.0,0.02416965551674366,0.0,0.036638595163822174,0.0160394087433815,0.07016130536794662,0.0,0.34911131858825684,0.022701997309923172,0.04964210465550423,0.0,0.0,0.050994034856557846,0.0,0.06579001992940903,0.021584028378129005,0.0,0.0037079763133078814,0.035926900804042816,0.0,0.004588437266647816,0.055960241705179214,0.006207797676324844,0.0046148658730089664,0.007504239212721586,0.010682686232030392,0.0066423797979950905,0.0355292409658432,0.0,0.0,0.0,0.08134691417217255,0.05871157720685005,0.7363572716712952,0.0,0.0,0.0,0.0,0.0,0.045188795775175095,0.0,0.0,0.0,0.0,0.0,0.0012865293538197875,0.11938372254371643,0.0,0.007922292686998844,0.23756052553653717,0.02114144340157509,0.23044367134571075,0.026088809594511986,0.09739810228347778,0.0,0.17902934551239014,0.0,0.0,0.015122614800930023,0.0211919117718935,0.0,0.0,0.3680618703365326,0.0,0.0,0.10894418507814407,0.0,0.0,0.0,0.0,0.0,0.0,0.0037999337073415518,0.046700745820999146,0.011782257817685604,0.0,0.0,0.005212834570556879,0.002401176607236266,0.0,0.0,0.10200603306293488,0.012759103439748287,0.02878972515463829,0.10669339448213577,0.0,0.04223306477069855,0.0,0.0,0.0,0.14979833364486694,0.0,0.0,0.005890972446650267,0.003632454900071025,0.013940781354904175,0.0,0.0,0.02878713607788086,0.0,0.0,0.0,0.0,0.0,0.0,0.03288839012384415,0.02024555206298828,0.007849986664950848,0.5098215341567993,0.0,0.01070340909063816,0.011302940547466278,0.0,0.00042578697321005166,0.1939561814069748,0.0,0.08082029223442078,0.3708368241786957,0.0,0.0,0.026798734441399574,0.0,0.0,0.0,0.0,0.4019548296928406,0.0,0.0,0.0,0.0,0.0,0.3855248689651489,0.1514139175415039,0.005346605088561773,0.0,0.005425691604614258,0.18067236244678497,0.34005600214004517,0.0,0.0,0.004426842555403709,0.0,0.0,0.0,0.0,0.0,0.010560078546404839,0.0,0.0,0.0012101840693503618,0.0,0.2599617838859558,0.0,0.02030237205326557,0.020915331318974495,0.015512230806052685,0.0,0.23678092658519745,0.09520554542541504,0.0,0.11585882306098938,0.001439700135961175,0.0,0.0,0.007433531805872917,0.07037515938282013,0.0,0.0,0.03343041613698006,0.0,0.0022221470717340708,0.03409111872315407,0.013606092892587185,0.0,0.00466685276478529,0.0,0.1494586020708084,0.014229323714971542,0.02075730822980404,0.021249961107969284,0.0,0.03560282289981842,0.026833880692720413,0.07479268312454224,0.0172092504799366,0.0,0.0,0.005085740238428116,0.04898347705602646,0.0,0.0,0.021940262988209724,0.0,0.015826648101210594,0.0,0.0,0.0,0.0,0.0016253531211987138,0.0014664930058643222,0.0008499391842633486,0.0,0.0,0.041117191314697266,0.05745846405625343,0.07371588051319122,0.009015602990984917,0.014412067830562592,0.0048412843607366085,0.0,0.0,0.2753828167915344,0.0,0.08076760172843933,0.050566598773002625,0.005103504750877619,0.0,0.4133545160293579,0.003487548790872097,0.02843289077281952,0.0
0.0,0.009186137467622757,0.3228145241737366,0.0030602074693888426,0.0,0.0,0.020180385559797287,0.021588290110230446,0.0,0.062040023505687714,0.0,0.1255033165216446,0.03225969895720482,0.2619507610797882,0.11037694662809372,0.14479617774486542,0.00524575961753726,0.017798559740185738,0.00013180017413105816,0.24250909686088562,0.03295714780688286,0.0,0.03245215117931366,0.20523397624492645,0.05324593931436539,0.1151653379201889,0.0,0.0,0.0,0.0,0.4956800043582916,0.10458822548389435,0.0023321830667555332,0.0,0.21484704315662384,0.2235262095928192,0.008128144778311253,0.03635340556502342,0.0,0.12132030725479126,0.3230227530002594,0.0,0.0007839048048481345,0.10227051377296448,0.49036458134651184,0.004047701135277748,0.028872050344944,0.0,0.2326681911945343,0.0,0.0,0.17249993979930878,0.0,0.13364088535308838,0.035852137953042984,0.0,0.0,0.0,0.11348261684179306,0.00424131378531456,0.0,0.3662414848804474,0.07960633933544159,0.0,0.013181538321077824,0.3773097097873688,0.1079443171620369,0.022635547444224358,0.042336754500865936,0.0,0.20223493874073029,0.007732303347438574,0.01894822157919407,0.11375264823436737,0.0,0.10595230758190155,0.4109874367713928,0.0012237306218594313,0.1747405081987381,0.3933113217353821,0.0,0.10216128081083298,0.0,0.07187400013208389,0.02331336960196495,0.32032936811447144,0.03846064582467079,0.0,0.0,0.04712149500846863,0.012046806514263153,0.03902395814657211,0.18791212141513824,0.5117880702018738,0.0,0.15368856489658356,0.04530518129467964,0.0,0.0,0.0,0.022868182510137558,0.04269901663064957,0.16476547718048096,0.012991177849471569,0.04758992791175842,0.004959852900356054,0.018119649961590767,0.0,0.0065118479542434216,0.0,0.013262557797133923,0.01596248336136341,0.0,0.1905837208032608,0.002377953613176942,0.36311495304107666,0.0,0.08196292817592621,0.0,0.1315915882587433,0.011369578540325165,0.005179526749998331,0.26659703254699707,0.04044977203011513,0.0049195969477295876,0.002133049303665757,0.22378933429718018,0.01455601491034031,0.0802445039153099,0.005386486183851957,0.11456924676895142,0.0,0.029484564438462257,0.0,0.07462149113416672,0.07703465968370438,0.008489026688039303,0.0,0.0018446636386215687,0.0,0.10812583565711975,0.04136322811245918,0.0,0.026735544204711914,0.21805326640605927,0.0,0.017845815047621727,0.27025410532951355,0.001291947322897613,0.0550999753177166,0.03447394445538521,0.0,0.025249583646655083,0.06656751036643982,0.0,0.022344470024108887,0.00713861919939518,0.019978217780590057,0.11360717564821243,0.09190745651721954,0.007921057753264904,0.026448940858244896,0.01882372424006462,0.37009185552597046,0.0729086771607399,0.0,0.28703877329826355,0.0,0.10168477147817612,0.376265287399292,0.1277170330286026,0.031839389353990555,0.060019396245479584,0.20559154450893402,0.0569322407245636,0.0568816103041172,0.5459482073783875,0.004308229777961969,0.0,0.2505353093147278,0.0,0.003678862936794758,0.04043643921613693,0.021148085594177246,0.00989498570561409,0.24022243916988373,0.14973492920398712,0.053712062537670135,0.0717112198472023,0.29916828870773315,0.012096261605620384,0.05907731130719185,0.0,0.0029032849706709385,0.025454595685005188,0.014235103502869606,0.027636870741844177,0.002491579158231616,0.29733115434646606,0.0005860519595444202,0.1619383841753006,0.02992580458521843,0.0,0.14611341059207916,0.0,0.006866869982331991,0.03703390806913376,0.003282995196059346,0.07803121209144592,0.10354858636856079,0.12551023066043854,0.0,0.24094146490097046,0.0,0.010681886225938797,0.021047618240118027,0.06733796000480652,0.036983489990234375,0.0,0.0068434905260801315,0.04547734186053276,0.0,0.18201526999473572,0.17595236003398895,0.0,0.21853727102279663,0.00800884235650301,0.024827351793646812,0.07586945593357086,0.10807915776968002,0.1522718220949173,0.0,0.1954174041748047,0.06505075842142105,0.13052798807621002,0.3024982511997223,0.026439208537340164,0.07117190957069397,0.03371433541178703,0.009007614105939865,0.0,0.06593474745750427,0.05900973454117775,0.0,0.08712264150381088,0.050042204558849335,0.03673611581325531,0.04845765233039856,0.0,0.006018774583935738,0.022043654695153236,0.004113699309527874,0.004824464209377766,0.0,0.0,0.0551060326397419,0.0,0.0760503038764,0.024854807183146477,0.4310750663280487,0.0,0.018864227458834648,0.02670932374894619,0.0,0.12561902403831482,0.033755216747522354,0.08026164770126343,0.04628291726112366,0.007659342139959335,0.030301306396722794,0.10270390659570694,0.03169844299554825,0.0,0.11136738955974579,0.08201981335878372,0.0,0.04967125877737999,0.01585983671247959,0.11677132546901703,0.2083875983953476,0.003111329162493348,0.0,0.037690985947847366,0.1522306203842163,0.03102252446115017,0.5790570378303528,0.0,0.0,0.2136160433292389,0.04996577277779579,0.1551976501941681,0.08078330010175705,0.0916738510131836,0.0,0.046927280724048615,0.023372946307063103,0.15475043654441833,0.0,0.28450441360473633,0.0,0.016753707081079483,0.024900751188397408,0.155909925699234,0.10795135796070099,0.14286881685256958,0.0,0.005356457084417343,0.018086126074194908,0.0,0.0,0.005878634285181761,0.12902936339378357,0.030191397294402122,0.19222240149974823,0.05198898911476135,0.3630400002002716,0.025039248168468475,0.003568205749616027,0.16571153700351715,0.018525943160057068,0.0,0.025070805102586746,0.0,0.0,0.7438104748725891,0.0,0.0,0.020015396177768707,0.0,0.0,0.004928405396640301,0.03901200369000435,0.0,0.0,0.0,0.0,0.0,0.0,0.018941480666399002,0.08451158553361893,0.10159321874380112,0.0015195757150650024,0.0,0.0,0.0,0.0,0.0,0.0,0.0,0.0,0.16203013062477112,0.011870434507727623,0.14955510199069977,0.03289752081036568,0.25664564967155457,0.0,0.0,0.0,0.07577472925186157,0.009045944549143314,0.01285226084291935,0.0,0.0,0.0,0.0,0.0,0.07468614727258682,0.04486089572310448,0.004091882612556219,0.0,0.4829801917076111,0.0,0.0,0.059395674616098404,0.00863579474389553,0.0007625214639119804,0.0,0.0,0.0,0.15947116911411285,0.047726716846227646,0.0,0.0,0.0,0.019366756081581116,0.0,0.0,0.05633435770869255,0.0,0.0,0.2207721769809723,0.0,0.0,0.0,0.0,0.0,0.08296738564968109,0.0,0.11094201356172562,0.01302539836615324,0.004357056692242622,0.024754943326115608,0.0,8.639469888294116e-05,0.0,0.0,0.00502302311360836,0.0,0.0,0.0652712807059288,0.0,0.0,0.0,0.0,0.009912383742630482,0.0,0.0,0.0,0.0,0.0,0.03274543583393097,0.0,0.09146345406770706,0.0,0.01405159942805767,0.1432584524154663,0.010327551513910294,0.0064309583976864815,0.004728878848254681,0.16077369451522827,0.0,0.0024153271224349737,0.0,0.08890742063522339,0.0,0.0,0.0,0.0,0.0,0.005178486928343773,0.0,0.0,0.006966359447687864,0.02863207831978798,0.0,0.0,0.08457875996828079,0.0,0.009476895444095135,0.035354550927877426,0.006751530338078737,0.0,0.0,0.05878197029232979,0.0,0.0013983381213620305,0.0,0.0,0.008792654611170292,0.0,0.0,0.2210787534713745,0.0,0.0,0.045090340077877045,0.21019068360328674,0.0630975216627121,0.0,0.0,0.0,0.0,0.0,0.01952560991048813,0.0,0.018666381016373634,0.0,0.0,0.08340968936681747,0.08283080905675888,0.0,0.0,0.0,0.1261925846338272,0.009562206454575062,0.049264874309301376,0.25340744853019714,0.00580084091052413,0.0,0.0,0.0,0.009213186800479889,0.0,0.0,0.0,0.0,0.0,0.0,0.013425415381789207,0.0377994067966938,0.0,0.0,0.0,0.017837177962064743,0.012485871091485023,2.40695480897557e-05,0.0,0.0,0.00447890954092145,0.14702273905277252,0.04106868803501129,0.016681957989931107,0.0025504124350845814,0.0,0.0,0.0,0.004821246489882469,0.15012456476688385,0.061891499906778336,0.0,0.014971506781876087,0.0,0.0,0.4655398428440094,0.0,0.0,0.0,0.0,0.0,0.0,0.02488837018609047,0.02686023712158203,0.0,0.007207360118627548,0.0,0.0,0.15995481610298157,0.0,0.0,0.0,0.05436215549707413,0.009835110045969486,0.031514156609773636,0.0,0.08538114279508591,0.0,0.0,0.023579493165016174,0.0,0.0,0.0,0.0,0.04612024128437042,0.011956088244915009,0.1761673092842102,0.006691415328532457,0.006962151732295752,0.0,0.0,0.041553594172000885,0.0,0.0,0.14518555998802185,0.03728245198726654,0.0,0.20291805267333984,0.07146547734737396,0.0003687143325805664,0.0,0.06314661353826523,0.3137391209602356,0.0,0.018754195421934128,0.0980663001537323,0.0,0.0,0.021287329494953156,0.0,0.0014492623740807176,0.0,0.012535367161035538,0.08426305651664734,0.0,0.06996655464172363,0.0,0.1416754573583603,0.09082397818565369,0.09900357574224472,0.030321700498461723,0.0,0.0,0.0,0.0,0.003805408487096429,0.0,0.0,0.19463123381137848,0.01754465140402317,0.014367230236530304,0.0,0.0,0.0,0.0,0.0,0.010133346542716026,0.0,0.0,0.0,0.43789130449295044,0.012737635523080826,0.031127605587244034,0.0,0.17842572927474976,0.0,0.0,0.01124330423772335,0.012829715386033058,0.05887770652770996,0.0676654651761055,0.0,0.0,0.0036236976739019156,0.0,0.0,0.0,0.026781942695379257,0.010043539106845856,0.0,0.0014127838658168912,0.0,0.04509294405579567,0.0484195202589035,0.01823333464562893,0.0,0.0,0.0,0.0,0.0,0.0,0.0,0.0,0.0,0.0,0.128915473818779,0.01523884292691946,0.0,0.0,0.0,0.0,0.0,0.0,0.0,0.005961444228887558,0.0,0.0,0.01739431917667389,0.0,0.0,0.10497085750102997,0.001330424565821886,0.13617902994155884,0.01934698037803173,0.0,0.2755656838417053,0.0025849593803286552,0.14338648319244385,0.021276846528053284,0.0,0.1108110174536705,0.0,0.041520219296216965,0.09066803008317947,0.0,0.02956651896238327,0.0025955724995583296,0.0,0.0,0.0,0.0,0.0,0.002823895774781704,0.0,0.05705923214554787,0.0,0.0,0.0,0.08529485762119293,0.016576964408159256,0.0,0.0,0.0,0.0061974311247467995,0.16186536848545074,0.026810908690094948,0.0023339586332440376,0.07512444257736206,0.038902103900909424,0.0,0.0,0.002400977537035942,0.05577012896537781,0.005085383076220751,0.0,0.41540539264678955,0.03695099055767059,0.02952091209590435,0.0,0.020193522796034813,0.0,0.12090539187192917,0.01218491792678833,0.0,0.0,0.0,0.0,0.1603676676750183,0.1276794672012329,0.02823435142636299,0.0,0.018360506743192673,0.06370764225721359,0.0,0.0,0.00016886144294403493,0.05598951876163483,0.0,0.009067314676940441,0.006474645342677832,0.05530809983611107,0.0,0.21171624958515167,0.0,0.0,0.0,0.22230446338653564,0.0663415938615799,0.003307012375444174,0.029674844816327095,0.5873898863792419,0.0,0.02368588000535965,0.0,0.010105067864060402,0.0,0.0,0.0,0.0,0.27533724904060364,0.0,0.13906626403331757,0.007487120106816292,0.0,0.0,0.010334513150155544,0.0,0.010177010670304298,0.011468004435300827,0.0,0.23262256383895874,0.09015334397554398,0.0,0.0,0.007677289191633463,0.09724637866020203,0.007270028814673424,0.34761905670166016,0.0,0.0,0.0,0.07100101560354233,0.0,0.11476568132638931,0.11641883850097656,0.06618761271238327,0.1492030918598175,0.01954154670238495,0.013365673832595348,0.003032499458640814,0.023286741226911545,0.026430808007717133,0.01495849248021841,0.0,0.0,0.16282734274864197,0.0038419044576585293,0.04241839051246643,0.0,0.012215669266879559,0.07654494047164917,0.28440195322036743,0.0,0.04611995816230774,0.038951046764850616,0.052904266864061356,0.002559652319177985,0.0,0.0,0.061772096902132034,0.0,0.0,0.1317242980003357,0.04565080627799034,0.03476835787296295,0.0,0.026141924783587456,0.0,0.0,0.029503697529435158,0.12007594108581543,0.09873118251562119,0.0,0.1712873876094818,0.0,0.007016622927039862,0.0,0.005180251784622669,0.06464790552854538,0.32126566767692566,0.03243822231888771,0.13058875501155853,0.06259755790233612,0.0,0.0,0.003849663771688938,0.0,0.0,0.0,0.016812287271022797,0.0003589499101508409,0.0,0.03212921693921089,0.1620156466960907,0.0,0.006861891597509384,0.04225880652666092,0.0,0.0,0.2012975513935089,0.0,0.0,0.06488543748855591,0.02615685760974884,0.0,0.039888300001621246,0.0,0.2566896378993988,0.0,0.006702759303152561,0.5617692470550537,0.0,0.027088571339845657,0.005712665151804686,0.0,0.0,0.0,0.014704711735248566,0.028398694470524788,0.0,0.12004633247852325,0.00016872346168383956,0.0,0.0,0.0,0.016568459570407867,0.004792108666151762,0.0,0.034059152007102966,0.008271463215351105,0.006909447722136974,0.002229448640719056,0.0,0.31129956245422363,0.0,0.0,0.0,0.0,0.0,0.0,0.5722135901451111,0.05810154601931572,0.0047491611912846565,0.023000890389084816,0.08511240035295486,0.0,0.0,0.0,0.16736598312854767,0.0088141905143857,0.05821381136775017,0.004020333290100098,0.015733404085040092,0.008838038891553879,0.006177250295877457,0.16310983896255493,0.0,0.00892499927431345,0.0,0.07153163105249405,0.02786082774400711,0.1044129952788353,0.0031088662799447775,0.08971697092056274,0.037175584584474564,0.0,0.4688081741333008,0.0,0.0,0.07553984224796295,0.032376088201999664,0.09782398492097855,0.0,0.0025013876147568226,0.0,0.05989299714565277,0.11995913833379745,0.0,0.11621291935443878,0.028434650972485542,0.09178135544061661,0.0,0.02927343361079693,0.39398685097694397,0.0,0.16888046264648438,0.10016144067049026,0.16324514150619507,0.04694688320159912,0.038627784699201584,0.11224395781755447,0.09356983006000519,0.0340290404856205,0.19410745799541473,0.0,0.0,0.3747060298919678,0.0,0.0,0.036167312413454056,0.0,0.0,0.10211504995822906,0.010635805316269398,0.0,0.007118644658476114,0.0,0.0,0.0,0.2517227530479431,0.05451974272727966,0.0,0.0020093857310712337,0.0198409054428339,0.0,0.0005999451968818903,0.08874069899320602,0.0,0.0909665897488594,0.0,0.13859295845031738,0.0,0.018290529027581215,0.06484932452440262,0.0,0.03719346597790718,0.0,0.017517274245619774,0.16488544642925262,0.0,0.0871843621134758,0.01494596153497696,0.10521821677684784,0.0,0.11095328629016876,0.0480971485376358,0.0006605504313483834,0.0,0.22363287210464478,0.0,0.0,0.0,0.602680504322052,0.2025393545627594,0.0035319572780281305,0.029147634282708168,0.3160337507724762,0.0,0.0,0.0,0.24407917261123657,0.0,0.03467101231217384,0.0,0.0,0.0,0.00298754102550447,0.07323436439037323,0.010376441292464733,0.0,0.1354125440120697,0.04390772432088852,0.0,0.0,0.175464928150177,0.0,0.01460141222923994,0.021470215171575546,0.03120742365717888,0.03965586796402931,0.0217948816716671,0.021443843841552734,0.09713853895664215,0.0,0.010953559540212154,0.28019100427627563,0.0,0.0,0.005568772554397583,0.10126838833093643,0.08272020518779755,0.0,0.10156465321779251,0.0,0.0,0.3336516320705414,0.00972518790513277,0.0,0.04091421142220497,0.0,0.0,0.02374398149549961,0.43882298469543457,0.0,0.001952868071384728,0.29113438725471497,0.04652487859129906,0.03192436322569847,0.08875434100627899,0.0,0.059969816356897354,0.061364997178316116,0.0,0.0,0.0,0.046933867037296295,0.008188276551663876,0.0,0.0044073741883039474,0.04219843074679375,0.07885176688432693,0.004057139158248901,0.18800708651542664,0.0,0.028813134878873825,0.024901140481233597,0.0,0.21009697020053864,0.004641913343220949,0.009792648255825043,0.11267848312854767,0.012644304893910885,0.001535722054541111,0.0916241928935051,0.07430629432201385,0.0,0.005532356910407543,0.38511547446250916,0.07184998691082001,0.04446110129356384,0.0,0.066248320043087,0.1954173445701599,0.058239374309778214,0.08865612000226974,0.0,0.05742752179503441,0.004124222788959742,0.050803765654563904,0.028298497200012207,0.058886632323265076,0.36278292536735535,0.0,0.3565562069416046,0.0,0.0013317400589585304,0.014158309437334538,0.24248504638671875,0.1264408528804779,0.15143440663814545,0.10357091575860977,0.0,0.020298020914196968,0.014444954693317413,0.024247044697403908,0.0,0.026447387412190437,0.03002106584608555,0.0,0.0,0.0020407477859407663,0.0,0.13946250081062317,0.0,0.0,0.0980912521481514,0.042054664343595505,0.1773458868265152,0.0,0.0,0.0,0.0,0.0,0.0,0.4207350015640259,0.0,0.0032799700275063515,0.0,0.0,0.18468481302261353,0.0,0.0,0.0,0.09836813062429428,0.00613931892439723,0.018122807145118713,0.28041714429855347,0.2654895484447479,0.0,0.008682235144078732,0.004187898710370064,0.04954902082681656,0.0,0.0,0.0,0.0,0.04201274737715721,0.0,0.0,0.0,0.007191487587988377,0.02163158915936947,0.21349963545799255,0.11211362481117249,0.0,0.011400644667446613,0.0,0.0027304005343466997,0.0,0.372517853975296,0.02296842634677887,0.2657018005847931,0.0,0.05440911278128624,0.009088359773159027,0.002617022953927517,0.0,0.04357561469078064,0.0,0.010461471974849701,0.0014104677829891443,0.01147499680519104,0.021403560414910316,0.0,0.017983511090278625,0.0,0.06942425668239594,0.0,0.05294600874185562,0.03302231803536415,0.0,0.0,0.0,0.0,0.0,0.7868210673332214,0.27457013726234436,0.0,0.0,0.01980435661971569,0.0,0.05268130451440811,0.01779753714799881,0.07614347338676453,0.0,0.0,0.6539108157157898,0.0,0.0,0.0,0.0,0.0,0.0,0.0,0.0,0.0,0.0,0.0,0.4656585454940796,0.03790922462940216,0.0,0.07837994396686554,0.0,0.01709175854921341,0.0,0.0,0.0,0.0,0.011845448054373264,0.39059969782829285,0.012151484377682209,1.125421404838562,0.0,0.0020068001467734575,0.004667284432798624,0.0,0.0,0.027966536581516266,2.29290509223938,0.020473849028348923,0.0,0.0,0.03041914850473404,0.0,0.0,0.0,0.021230444312095642,0.00411985395476222,0.0,0.504054844379425,0.0,0.01811523735523224,0.03251320868730545,0.0,0.0,0.0,0.07070353627204895,0.30872511863708496,0.02997431717813015,0.0,0.16542701423168182,0.0,0.0,0.0,0.0,0.0,0.06570441275835037,0.0,0.014097200706601143,0.0005014300113543868,0.0,0.19674551486968994,0.008958043530583382,0.0,0.05196164920926094,0.5332829356193542,0.0,0.018962576985359192,0.1405968815088272,0.0,0.03135191276669502,0.0,0.011056534945964813,0.0,0.0316808819770813,0.0,0.0,0.0,0.0,0.0,0.009038172662258148,0.0,0.05400821566581726,0.039218056946992874,0.9049338698387146,0.0,0.04030153155326843,0.0006832993240095675,0.013196330517530441,0.04156947135925293,0.0,0.046672653406858444,0.0,0.0,0.5569821000099182,0.0,0.03250650316476822,0.0,0.0,0.0,0.0,0.035048991441726685,0.004899878520518541,0.0,0.0,0.0,0.0,0.0,6.72750174999237e-05,0.007076240610331297,0.0,0.0,0.0052528963424265385,0.0,0.0024748153518885374,0.21476073563098907,0.0004544901894405484,0.04433272406458855,0.0,0.0,0.0,0.014930658042430878,0.0,0.05517144501209259,0.0,0.0005909705068916082,0.030912570655345917,0.006787644699215889,0.024579377844929695,0.0,0.018693022429943085,0.10436739772558212,0.0,0.049675554037094116,0.01508742943406105,0.0,0.02133396454155445,0.0,0.019512927159667015,0.0,0.03764529153704643,0.0,0.0,0.0,0.026824599131941795,0.0,0.0,0.0,0.06489307433366776,0.0,0.002737188246101141,0.2737797498703003,0.0838538333773613,0.0,0.008832004852592945,0.0,0.0013782083988189697,0.002488506492227316,0.0,0.010480332188308239,0.11030825972557068,0.012726417742669582,0.0,0.015594609081745148,0.0,0.03710838779807091,0.0,0.0,0.0,0.0766085609793663,0.18020842969417572,0.030953101813793182,0.0,0.015122033655643463,0.11451825499534607,0.015085983090102673,0.0,0.0,0.29625213146209717,0.07447472214698792,0.07716087996959686,0.01672833226621151,0.0,0.0,0.9471182823181152,0.4685722291469574,0.0867874026298523,0.0,0.0,0.0,0.0,0.0,0.030323896557092667,0.0017442405223846436,0.544471800327301,0.008468822576105595,0.10782632231712341,0.0,0.0,0.0,0.013308864086866379,0.05717264488339424,0.0,0.0014084934955462813,0.07957175374031067,0.11581100523471832,0.0,0.0,0.22591646015644073,0.012695654295384884,0.48150143027305603,0.05773134529590607,0.009927942417562008,0.20777755975723267,0.04132594168186188,0.04441672936081886,0.0,0.34843313694000244,0.014692072756588459,0.0,0.0005790293216705322,0.005289730615913868,0.0,0.0,0.1747235804796219,0.0,0.0,0.22861894965171814,0.027709759771823883,0.0,0.0,0.021513042971491814,0.022015197202563286,0.0,0.0015954318223521113,0.0,0.0,0.1041274443268776,0.0,0.0,0.0,0.07305870205163956,0.006514975801110268,0.0,0.002314872806891799,0.0,0.0,0.0,0.0,0.002272367477416992,0.12826944887638092,0.01142912171781063,0.0,0.0048478166572749615,0.0,0.16148309409618378,0.0,0.0,0.0,0.0,0.062077976763248444,0.043784163892269135,0.0,0.0,0.0,0.0,0.0,0.0,0.0,0.005609993357211351,0.0,0.0,0.0,0.01875450648367405,0.0,0.011544018983840942,0.0,0.07533764839172363,0.01340925320982933,0.011221697553992271,0.003112669102847576,0.06475328654050827,0.0,0.042386237531900406,0.0,0.09180054813623428,0.001634589396417141,0.02656596712768078,0.04782867804169655,0.10255115479230881,0.0,0.0035409522242844105,0.0,0.005611778702586889,0.01271742582321167,0.23642101883888245,0.0220129806548357,0.011685029603540897,0.0,0.01544274017214775,0.05344831570982933,0.04912453144788742,0.0,0.01412988267838955,0.0,0.0,0.05777483806014061,0.12344394624233246,0.0030397754162549973,0.013315306976437569,0.0,0.03161491081118584,0.010291177779436111,0.068112812936306,0.0469384528696537,0.0,0.0,0.12969768047332764,0.12319476157426834,0.008726968429982662,0.0,0.0,0.012633264996111393,0.0,0.6012824773788452,0.011575075797736645,0.012044084258377552,0.0,0.15876784920692444,0.068891741335392,0.07725077122449875,0.0,0.08610191196203232,0.0,0.0,0.20839986205101013,0.1830800622701645,0.0,0.0838870257139206,0.0,0.7407005429267883,0.0,0.009238459169864655,0.006552602164447308,0.011282498948276043,0.0004762554308399558,0.01562514342367649,0.0,0.0,0.03684268891811371,0.0074768816120922565,0.18644647300243378,0.0,0.0844782367348671,0.0,0.0013504194794222713,0.004621466621756554,0.10398216545581818,0.14078070223331451,0.0,0.01814071461558342,0.16242891550064087,0.0,0.059961628168821335,0.0030827189330011606,0.0,0.0,0.10366310924291611,0.05017855763435364,0.0,0.0,0.026975112035870552,0.22218969464302063,0.02562006562948227,0.0,0.003762682667002082,0.046231746673583984,0.15418949723243713,0.0053367759101092815,0.004665940534323454,0.0,0.017757877707481384,0.0,0.01038859598338604,0.012345745228230953,0.1501702070236206,0.0003223085368517786,0.07987668365240097,0.0035212968941777945,0.06946685165166855,0.598218560218811,0.08531753718852997,0.04739763215184212,0.008478322997689247,0.0840151384472847,0.022768719121813774,0.0,0.0,0.0037731290794909,0.02462931163609028,0.033364199101924896,0.06063133105635643,0.0,0.023820774629712105,0.002834268845617771,0.4215395748615265,0.12770980596542358,0.0,0.044400520622730255,0.0,0.20411163568496704,0.34824028611183167,0.045966681092977524,0.030233465135097504,0.583727240562439,0.01607770472764969,0.6188678741455078,0.09914886206388474,0.01254042237997055,0.0,0.0,0.07908011972904205,0.0,0.05576271563768387,0.0,0.00011441707465564832,0.022213120013475418,0.0,0.042429953813552856,1.3646140098571777,0.18446515500545502,0.024823110550642014,0.0,0.07400280237197876,0.0,0.048105183988809586,0.01710306666791439,0.0026424932293593884,0.0,0.4050932228565216,0.04652704298496246,0.03231504559516907,0.021914087235927582,0.0,0.0,0.051965683698654175,0.0,0.10685456544160843,0.0654444620013237,0.0,0.18283283710479736,0.011965696699917316,0.03111296147108078,0.0,0.010987174697220325,0.0036166072823107243,0.0,0.6449160575866699,0.2956935167312622,0.0006941700121387839,0.05637777969241142,0.1810028851032257,0.04432418942451477,0.168450266122818,0.0,0.030779248103499413,0.008793137036263943,0.0012050628429278731,0.0,0.0,0.014173721894621849,0.0,0.0586540587246418,0.0,0.10441663861274719,0.18843908607959747,0.023065662011504173,0.0,0.055447448045015335,0.03171458840370178,0.0365581214427948,0.18634818494319916,0.008194975554943085,0.0,0.12735554575920105,0.0,0.01838163286447525,0.061344098299741745,0.0,0.049641016870737076,0.0,0.0,0.0042908405885100365,0.41039231419563293,0.0,0.07430469989776611,0.01689314842224121,0.0,0.0,0.0,0.026122376322746277,0.0,0.0009574341820552945,0.02513931319117546,0.01739666610956192,0.003296949900686741,0.0,0.019618652760982513,0.0,0.7743948101997375,0.10690321028232574,0.013470854610204697,0.22845648229122162,0.09338691830635071,0.01011078804731369,0.0037944603245705366,0.0,0.01917921006679535,0.0,0.022483516484498978,0.06891240179538727,0.0013969865394756198,0.009323425590991974,0.0,0.0,0.0,0.021321091800928116,0.0,0.09661947190761566,0.04309503734111786,0.027193091809749603,0.02316286601126194,0.13396717607975006,0.07069572061300278,0.006673213094472885,0.09795855730772018,0.0444277822971344,0.0017855203477665782,0.10544837266206741,0.0,0.0,0.0,0.038593824952840805,0.013772347941994667,0.006160798016935587,0.1351405382156372,0.27416375279426575,0.0,0.0,0.0,0.04263471066951752,0.0,0.0,0.05004662647843361,0.00962844118475914,0.00047696830006316304,0.048733100295066833,0.015450962819159031,0.005438441410660744,0.022799689322710037,0.0,0.0,0.005357639864087105,0.0,0.03875018656253815,0.1803184300661087,0.0011905980063602328,0.4497714340686798,0.027246695011854172,0.03743940591812134,0.24994105100631714,0.0,0.026222048327326775,0.0,0.0,0.0015229928540065885,0.0015702474629506469,0.17640647292137146,0.46088534593582153,0.0,0.012488326989114285,0.0,0.0,0.009674937464296818,0.0,0.0015931295929476619,0.0,0.0,0.5043306946754456,0.0,0.012090354226529598,0.0,0.0,0.18803951144218445,0.008287705481052399,0.0,0.0,0.0,0.17525817453861237,0.013342659920454025,0.05424626171588898,0.0013814878184348345,0.0,0.008564676158130169,0.01762879081070423,0.0,0.0,0.05877566337585449,0.00751098059117794,0.031154898926615715,0.02135501801967621,0.0,0.0,0.04167288914322853,0.0,0.023804910480976105,0.0,0.0,0.024467885494232178,0.07404439151287079,0.08303334563970566,0.0016589653678238392,0.041265323758125305,0.10187976807355881,0.04702340066432953,0.0,0.047142915427684784,0.6409303545951843,0.001289607840590179,0.26883140206336975,0.04896356910467148,0.1316918432712555,0.032856784760951996,0.33015620708465576,0.0,0.007450232282280922,0.0,0.06084199994802475,0.005415558815002441,0.0055585382506251335,0.0,0.024463141337037086,0.0,0.03561718761920929,0.0018707680283114314,0.07777465134859085,0.011653128080070019,0.3990853428840637,0.02542135678231716,0.06543858349323273,0.0,0.00031558037153445184,0.053960561752319336,0.0015110969543457031,0.07015443593263626,0.02032475173473358,0.0,0.006031941156834364,0.02761467918753624,0.0,0.012270847335457802,0.05800313502550125,0.017236918210983276,0.00768031133338809,0.006981942802667618,0.024606915190815926,0.012802403420209885,0.01928524114191532,0.0,0.0,0.0,0.06547404080629349,0.07155917584896088,0.7662405967712402,0.0,0.0,0.0,0.0,0.0,0.056195106357336044,0.0,0.0,0.0,0.0,0.0,0.0028155476320534945,0.17378678917884827,0.0,0.0038099323865026236,0.22641216218471527,0.012393767014145851,0.26758769154548645,0.041481632739305496,0.11926813423633575,0.0,0.1489844173192978,0.0,0.0,0.004993821494281292,0.024067102000117302,0.002571461256593466,0.0,0.33436787128448486,0.0,0.0,0.11510467529296875,0.0,0.0,0.0,0.0,0.0026497007347643375,0.0,0.008830439299345016,0.04174487292766571,0.013672097586095333,0.0,0.0,0.01364640798419714,0.015705935657024384,0.0,0.0,0.17050586640834808,0.011066412553191185,0.07629088312387466,0.05766116455197334,0.0,0.05198182165622711,0.0,0.0,0.0,0.17557674646377563,0.0,0.0,0.03312672674655914,0.0,0.005639321636408567,0.0,0.0,0.0368032343685627,0.0,0.0,0.0,0.0,0.0,0.0,0.004070765804499388,0.009310408495366573,0.018493587151169777,0.5475525856018066,0.0,0.006670841947197914,0.00825598742812872,0.0,0.0,0.27506211400032043,0.0,0.10590707510709763,0.34092769026756287,0.0015241631772369146,0.0,0.005601121578365564,0.0,0.0007105839322321117,0.0,0.0,0.43639329075813293,0.0,0.0,0.0,0.0,0.0,0.3940476179122925,0.10486982017755508,0.0,0.0,0.0027563762851059437,0.09099017828702927,0.3460182845592499,0.0,0.0,0.024694180116057396,0.0,0.0,0.0,0.0,0.0,0.01738271676003933,0.0,0.0,0.0,0.0,0.3197082579135895,0.0,0.030680708587169647,0.031349025666713715,0.008673830889165401,0.0,0.21632519364356995,0.04172922670841217,0.0,0.13295426964759827,0.0003234994364902377,0.0013509702403098345,0.0,0.0015986013459041715,0.05045907199382782,0.0,0.0,0.038393136113882065,0.0,0.027303777635097504,0.019355615600943565,0.019134370610117912,0.0,0.008231141604483128,0.00437687523663044,0.12207512557506561,0.010679859668016434,0.011225614696741104,0.006709604058414698,0.0,0.039307206869125366,0.04124714806675911,0.03370766341686249,0.03957618027925491,0.0,0.0,0.004313630983233452,0.06256261467933655,0.001250794972293079,0.0,0.015156395733356476,0.0,0.00859756674617529,0.0,0.0,0.0,0.0,0.004983376245945692,0.009954824112355709,0.018618538975715637,0.0,0.0,0.06389353424310684,0.08757711201906204,0.06541223078966141,0.008556288667023182,0.05251949653029442,0.0,0.0,0.0,0.2773231565952301,0.0,0.05630051717162132,0.03472757339477539,0.010327544063329697,0.0,0.32037684321403503,0.0047716544941067696,0.036616552621126175,0.0018608939135447145
0.0,0.011525050736963749,0.33649909496307373,0.004016644787043333,0.0,0.0,0.020928068086504936,0.022466694936156273,0.007940356619656086,0.0960133820772171,0.006505570374429226,0.0694916844367981,0.02724863961338997,0.2893761694431305,0.09604160487651825,0.15787529945373535,0.0024035966489464045,0.02698485553264618,0.0,0.2355043739080429,0.06429946422576904,0.0,0.03427372872829437,0.19328497350215912,0.04042293131351471,0.113306924700737,0.0,0.0,0.0,0.0023236775305122137,0.42194798588752747,0.0984838679432869,0.006047909148037434,0.0,0.1929488182067871,0.1950995773077011,0.0018894458189606667,0.04102226719260216,0.0,0.10184329748153687,0.3253457546234131,0.006587963085621595,0.0049435533583164215,0.1073647290468216,0.4845516085624695,0.023314977064728737,0.04385078325867653,0.0,0.2616324722766876,0.0,0.0,0.17129027843475342,0.0,0.15660052001476288,0.03746837005019188,0.0,0.0,0.0,0.10601615905761719,0.010999266989529133,0.021689310669898987,0.4206541180610657,0.06934264302253723,0.0,0.010808339342474937,0.3109228312969208,0.12685582041740417,0.014850144274532795,0.04075413569808006,0.005861830897629261,0.29782405495643616,0.0,0.014557442627847195,0.1427854746580124,0.0,0.08730296790599823,0.42962947487831116,0.0,0.1648578643798828,0.4136660099029541,0.0,0.09460172802209854,0.0,0.08129183948040009,0.01214476116001606,0.29208219051361084,0.04242327809333801,0.0,0.0,0.031709857285022736,0.023271635174751282,0.008768214844167233,0.19318987429141998,0.5774177312850952,0.0,0.13769027590751648,0.046413324773311615,0.0,0.0,0.0009111517574638128,0.018832240253686905,0.035236917436122894,0.1412280797958374,0.019204622134566307,0.06315334886312485,0.008555679582059383,0.023861350491642952,0.0,0.006284408736974001,0.0038593888748437166,0.03320705518126488,0.02347024902701378,0.0,0.13333667814731598,0.013484924100339413,0.36397525668144226,0.0,0.08492711931467056,0.0,0.1656057983636856,0.013107428327202797,0.002228176686912775,0.3657189905643463,0.05034441500902176,0.007634914014488459,0.0,0.24293376505374908,0.03662592172622681,0.11420205980539322,7.465601083822548e-05,0.11180754005908966,0.0,0.06115228682756424,0.005294883158057928,0.059147659689188004,0.08246764540672302,0.012008151970803738,0.0,0.0,0.0011726117227226496,0.122339628636837,0.039467137306928635,0.0,0.029626546427607536,0.2119085192680359,0.0,0.014989562332630157,0.2831021547317505,0.024370931088924408,0.05866478756070137,0.027055134996771812,0.0,0.043936002999544144,0.06917599588632584,0.0,0.02330530621111393,0.00879171583801508,0.0281841903924942,0.15124239027500153,0.09916598349809647,0.0,0.015618921257555485,0.02738720364868641,0.406991571187973,0.09765484184026718,0.0,0.2734268605709076,0.002691113855689764,0.134546160697937,0.4024556279182434,0.12680114805698395,0.033507294952869415,0.054795488715171814,0.22777774930000305,0.047558773308992386,0.03315321356058121,0.5589780211448669,0.0024480284191668034,0.0,0.33837512135505676,0.0,0.006640806328505278,0.037830282002687454,0.03144542872905731,0.02269158512353897,0.29136574268341064,0.1996859759092331,0.06577944755554199,0.057140037417411804,0.29781875014305115,0.029968732967972755,0.09109977632761002,0.0,8.387565685552545e-06,0.01867644116282463,0.02180442027747631,0.029001612216234207,0.009569773450493813,0.29000425338745117,0.001102342619560659,0.15668661892414093,0.022315315902233124,0.0,0.18512314558029175,0.006333210505545139,0.008689174428582191,0.05046110600233078,0.027427392080426216,0.05588168650865555,0.16805681586265564,0.15573565661907196,0.0008865881245583296,0.24491924047470093,0.0,0.017290668562054634,0.011492295190691948,0.02886492758989334,0.026646995916962624,0.0,0.021955905482172966,0.07151676714420319,0.020833900198340416,0.1900905817747116,0.17096108198165894,0.004677400458604097,0.19056591391563416,0.008126425556838512,0.006010617129504681,0.10730281472206116,0.10352901369333267,0.12689842283725739,0.0,0.18091990053653717,0.05768410861492157,0.15113531053066254,0.2576937675476074,0.026035360991954803,0.08016347140073776,0.03330112621188164,0.01431509479880333,0.0,0.07366959750652313,0.01575489714741707,0.0,0.10669028013944626,0.03735622391104698,0.030890440568327904,0.0417250357568264,0.0,0.018579842522740364,0.03631442412734032,0.0018504661275073886,0.008005733601748943,0.010126817040145397,0.0,0.05838055536150932,0.0,0.050835102796554565,0.04638240858912468,0.4298863112926483,0.0017808293923735619,0.0104784294962883,0.02496500499546528,0.0,0.11415456980466843,0.04879129305481911,0.0744163766503334,0.07106959074735641,0.0,0.02281831204891205,0.08663927018642426,0.012059321627020836,0.0013670254265889525,0.14442574977874756,0.0831509381532669,0.0,0.046389140188694,0.019172554835677147,0.15351824462413788,0.2135283648967743,0.011804056353867054,0.0,0.01989545114338398,0.16076423227787018,0.03437316417694092,0.6165508031845093,0.0,0.0,0.20242570340633392,0.021493397653102875,0.15765707194805145,0.0837978720664978,0.06684155762195587,0.0005255133146420121,0.05173732712864876,0.029374511912465096,0.1830914318561554,0.0,0.29458245635032654,0.0,0.015880217775702477,0.03270753473043442,0.18331962823867798,0.09314590692520142,0.16248416900634766,0.010758881457149982,0.0,0.02214839868247509,0.0,0.0,0.0011159718269482255,0.15485526621341705,0.025555897504091263,0.1859343945980072,0.023602675646543503,0.3807077705860138,0.03823332488536835,0.008146421983838081,0.16775377094745636,0.025298435240983963,0.0,0.061058707535266876,0.0,0.0,0.73626309633255,0.0,0.0,0.010756202042102814,0.0,0.0,0.0,0.055977191776037216,0.0,0.0,0.0,0.0,0.0,0.0,0.015892066061496735,0.07987215369939804,0.06440811604261398,0.0004638516984414309,0.0,0.0,0.0,0.0,0.0,0.0,0.0,0.0,0.21351264417171478,0.0,0.1334223598241806,0.0536172054708004,0.3615661859512329,0.0,0.0,0.0,0.08464574813842773,0.004713553003966808,0.005971877370029688,0.0,0.0,0.0,0.0,0.0,0.11263022571802139,0.07296007871627808,0.00350608816370368,0.0,0.5605626702308655,0.0,0.0,0.01948765106499195,0.006034658756107092,0.0001391817640978843,0.0008466232102364302,0.003458977909758687,0.0003606782993301749,0.10901620984077454,0.07781221717596054,0.0,0.0,0.0035042567178606987,0.014715692959725857,0.0,0.0,0.04431837052106857,0.0,0.0,0.21345050632953644,0.0,0.0,0.0,0.0,0.0,0.11992807686328888,0.0,0.07379147410392761,0.02397480420768261,0.0,0.016622507944703102,0.0,0.0,0.005328768398612738,0.0,0.019698312506079674,0.0,0.0,0.03324805200099945,0.0,0.0,0.0,0.0,0.0030956005211919546,0.0,0.0,0.0,0.0,0.0,0.020559554919600487,0.0,0.07871919125318527,0.0,0.0049740527756512165,0.11768794804811478,0.013249790295958519,0.006108113098889589,0.0069604068994522095,0.1565360724925995,0.0,0.0019264573929831386,0.0,0.09375667572021484,0.0,0.0,0.0035381377674639225,0.017279576510190964,0.011492040008306503,0.0,0.0,0.0,0.003877381095662713,0.004715434275567532,0.0,0.0,0.07322371751070023,0.0,0.013087153434753418,0.02958238683640957,0.02309073694050312,0.0,0.0,0.04570391774177551,0.0,0.008363694883883,0.0,0.0,0.026297543197870255,0.0,0.004855606704950333,0.2506383955478668,0.0,0.0,0.0572015680372715,0.23335982859134674,0.045952919870615005,0.0,0.0011288626119494438,0.01849018782377243,0.0,0.0,0.01674429513514042,0.0,0.022343365475535393,0.0,0.0,0.027472760528326035,0.018214931711554527,0.0,0.0,0.0,0.1637803018093109,0.0023357165046036243,0.04809252917766571,0.18867620825767517,0.009335401467978954,0.0,0.0,0.0,0.03189356252551079,0.0,0.0,0.0,0.0,0.0,0.0,0.030773034319281578,0.04861041158437729,0.0,0.0012184667866677046,0.0,0.022822832688689232,0.03967045620083809,0.021471714600920677,0.0,0.0,0.0,0.19183211028575897,0.01311769150197506,0.04572940990328789,0.010651362128555775,0.0,0.0,0.0,0.007576317060738802,0.17935219407081604,0.04075312614440918,0.001248327549546957,0.009444816038012505,0.0,0.0,0.4451734125614166,0.0,0.0,0.0,0.0,0.0,0.0,0.019061455503106117,0.03637012466788292,0.0,0.0,0.0,0.0,0.13927312195301056,0.0,0.0,0.0,0.0369228757917881,0.008389723487198353,0.0993545800447464,0.0,0.08077526092529297,0.0,0.0,0.021365003660321236,0.0,0.017006199806928635,0.0,0.002207002602517605,0.058888502418994904,0.005002745892852545,0.21409402787685394,0.0,0.006607990246266127,0.0,0.0,0.032262884080410004,0.0,0.00014274954446591437,0.07365982234477997,0.08974704146385193,0.0,0.24461078643798828,0.05630166828632355,0.0,0.0,0.040118999779224396,0.2540488541126251,0.0,0.030598530545830727,0.08044160902500153,0.0,0.0,0.01378390658646822,0.012585754506289959,0.0,0.0,0.018736306577920914,0.1489523947238922,0.0,0.05100058391690254,0.0,0.19223234057426453,0.024821287021040916,0.09245668351650238,0.04219731688499451,0.0,0.0,0.0,0.0,0.0038614082150161266,0.0,0.005799834616482258,0.18198706209659576,0.004074544180184603,0.014139330014586449,0.0,0.0,0.0,0.0,0.0,0.015177810564637184,0.0,0.0,0.0,0.5146798491477966,0.00907075498253107,0.03797924146056175,0.0,0.10713889449834824,0.0001117354622692801,0.0,0.008492749184370041,0.039554473012685776,0.031482305377721786,0.04497407004237175,0.0,0.0,0.00589689752086997,0.0,0.0,0.0051567270420491695,0.016500448808073997,0.0006393413059413433,0.0,0.007042762823402882,0.0,0.0504276379942894,0.052982233464717865,0.004034725017845631,0.0,0.0,0.0,0.0,0.0,0.004494938999414444,0.0,0.0,0.0,0.0,0.11872117966413498,0.02506924420595169,0.0,0.0,0.0,0.0,0.039146751165390015,0.0,0.0,0.01193203218281269,0.0,0.0,0.014515289105474949,0.0,0.0,0.10473135113716125,0.0034240949898958206,0.10481984168291092,0.013897061347961426,0.0,0.2231890708208084,0.0064211515709757805,0.13439391553401947,0.015783488750457764,0.0,0.16832153499126434,0.0,0.04349555820226669,0.07011038810014725,0.0,0.032510705292224884,0.002246416173875332,0.0,0.0,0.0,0.0,0.0,0.012377372942864895,0.0,0.06530248373746872,0.0,0.0,0.0,0.0864316076040268,0.007048544939607382,0.0,0.0,0.0,0.006526078097522259,0.11164066940546036,0.015933101996779442,0.019602233543992043,0.0649707242846489,0.021928463131189346,0.0,0.0,0.00174351513851434,0.029679009690880775,0.0,0.0,0.34141066670417786,0.058344993740320206,0.01757388561964035,0.0,0.012345099821686745,0.0,0.13823288679122925,0.008750989101827145,0.0,0.00252543855458498,0.0031204104889184237,0.007260165177285671,0.17960433661937714,0.13695988059043884,0.03082045540213585,0.0,0.009023550897836685,0.06750303506851196,0.003211845178157091,0.0,0.00013014480646234006,0.08142013847827911,8.271813567262143e-05,0.04659157246351242,0.0,0.07165162265300751,0.0,0.19638560712337494,0.0,0.0,0.0,0.24811242520809174,0.06338381767272949,7.533550524385646e-05,0.0,0.5820173621177673,0.0,0.03236769139766693,0.0,0.0057298303581774235,0.0,0.0,0.0,0.003210613736882806,0.250161349773407,0.0,0.11210177093744278,0.0005312905996106565,0.0,0.009825792163610458,0.01280931569635868,0.0,0.0030395924113690853,0.006359532009810209,0.0,0.2715388834476471,0.11134372651576996,0.0,0.0,0.005639389622956514,0.08400372415781021,0.0,0.416810542345047,0.0,0.0,0.0,0.0328965000808239,0.0,0.11360378563404083,0.07141579687595367,0.0628942996263504,0.15047743916511536,0.02015738934278488,0.01264285296201706,0.006227037403732538,0.022886617109179497,0.04082611948251724,0.004946367349475622,0.0,0.0,0.2255048155784607,0.010914819315075874,0.03083435818552971,0.0,0.007334062829613686,0.10887667536735535,0.23987048864364624,0.0,0.03555945307016373,0.06456674635410309,0.06506075710058212,0.005926413461565971,0.0,0.0,0.05103112757205963,0.0,0.0,0.14122150838375092,0.027158208191394806,0.005301251541823149,0.0,0.025013718754053116,0.0,0.0,0.03488354757428169,0.10649199783802032,0.05844062194228172,0.0,0.19859977066516876,0.0,0.0,0.0,0.0109222661703825,0.0683162659406662,0.257102370262146,0.02165965363383293,0.08266621828079224,0.049544401466846466,0.0,0.0,0.0,0.0,0.0,0.0012480068253353238,0.016771335154771805,0.0037241028621792793,0.0,0.025781894102692604,0.1044604703783989,0.0,0.0,0.032297130674123764,0.013329441659152508,0.0,0.2549964189529419,0.0,0.005819065496325493,0.03607220947742462,0.045156218111515045,0.0,0.020115641877055168,0.0069896685890853405,0.2740733027458191,0.0,0.04058670997619629,0.6087592244148254,0.0,0.04408852756023407,0.00777188315987587,0.0,0.0,0.0,0.002542936708778143,0.026070494204759598,0.0,0.14026279747486115,0.004410171881318092,0.0,0.0,0.0,0.020182287320494652,0.00014842509699519724,0.0,0.01638788916170597,0.0,0.001231414033100009,0.0,0.0,0.3279010057449341,0.0,0.0,0.0,0.0,0.0,0.0,0.6232948303222656,0.0709703117609024,0.035939618945121765,0.03547142818570137,0.08406315743923187,0.0,0.0059990049339830875,0.0,0.20676349103450775,0.013831493444740772,0.06915140897035599,0.009423885494470596,0.014207947067916393,0.009744768030941486,0.006510080303996801,0.1808028221130371,0.0,0.020970191806554794,0.0,0.08260293304920197,0.05333470180630684,0.09104997664690018,0.007439872249960899,0.096761554479599,0.03945416957139969,0.0,0.47318214178085327,0.0,0.0,0.08291322737932205,0.024798352271318436,0.04719031974673271,0.0,0.005272820591926575,0.0,0.022253120318055153,0.12077838182449341,0.0,0.1429433673620224,0.015228896401822567,0.06812093406915665,0.0,0.04195983707904816,0.43952107429504395,0.02912846952676773,0.14531800150871277,0.10371119529008865,0.1640346646308899,0.04938327148556709,0.021652568131685257,0.1109430119395256,0.126214861869812,0.044865187257528305,0.19414106011390686,0.0,0.0,0.41569942235946655,0.005844650324434042,0.0,0.032643746584653854,0.0,0.0,0.09045688807964325,0.0,0.007138564717024565,0.00785875041037798,0.0019680189434438944,0.0,0.0,0.232574924826622,0.05235159024596214,0.0,0.0,0.01266277302056551,0.0,0.0,0.10439417511224747,0.0,0.06403478980064392,0.0,0.14581382274627686,0.0,0.012726062908768654,0.05660571902990341,0.0,0.04618113487958908,0.0011402053060010076,0.029773404821753502,0.09485272318124771,0.0,0.04219286888837814,0.02870713733136654,0.07454292476177216,0.0,0.10738509148359299,0.04643043875694275,0.0,0.0,0.18439823389053345,0.0,0.0,0.01030562911182642,0.5522770881652832,0.20386771857738495,0.0001887023390736431,0.01452572736889124,0.3399888277053833,0.0033947003539651632,0.0,0.0,0.22763018310070038,0.0,0.036541860550642014,0.0,0.0,0.0,0.0006829106714576483,0.07623106986284256,0.0,0.0,0.2135101705789566,0.02274327352643013,0.0,0.0,0.21212434768676758,0.0,0.0048911962658166885,0.027509326115250587,0.017066292464733124,0.06024074926972389,0.018000494688749313,0.015251592732965946,0.10824853926897049,0.0,0.005190176889300346,0.30141204595565796,0.0,0.0,0.06457553058862686,0.07139625400304794,0.09249091893434525,0.0,0.11096712201833725,0.0,0.0,0.3766264319419861,0.01125569362193346,0.0,0.029889322817325592,0.0,0.0,0.019475828856229782,0.4336150288581848,0.0,0.0069765327498316765,0.3107176423072815,0.03779367357492447,0.01602676324546337,0.09396106004714966,0.0,0.04517010599374771,0.013332742266356945,0.006946547422558069,0.0,0.0,0.06741136312484741,0.021655630320310593,0.0,0.0023991381749510765,0.06572794914245605,0.08190431445837021,0.006955043878406286,0.22094379365444183,0.0,0.025158638134598732,0.020945556461811066,0.0,0.2009280025959015,0.003639624221250415,0.013023758307099342,0.09553619474172592,0.0,0.0,0.15881280601024628,0.04501655697822571,0.0,0.008156108669936657,0.3668173849582672,0.07934773713350296,0.04039233550429344,0.0,0.07616594433784485,0.21754848957061768,0.058723386377096176,0.07039210200309753,0.0,0.10830822587013245,0.010895123705267906,0.04839582368731499,0.0371716283261776,0.08377820253372192,0.3639572262763977,0.0,0.346690833568573,0.0,0.0,0.006852269172668457,0.35554391145706177,0.11281926929950714,0.17175495624542236,0.1039646714925766,0.0,0.017382368445396423,0.018473397940397263,0.021893618628382683,0.0,0.03438496217131615,0.033018410205841064,0.0,0.0,0.002621174557134509,0.0,0.12763774394989014,0.0,0.0,0.09403669089078903,0.032477349042892456,0.1936858743429184,0.0,0.0,0.0062039983458817005,0.0,0.0,0.0,0.4793410897254944,0.0,0.0,0.0,0.0,0.18416859209537506,0.0,0.0,0.0,0.06121049448847771,0.0,0.015781473368406296,0.24171634018421173,0.22800451517105103,0.0,0.01379495020955801,0.015710828825831413,0.03732193261384964,0.0,0.0,0.0,0.0,0.02167380414903164,0.010467351414263248,0.0,0.0,0.006571995094418526,0.009332777932286263,0.16038119792938232,0.1347808986902237,0.0,0.0034836679697036743,0.0,0.0,0.0,0.4189574718475342,0.022191183641552925,0.28802603483200073,0.0,0.06835701316595078,0.005715998355299234,0.0019653344061225653,0.0,0.038255173712968826,0.0,0.012103833258152008,0.0,0.017457332462072372,0.009745175950229168,0.0,0.025043370202183723,0.0,0.06180395558476448,0.0,0.029818467795848846,0.021201830357313156,0.0,0.0,0.004202963784337044,0.0,0.0,0.796671450138092,0.3031390309333801,0.0,0.0,0.03881020471453667,0.0015943252947181463,0.05676007643342018,0.018830547109246254,0.09464426338672638,0.0,0.0,0.6314508318901062,0.0,0.0,0.0,0.004294097423553467,0.0,0.0,0.0,0.0007279110141098499,0.001309874001890421,0.0,0.0,0.3629472255706787,0.02333739958703518,0.0,0.046583451330661774,0.0,0.0,0.0,0.0,0.0,0.0,0.01007907185703516,0.2755318880081177,0.021461257711052895,0.9906559586524963,0.0,0.0,0.008132395334541798,0.0,0.0,0.013390855863690376,2.3102025985717773,0.037820879369974136,0.0,0.0,0.028229115530848503,0.0,0.0,0.0,0.02033103257417679,0.005221590865403414,0.0,0.5163873434066772,0.0,0.027672160416841507,0.03132474049925804,0.0,0.0,0.0,0.0519220307469368,0.2278788983821869,0.04712599888443947,0.0,0.13849110901355743,0.0,0.0,0.0,0.0,0.0,0.0579955019056797,0.016281990334391594,0.0221282746642828,0.0,0.0,0.21542799472808838,0.012137876823544502,0.0,0.06165870651602745,0.5470893383026123,0.0,0.024138016626238823,0.17661291360855103,0.0,0.022088294848799706,0.0,0.005156507715582848,0.0,0.03634374961256981,0.0,0.0,0.0031666243448853493,0.0,0.0,0.014747816137969494,0.0,0.1021202877163887,0.040077850222587585,0.8236820697784424,0.0,0.043417759239673615,0.0,0.008439836092293262,0.07728131860494614,0.0,0.03989224508404732,0.0,0.0,0.7135825157165527,0.0,0.018855605274438858,0.0,0.0,0.0,0.0,0.021345539018511772,0.01137368194758892,0.0,0.0042410907335579395,0.0,0.0,0.0,0.0,0.0,0.0,0.0,0.0007243122672662139,0.0,0.0,0.18945571780204773,0.0,0.07506707310676575,0.0,0.0,0.0,0.0071287862956523895,0.0,0.05721540376543999,0.0,0.0,0.07504886388778687,0.01520036906003952,0.06783396750688553,0.0,0.01753203570842743,0.1970721036195755,0.0,0.04245836287736893,0.015479288063943386,0.0,0.034152619540691376,0.0,0.02260814607143402,0.0,0.02939247526228428,0.0,0.0,0.0,0.03566489368677139,0.0,0.0,0.0,0.025804944336414337,0.0,0.0036971603985875845,0.2980535328388214,0.08789663016796112,0.0,0.01830514334142208,0.0,0.007742409594357014,2.4935602596087847e-06,0.0,0.010312502272427082,0.0951448604464531,0.026186490431427956,0.0,0.02927567809820175,0.0,0.0370834618806839,0.0030041378922760487,0.0,0.0,0.08389019966125488,0.18888215720653534,0.02515312284231186,0.0,0.001772693358361721,0.12651531398296356,0.004549737088382244,0.008926911279559135,0.0,0.2712768614292145,0.0931645855307579,0.12221214175224304,0.0026855063624680042,0.0,0.0,0.9917084574699402,0.43304169178009033,0.09531895816326141,0.0,0.0,0.0,0.0,0.0,0.023506417870521545,0.007310268934816122,0.5661681890487671,0.019686147570610046,0.138804093003273,0.0,0.0,0.0,0.007739098276942968,0.05253860354423523,0.0,0.0,0.0721760168671608,0.1659373641014099,0.0,0.0,0.2318093180656433,0.013488582335412502,0.46884068846702576,0.059937261044979095,0.013445300981402397,0.21226783096790314,0.02951994352042675,0.00974741019308567,0.0,0.37235450744628906,0.0180521123111248,0.0,0.003934143576771021,0.0,0.0,0.0,0.13929063081741333,0.0,0.002367139095440507,0.29145121574401855,0.015993036329746246,0.0,0.0,0.04146582633256912,0.0006833177758380771,0.0,0.00706443889066577,0.008134906180202961,0.0,0.1550154834985733,0.006018598098307848,0.0,0.0,0.02406640537083149,0.0074423314072191715,0.0,0.0038053751923143864,0.0,0.0,0.0,0.0,0.0,0.13618634641170502,0.007733545266091824,0.0,0.021081948652863503,0.0,0.17664802074432373,0.0,0.0,0.009185747243463993,0.0,0.06333592534065247,0.028231434524059296,0.0,0.0,0.0,0.0,0.0,0.0,0.0,0.008047460578382015,0.0,0.0,0.0,0.021186864003539085,0.0,0.003885167883709073,0.0,0.04362884536385536,0.01300619263201952,0.01979157328605652,0.0014091921038925648,0.03448713198304176,0.0,0.023675622418522835,0.0,0.16475339233875275,0.00629867147654295,0.05970652028918266,0.08273354172706604,0.11033201962709427,0.0,0.0,0.0,0.006731806788593531,0.000983830657787621,0.2198803722858429,0.034466031938791275,0.02215789258480072,0.0,0.03053143061697483,0.030441243201494217,0.03536536172032356,0.0,0.03911223262548447,0.0,0.0,0.055303316563367844,0.0962049663066864,0.002565893344581127,0.012554576620459557,0.0,0.031264547258615494,0.028393981978297234,0.06036404147744179,0.03302718698978424,0.0,0.0,0.09146711230278015,0.10609769821166992,0.021000035107135773,0.0,0.0,0.009447285905480385,0.0,0.584942638874054,0.01065208949148655,0.006576412823051214,0.0,0.15833069384098053,0.08848626166582108,0.09269420802593231,0.0,0.09146139770746231,0.0,0.0,0.20737722516059875,0.10943198204040527,0.0,0.08137615025043488,0.0,0.7708137035369873,0.0,0.004888149909675121,0.014449982903897762,0.021199777722358704,0.0,0.0009652471635490656,0.0,0.0,0.059085749089717865,0.002369118854403496,0.1856832057237625,0.0,0.1152627095580101,0.0,0.0,0.0,0.15949472784996033,0.1654832661151886,0.0,0.026784349232912064,0.17215824127197266,0.0028318632394075394,0.0268626157194376,0.005718586500734091,0.0,0.0,0.0946592167019844,0.04207850992679596,0.008492188528180122,0.0,0.01320565678179264,0.2024504691362381,0.007181323599070311,0.0,0.0,0.04360754042863846,0.13273374736309052,0.0,0.0016481238417327404,0.0,0.019531788304448128,0.0,0.012993781827390194,0.01298624835908413,0.13138538599014282,0.002843656577169895,0.05411701276898384,0.0,0.07932168245315552,0.5879128575325012,0.06593108177185059,0.07481703162193298,0.001481845392845571,0.09553821384906769,0.025282083079218864,0.0,0.0,0.005306210368871689,0.027944734320044518,0.014765355736017227,0.04695793241262436,0.009622630663216114,0.0324636846780777,0.00887224730104208,0.38433465361595154,0.13869652152061462,0.0,0.04776500537991524,0.0,0.16797122359275818,0.32747769355773926,0.035164013504981995,0.018608178943395615,0.5569701194763184,0.03224482387304306,0.69356369972229,0.11280227452516556,0.0012419200502336025,0.0,0.0,0.09861810505390167,0.0,0.06436661630868912,0.0,0.0007862257771193981,0.05181653052568436,0.0,0.0307929664850235,1.4203197956085205,0.20948907732963562,0.04246141016483307,0.0,0.07817842811346054,0.0,0.05111798644065857,0.028864610940217972,0.004058911930769682,0.0,0.36668670177459717,0.06298324465751648,0.033794909715652466,0.01869059167802334,0.0,0.0,0.07119511812925339,0.0,0.12933297455310822,0.06464642286300659,0.0,0.25317052006721497,0.010841291397809982,0.03382892906665802,0.0,0.0,0.0003140896442346275,0.0,0.6019855737686157,0.3155369460582733,0.0,0.06871602684259415,0.18001560866832733,0.01783817633986473,0.08417203277349472,0.008156521245837212,0.04635057970881462,0.013579879887402058,0.01395676750689745,0.0,0.0,0.027865739539265633,0.0,0.08527818322181702,0.0,0.10731098800897598,0.14421318471431732,0.0,0.0,0.05154799297451973,0.016743086278438568,0.03288353979587555,0.20174893736839294,0.0020059633534401655,0.0,0.12505236268043518,0.0,0.012402172200381756,0.07675889134407043,0.0027314997278153896,0.05633492395281792,0.0,0.0,0.0,0.4408472776412964,0.0,0.06052224338054657,0.01664266549050808,0.0,0.0,0.0,0.02239132858812809,0.0,0.0,0.018752433359622955,0.034757014364004135,0.01883353292942047,0.008562874980270863,0.025740761309862137,0.0,0.8189388513565063,0.0775819718837738,0.0,0.2546859681606293,0.07269924879074097,0.011174317449331284,0.0065892599523067474,0.0,0.015240068547427654,0.0,0.015863684937357903,0.059295717626810074,0.01369698066264391,0.0038052843883633614,0.0,0.0,0.0,0.008809395134449005,0.0,0.1102888286113739,0.05246144160628319,0.030827436596155167,0.023498253896832466,0.16354262828826904,0.10494552552700043,0.0019627618603408337,0.04474712535738945,0.029899807646870613,0.0,0.09506536275148392,0.0,0.00100155477412045,0.0,0.021304013207554817,0.021511174738407135,0.0,0.07488872855901718,0.2754215896129608,0.0,0.0,0.0,0.04207148030400276,0.0,0.0,0.058431223034858704,0.004558658692985773,0.0,0.08041558414697647,0.0213032029569149,0.0,0.010371524840593338,0.0,0.0,0.002533781575039029,0.0,0.025547141209244728,0.2335129976272583,0.0,0.45542430877685547,0.02600434236228466,0.00830635242164135,0.2268858551979065,0.0006410551141016185,0.013592313975095749,0.0,0.0,0.007204039022326469,0.001907626399770379,0.13210701942443848,0.47902703285217285,0.0,0.010714061558246613,0.0,0.0,0.009579604491591454,0.0,0.005756019148975611,0.0,0.0,0.49676331877708435,0.0,0.0,0.0,0.0,0.20943744480609894,0.006837442051619291,0.0,0.0,0.0,0.20554183423519135,0.011775946244597435,0.06769803166389465,0.005269479937851429,0.0,0.007773927412927151,0.020044293254613876,0.0,0.0,0.0707283765077591,0.03069867379963398,0.03604983165860176,0.008219098672270775,0.0,0.0,0.03480532020330429,0.0,0.026422707363963127,0.0,0.0,0.03615844249725342,0.060686226934194565,0.07849333435297012,0.0015552175464108586,0.016223890706896782,0.07107481360435486,0.08919085562229156,0.0,0.05436168983578682,0.5382279753684998,0.0,0.2596466541290283,0.056822676211595535,0.13327409327030182,0.010470161214470863,0.281794011592865,0.0,0.0,0.0,0.04979979991912842,0.020438192412257195,0.005543657578527927,0.0,0.028768464922904968,0.0,0.0329875610768795,0.01614074781537056,0.10830885171890259,0.0,0.3668907582759857,0.01546624768525362,0.05453035980463028,0.006152032408863306,0.014919411391019821,0.049918126314878464,0.00403914088383317,0.07323381304740906,0.02068309485912323,0.0,0.017284655943512917,0.038226980715990067,0.0,0.020742513239383698,0.05604474991559982,0.011557601392269135,0.0013093638699501753,0.005246009677648544,0.017384110018610954,0.012239589355885983,0.018056845292448997,0.0,0.0,0.0,0.08007893711328506,0.05838089436292648,0.7190617918968201,0.0,0.0,0.0,0.0,0.0,0.03852743282914162,0.0,0.0,0.0,0.0,0.0,0.010902493260800838,0.12289393693208694,0.0,0.005414200015366077,0.23505830764770508,0.04212718829512596,0.22752313315868378,0.017679329961538315,0.1114279255270958,0.0,0.15353743731975555,0.0,0.0,0.016651837155222893,0.0013259613187983632,0.0020006252452731133,0.0,0.31259799003601074,0.0,0.0,0.13439539074897766,0.0,0.0,0.0,0.0,0.0,0.0,0.0074972473084926605,0.04885082319378853,0.005199318751692772,0.0,0.0,0.01393519900739193,0.03262028098106384,0.0,0.0029660104773938656,0.13453176617622375,0.015038009732961655,0.044685378670692444,0.0913439393043518,0.0,0.04734679311513901,0.0,0.0,0.0,0.24166275560855865,0.0,0.0,0.012220646254718304,0.0,0.01901222951710224,0.0,0.0,0.03556442633271217,0.0,0.0,0.0006131243426352739,0.0,0.0,0.0,0.015800215303897858,0.008992603980004787,0.018034908920526505,0.5706807374954224,0.0,0.006648962385952473,0.0,0.0021198203321546316,0.0,0.1781415492296219,0.0,0.11177995800971985,0.34588736295700073,0.00104394624941051,0.0,0.016683414578437805,0.0,0.0004401674959808588,0.0,0.0,0.44246482849121094,0.0,0.0,0.010867202654480934,0.0,0.0,0.36422133445739746,0.09525806456804276,0.01385822519659996,0.004367990419268608,0.00529199605807662,0.13443729281425476,0.34305623173713684,0.0,0.0,0.03104148618876934,0.0,0.0,0.0,0.0,0.0,0.01900073140859604,0.0,0.0017841911176219583,0.0,0.0,0.2655391991138458,0.0,0.03658468648791313,0.0552656352519989,0.021534213796257973,0.0,0.24076442420482635,0.16523686051368713,0.0,0.09528598934412003,0.0,0.01785854808986187,0.0,0.0010544884717091918,0.05521721765398979,0.0,0.0,0.024917222559452057,0.0,0.025862958282232285,0.036548539996147156,0.01856793649494648,0.0,0.010194957256317139,0.0015689933206886053,0.09673722088336945,0.0019772446248680353,0.004386326298117638,0.0012637019390240312,0.0,0.07958157360553741,0.02170654386281967,0.0872746929526329,0.052343517541885376,0.0,0.0,0.0014319396577775478,0.0549745112657547,0.0,0.0,0.015675215050578117,0.0,0.007790856994688511,0.0,0.0,0.0,0.0,0.0038910149596631527,0.0036747001577168703,0.001064541400410235,0.0,0.0,0.08994340151548386,0.038272179663181305,0.032639339566230774,0.014110634103417397,0.03344025835394859,0.012390895746648312,0.0,0.0,0.369859516620636,0.0,0.07309488207101822,0.023112952709197998,0.0,0.005283141043037176,0.38173583149909973,0.006851737387478352,0.034206584095954895,0.0
0.0,0.0,0.32769832015037537,0.005000411067157984,0.0,0.0,0.0039250897243618965,0.015222420915961266,0.0,0.08246679604053497,0.0009621453355066478,0.04815317317843437,0.014363322407007217,0.26397180557250977,0.10220915079116821,0.16204065084457397,0.0007387506775557995,0.03731440380215645,0.0,0.24216188490390778,0.03124864585697651,0.0,0.02916283905506134,0.16782552003860474,0.05023645982146263,0.12340555340051651,0.0,0.0,0.0,0.0,0.43798530101776123,0.10538778454065323,0.0066465758718550205,0.0,0.2510055899620056,0.1756817102432251,0.01854018121957779,0.04078833758831024,0.0,0.08976087719202042,0.2605801522731781,0.0,0.004988100379705429,0.11729349195957184,0.4613844156265259,0.00891107227653265,0.04004340618848801,0.0,0.22920355200767517,0.0,0.0,0.19319628179073334,0.0,0.16787488758563995,0.02267761155962944,0.0,0.0,0.0,0.09190665930509567,0.01482691802084446,0.0037308037281036377,0.4116269052028656,0.09312443435192108,0.0,0.0,0.3716641962528229,0.10913261771202087,0.024282125756144524,0.06395736336708069,0.0,0.26043593883514404,0.01649564690887928,0.0,0.07950225472450256,0.009446229785680771,0.1538495123386383,0.39422038197517395,0.0018824994331225753,0.16267947852611542,0.36327633261680603,0.0,0.14624439179897308,0.0,0.10156664252281189,0.0014170289505273104,0.4038681089878082,0.043922506272792816,0.0,0.0,0.03993438184261322,0.02148551307618618,0.016483908519148827,0.22146007418632507,0.47591060400009155,0.0,0.15497741103172302,0.0461348257958889,0.0,0.0,0.0,0.023752272129058838,0.043466657400131226,0.16137844324111938,0.019239826127886772,0.12649570405483246,0.015459734946489334,0.02265448495745659,0.0,0.003970022313296795,0.002640314167365432,0.018431847915053368,0.022872891277074814,0.012612405233085155,0.1886911392211914,0.008829520083963871,0.49174031615257263,0.0,0.09594433009624481,0.0,0.1380397379398346,0.02994684875011444,0.007230660878121853,0.34879764914512634,0.0460754856467247,0.007967709563672543,0.002650706795975566,0.19819407165050507,0.03243555873632431,0.10711042582988739,0.001624014344997704,0.11228454858064651,0.0,0.0473310649394989,0.012839818373322487,0.050993651151657104,0.09265246987342834,0.002349948976188898,0.0,0.006659595295786858,0.0,0.12733745574951172,0.0419473834335804,0.0,0.013646210543811321,0.2060762345790863,0.0,0.012605659663677216,0.2911003828048706,0.0,0.051544852554798126,0.05034054443240166,0.0,0.07220317423343658,0.06290578097105026,0.0,0.019640140235424042,0.012329202145338058,0.034262873232364655,0.1283174753189087,0.0826503336429596,0.0014615136897191405,0.005368440877646208,0.027051324024796486,0.4076148569583893,0.10292690992355347,0.0,0.24916701018810272,0.0,0.12945811450481415,0.3828422427177429,0.14541783928871155,0.0811375305056572,0.07157270610332489,0.2085747867822647,0.04923349246382713,0.057596512138843536,0.517666757106781,0.011837218888103962,0.0,0.3348696231842041,0.0,0.0008426737622357905,0.038229938596487045,0.023669496178627014,0.012630832381546497,0.26459285616874695,0.21394728124141693,0.04494177922606468,0.08426162600517273,0.27795255184173584,0.04175705462694168,0.06382368505001068,0.0,0.0023538637906312943,0.011361603625118732,0.031247226521372795,0.01933847926557064,0.020131712779402733,0.29172375798225403,0.011798091232776642,0.15313033759593964,0.014315944164991379,0.0,0.16965782642364502,0.0026807403191924095,0.015995245426893234,0.04684282839298248,0.03340776264667511,0.05210239440202713,0.09403421729803085,0.14484573900699615,0.0004839062748942524,0.18688301742076874,0.0,0.00676368223503232,0.027002431452274323,0.0685320794582367,0.0603003166615963,0.0,0.01670171692967415,0.053701892495155334,0.0,0.1761476695537567,0.17154797911643982,0.0,0.20814365148544312,0.017541036009788513,0.009943858720362186,0.10999144613742828,0.136779323220253,0.15580086410045624,0.0,0.19412721693515778,0.04642203450202942,0.09943269938230515,0.29447224736213684,0.015464697033166885,0.09915110468864441,0.03915959596633911,0.0,0.001087749027647078,0.0889509990811348,0.07881864905357361,0.0,0.08874255418777466,0.04624663665890694,0.018767910078167915,0.043527983129024506,0.0,0.0,0.019474713131785393,0.0019339477876201272,0.004385714419186115,0.007114739622920752,0.005903890356421471,0.08069752901792526,0.0,0.07091286778450012,0.06248817592859268,0.44874832034111023,0.0,0.046396154910326004,0.029063787311315536,0.0,0.13890118896961212,0.039897069334983826,0.06281937658786774,0.12986721098423004,0.0,0.01981448195874691,0.08956874161958694,0.006275799125432968,0.0,0.12707412242889404,0.0401553139090538,0.0,0.05873475223779678,0.021555176004767418,0.15337325632572174,0.21355941891670227,0.006793415639549494,0.0,0.023681234568357468,0.1618734747171402,0.03001219779253006,0.6390835046768188,0.0,0.0,0.16878515481948853,0.05428113788366318,0.16713739931583405,0.10418619215488434,0.057335030287504196,0.0,0.07863438874483109,0.033567797392606735,0.18478259444236755,0.0,0.28298088908195496,0.0,0.018112080171704292,0.03342098370194435,0.1982584148645401,0.1476631760597229,0.1398877650499344,0.0007369804661720991,0.01360541582107544,0.02669522538781166,0.0,0.0,0.00010396599827799946,0.18560457229614258,0.04165370389819145,0.17380160093307495,0.07063449174165726,0.30572548508644104,0.022866010665893555,0.0016405009664595127,0.1554768979549408,0.04944257438182831,0.0,0.03198038414120674,0.0,0.0,0.6608427166938782,0.0,0.0,0.043793000280857086,0.0,0.0,0.0,0.05395042523741722,0.0,0.0,0.007930505089461803,0.0,0.0,0.0,0.003941365052014589,0.08263242989778519,0.09666866064071655,0.002094539348036051,0.0,0.0,0.0,0.0,0.0,0.0,0.0,0.0,0.16405189037322998,0.0,0.0858733281493187,0.06604820489883423,0.27286192774772644,0.0,0.0,0.0,0.0552583746612072,0.0015186298405751586,0.012942061759531498,0.0,0.0,0.0,0.0024541672319173813,0.0,0.08609101176261902,0.01286214217543602,0.0,0.0,0.49209749698638916,0.0,0.0,0.037604473531246185,0.023263800889253616,0.0,0.0028811395168304443,0.0,0.009865173138678074,0.1317705661058426,0.04379362240433693,0.0,0.0,0.0,0.007897237315773964,0.0,0.0,0.08454298973083496,0.0,0.00017138637485913932,0.23420627415180206,0.0,0.0,0.0,0.0,0.0,0.10016704350709915,0.0,0.11421966552734375,0.02541125752031803,0.010681670159101486,0.03218395635485649,0.0,0.003056776709854603,0.0,0.0,0.017802542075514793,0.0,0.0,0.057009268552064896,0.0,0.0,0.0,0.0,0.023571236059069633,0.0,0.0,0.0,0.0,0.0,0.02470250055193901,0.0,0.0758892074227333,0.0,0.0,0.13006514310836792,0.011511771939694881,0.0034642464015632868,0.013354973867535591,0.15579845011234283,0.0,0.0048962365835905075,0.0,0.10012724250555038,0.0,0.0,0.0,0.00992292258888483,0.007512192707508802,0.0014212154783308506,0.0,0.0,0.0,0.058586250990629196,0.0,0.0,0.06338664889335632,0.0,0.008868965320289135,0.0032860732171684504,0.0027490819338709116,0.0,0.0,0.049619369208812714,0.0,0.0,0.0008033180492930114,0.0,0.019032366573810577,0.0,0.0012923431349918246,0.21384069323539734,0.0,0.0,0.09059641510248184,0.3266875743865967,0.07982564717531204,0.0,0.0,0.0,0.0,0.0,0.019657442346215248,0.0,0.025046518072485924,0.0,0.0,0.04591520130634308,0.06984817981719971,0.0,0.0,0.0,0.13246643543243408,0.0,0.05069456249475479,0.16677038371562958,0.00583407049998641,0.0,0.0,0.0,0.019752806052565575,0.0,0.0,0.0,0.0,0.0,0.0,0.02066371589899063,0.02022625505924225,0.0,0.0,0.0,0.021999051794409752,0.020855221897363663,0.008768477477133274,0.0,0.0,0.0028758221305906773,0.15019629895687103,0.02124948985874653,0.03903313726186752,0.005538427736610174,0.0,0.005113184452056885,0.0,0.0,0.1816774159669876,0.044962845742702484,0.0,0.00023136139498092234,0.0,0.0,0.3912166655063629,0.0,0.0,0.0,0.0,0.0,0.0,0.021865783259272575,0.03345698490738869,0.0,0.0010960734216496348,0.0,0.0,0.13567322492599487,0.0,0.0,0.0,0.008199447765946388,0.0036892027128487825,0.04714787378907204,0.0,0.07086172699928284,0.0,0.0,0.004878859501332045,0.0,0.0011811804724857211,0.0,0.0,0.03301405906677246,0.0,0.2139446884393692,0.0016324293101206422,0.004353513941168785,0.0,0.0,0.013163499534130096,0.0,0.0006249606376513839,0.11731883883476257,0.07565842568874359,0.0,0.18198612332344055,0.035930559039115906,0.0022689402103424072,0.0,0.07059907913208008,0.3423701822757721,0.0,0.026872947812080383,0.06406045705080032,0.0004344999906606972,0.03231298550963402,0.014850607141852379,0.0,0.0010020440677180886,0.0,0.0037704037968069315,0.08454179763793945,0.0,0.0746709331870079,0.0,0.16948504745960236,0.0834408774971962,0.08231616765260696,0.016334839165210724,0.0,0.0,0.0,0.0,0.0022998559288680553,0.0,0.0,0.17549309134483337,0.003342360956594348,0.023199591785669327,0.0,0.0,0.0,0.0,0.0,0.020969979465007782,0.0,0.0,0.0,0.405861496925354,0.014541667886078358,0.03246408700942993,0.0,0.10365108400583267,0.0,0.0,0.00793277844786644,0.018213964998722076,0.011571249924600124,0.06862711161375046,0.0,0.0,0.0,0.0,0.0,0.0018805551808327436,0.02553752437233925,0.004576768726110458,0.0,0.0049000210128724575,0.0,0.07880858331918716,0.039561983197927475,0.006655670236796141,0.0,0.0,0.013176641426980495,0.0,0.0005702120251953602,0.0,0.0,0.0,0.0,0.0,0.11615931242704391,0.023233210667967796,0.0,0.0,0.0,0.0,0.009202847257256508,0.0,0.0,0.010989823378622532,0.0,0.0,0.012688050046563148,0.0,0.0,0.09923924505710602,0.00575349573045969,0.12349111586809158,0.014892864041030407,0.0,0.25484347343444824,0.00592859648168087,0.10551014542579651,0.009139654226601124,0.0,0.11418673396110535,0.0,0.023003844544291496,0.11356436461210251,0.0,0.03839504346251488,0.0024890326894819736,0.0,0.0,0.0,0.0,0.0,0.0,0.0,0.058756619691848755,0.0,0.0,0.0,0.10564065724611282,0.005052258260548115,0.0,0.0,0.0,0.010600865818560123,0.10714168846607208,0.009704901836812496,0.009064646437764168,0.05744898319244385,0.045566968619823456,0.0,0.0,0.005346843507140875,0.02329852804541588,0.0,0.0,0.3932572901248932,0.050160471349954605,0.019647574052214622,0.0,0.03448953479528427,0.0,0.1157769188284874,0.014759316109120846,0.0,0.0046186200343072414,0.0,0.0043447790667414665,0.18796755373477936,0.10350528359413147,0.03500979021191597,0.0,0.03548281639814377,0.06117986515164375,0.0,0.010103928856551647,0.01026043202728033,0.03475525230169296,0.007569406647235155,0.06572015583515167,0.0,0.12311700731515884,0.0,0.24509482085704803,0.0,0.0,0.0,0.20933537185192108,0.03492172062397003,0.0,0.05385179445147514,0.5716675519943237,0.0,0.030254477635025978,0.0,0.005456637125462294,0.0,0.0,0.0,0.00620534410700202,0.21201393008232117,6.704926636302844e-05,0.16025656461715698,0.0017855903133749962,0.0,0.0,0.006801641080528498,0.0,0.0,0.012486735358834267,0.0,0.25125250220298767,0.06495194137096405,0.0,0.0,0.0,0.0721750408411026,0.0,0.3246051073074341,0.0,0.0,0.0,0.07526541501283646,0.0,0.09956535696983337,0.05269791930913925,0.07276860624551773,0.13228775560855865,0.015328895300626755,0.017631303519010544,0.006611974444240332,0.037493590265512466,0.021828675642609596,0.009932606481015682,0.0,0.0,0.16899080574512482,0.01499489787966013,0.03922885283827782,0.0,0.004263133276253939,0.08834724128246307,0.25848960876464844,0.0,0.03450092300772667,0.0040512653067708015,0.050047580152750015,0.006493262015283108,0.0,0.0,0.04577941074967384,0.0,0.0018404823495075107,0.12076479941606522,0.01988016813993454,0.018947051838040352,0.0,0.025027034804224968,0.0,0.0,0.037574537098407745,0.07371193170547485,0.0817055031657219,0.0,0.13647128641605377,0.0,0.0,0.0,0.0006223374512046576,0.08582990616559982,0.28834667801856995,0.02283315174281597,0.11015281081199646,0.06139518693089485,0.0,0.0,0.0,0.0,0.0,0.0030758618377149105,0.015050914138555527,0.0,0.0,0.009267469868063927,0.1638737916946411,0.0,0.0,0.05346456542611122,0.008692925795912743,0.0,0.17182274162769318,0.0,0.0,0.038496728986501694,0.03424014151096344,0.0,0.033433083444833755,0.0,0.25095343589782715,0.0,0.0,0.536318838596344,0.0,0.03966217860579491,0.00023874640464782715,0.0,0.0,0.0,0.007782386615872383,0.023550670593976974,0.0,0.1441449522972107,0.0,0.0,0.0,0.0,0.015655741095542908,0.016891811043024063,0.0,0.0268989447504282,0.018863769248127937,0.005926200188696384,0.0,0.0,0.3719407320022583,0.0,0.0,0.0,0.0024981314782053232,0.0,0.0,0.5983213186264038,0.05661983788013458,0.012023966759443283,0.024003634229302406,0.06708121299743652,0.0,0.01130867563188076,0.0,0.21974767744541168,0.011802690103650093,0.060458969324827194,0.01352771744132042,0.02282535284757614,0.0,0.011450405232608318,0.14465929567813873,0.0,0.0,0.0,0.10448135435581207,0.0334058441221714,0.0768159031867981,0.013458788394927979,0.06420284509658813,0.039516717195510864,0.0,0.4459991753101349,0.0,0.0,0.040279876440763474,0.016054697334766388,0.08734601736068726,0.0,0.003815912641584873,0.004547550808638334,0.06603452563285828,0.11551209539175034,0.0,0.12546037137508392,0.019406335428357124,0.05565820261836052,0.0,0.019739024341106415,0.3428764343261719,0.012706632725894451,0.10207410901784897,0.0749417319893837,0.17364855110645294,0.01408509723842144,0.011795755475759506,0.0999407023191452,0.11316698044538498,0.025846237316727638,0.19448322057724,0.0,0.0,0.3574436604976654,0.0014391816221177578,0.0,0.03328641504049301,0.0,0.0,0.09825478494167328,0.00863682571798563,0.018270108848810196,0.0,0.0,0.015105762518942356,0.0,0.23220282793045044,0.051471516489982605,0.0,0.0,0.012740072794258595,0.0,0.0,0.08145856112241745,0.0,0.07656050473451614,0.0,0.1344045102596283,0.00219423184171319,0.028718410059809685,0.04783303290605545,0.0,0.040428776293992996,0.0,0.017147570848464966,0.15126857161521912,0.0,0.056020453572273254,0.016599111258983612,0.17226219177246094,0.0,0.08104139566421509,0.06574731320142746,0.0012865349417552352,0.0,0.12933729588985443,0.0,0.0,0.0,0.5959843397140503,0.11248473823070526,0.0,0.01844608224928379,0.3273160457611084,0.0,0.0,0.0,0.26264357566833496,0.0,0.045186348259449005,0.0,0.0,0.0,0.0,0.11778441071510315,0.0,0.0,0.16387620568275452,0.003454518038779497,0.0,0.0,0.2567898631095886,0.0,0.018495911732316017,0.03926406800746918,0.03670281544327736,0.038182828575372696,0.0398130789399147,0.013567161746323109,0.045647695660591125,0.002882451983168721,0.0343470498919487,0.3106854557991028,0.0,0.0,0.0,0.10566858947277069,0.08000797033309937,0.0,0.06719723343849182,0.0,0.0,0.2641162574291229,0.017725028097629547,0.0,0.036734189838171005,0.0,0.0,0.019019870087504387,0.3885878324508667,0.0,0.0,0.23913253843784332,0.058535948395729065,0.04839704558253288,0.08103462308645248,0.0,0.06438364088535309,0.045291900634765625,0.0,0.0,0.0,0.08893340826034546,0.012183167040348053,0.0,0.0108169661834836,0.043420955538749695,0.06275244057178497,0.004892515949904919,0.18578830361366272,0.0030527878552675247,0.02356237731873989,0.01976039633154869,0.0,0.18091672658920288,0.001641680020838976,0.0020864272955805063,0.0959852859377861,0.0,0.0,0.15599405765533447,0.06624594330787659,0.0,0.0260227732360363,0.37412506341934204,0.09822999686002731,0.04925266653299332,0.0,0.06131087243556976,0.17936065793037415,0.06126308813691139,0.09629156440496445,0.0,0.06165480241179466,0.010153856128454208,0.025767043232917786,0.03470198065042496,0.06033121049404144,0.4882352948188782,0.0,0.37185433506965637,0.0,0.0,0.025280442088842392,0.2513347566127777,0.10346134006977081,0.16385813057422638,0.09436856210231781,0.0,0.011294879019260406,0.00025941728381440043,0.02192308008670807,0.0,0.027733955532312393,0.024611471220850945,0.0,0.0,0.0015605113003402948,0.0,0.09888652712106705,0.0,0.0,0.10024479031562805,0.020763935521245003,0.23780326545238495,0.0,0.0,0.00031949402182362974,0.0,0.0,0.0,0.391973078250885,0.0,0.0,0.0,0.0,0.16798637807369232,0.0,0.0,0.0,0.07313279062509537,0.013530423864722252,0.003246497130021453,0.25692081451416016,0.3292256295681,0.0,0.010406745597720146,0.0012533462140709162,0.030888231471180916,0.0,0.0,0.0,0.0,0.03064974956214428,0.011754575185477734,0.0,0.0018396639497950673,0.0053947484120726585,0.001416540122590959,0.1538417637348175,0.18741609156131744,0.0,0.0005315869930200279,0.0,0.0,0.0,0.4129641354084015,0.016606083139777184,0.2928646206855774,0.0,0.0571807399392128,0.006479451432824135,0.003116161795333028,0.0,0.030026936903595924,0.0,0.0333123616874218,0.0,0.012826907448470592,0.03457600623369217,0.0,0.014044824987649918,0.0,0.0874696746468544,0.0,0.053076647222042084,0.017462344840168953,0.0,0.0,0.01065654493868351,0.0,0.0,0.8283040523529053,0.2737407386302948,0.0,0.0,0.019373934715986252,0.0,0.006576655898243189,0.05776757374405861,0.09871404618024826,0.0,0.0,0.6653255224227905,0.0,0.0,0.0,0.007516109850257635,0.0,0.0,0.0,0.010528158396482468,0.00934236403554678,0.0,0.0,0.5083036422729492,0.027579307556152344,0.0,0.06891125440597534,0.0,0.010556647554039955,0.0,0.0,0.0,0.012138402089476585,0.010338194668293,0.37705516815185547,0.012860765680670738,1.1616286039352417,0.0,0.0,0.005798110738396645,0.0,0.0,0.024405650794506073,2.3023581504821777,0.021268080919981003,0.0,0.0,0.02123425528407097,0.0,0.0,0.0,0.008713836781680584,0.007272964809089899,0.0,0.5303028225898743,0.0,0.0,0.026926182210445404,0.0,0.0,0.0,0.09432440996170044,0.23336653411388397,0.057979073375463486,0.0,0.1527320295572281,0.0,0.0,0.0,0.0,0.0,0.11220064759254456,0.0066589415073394775,0.010584655217826366,0.0,0.0,0.18833214044570923,0.01667684316635132,0.018092932179570198,0.03482107073068619,0.5557788610458374,0.0,0.02029903419315815,0.16065670549869537,0.0018853902583941817,0.012592094019055367,0.0,0.0063407523557543755,0.0,0.021569019183516502,0.0,0.0,0.0018530267989262938,0.0,0.0,0.0019698345568031073,0.0,0.09756796061992645,0.020447958260774612,0.9475481510162354,0.0,0.023724038153886795,0.0004835486470256001,0.007694604340940714,0.029232995584607124,0.0,0.03569292649626732,0.0,0.0,0.6461934447288513,0.0,0.014705359004437923,0.0,0.0,0.0,0.0,0.03923500329256058,0.004388909321278334,0.0,0.002567881718277931,0.0,0.0,0.0,0.0,0.0007532024173997343,0.002124063903465867,0.0,0.004567729774862528,0.0,0.011385669931769371,0.2254282385110855,0.0,0.04521965608000755,0.0,0.0,0.0,0.0,0.0,0.04779163375496864,0.0,0.004734303802251816,0.08494836091995239,0.012994690798223019,0.007920617237687111,0.0,0.01620202139019966,0.08915518969297409,0.0,0.07354339957237244,0.014590795151889324,0.0,0.0149947889149189,0.0,0.0127020962536335,0.0,0.031172556802630424,0.0,0.0,0.0,0.012186918407678604,0.0,0.0,0.0,0.06880995631217957,0.001267505344003439,0.00783395767211914,0.2855852246284485,0.08462316542863846,0.0,0.0026309918612241745,0.0026015567127615213,0.0022331499494612217,0.024749688804149628,0.0,0.018488693982362747,0.12034706771373749,0.026030711829662323,0.0,0.015400504693388939,0.0,0.04736226052045822,0.003483912907540798,0.0,0.0,0.0695374459028244,0.20204979181289673,0.03469351306557655,0.0,0.008719947189092636,0.17207475006580353,0.0,0.0,0.0,0.27896666526794434,0.08069395273923874,0.060962289571762085,0.02305750921368599,0.0,0.0,0.9921342730522156,0.36184269189834595,0.08297017961740494,0.0,0.0,0.0,0.0,0.0,0.035466283559799194,0.005024536978453398,0.5253421068191528,0.0,0.13483591377735138,0.0011324930237606168,0.0,0.0,0.008541669696569443,0.0548112727701664,0.0,0.0,0.04691116511821747,0.16604016721248627,0.0,0.02976461499929428,0.276698499917984,0.015664106234908104,0.5872873067855835,0.047573015093803406,0.011117628775537014,0.2972634434700012,0.01646716520190239,0.017046045511960983,0.0,0.3846736252307892,0.02481449395418167,0.0,0.0010840249015018344,0.0,0.0,0.0,0.18545490503311157,0.0,0.0027874237857759,0.3739740252494812,0.03505236655473709,0.0,0.0,0.05236850678920746,0.01111740805208683,0.0,0.0,0.008731258101761341,0.0,0.1797567754983902,0.013271179981529713,0.0,0.0,0.06634311378002167,0.0,0.0,0.003527421969920397,0.0,0.0,0.0,0.0,0.0,0.22673557698726654,0.0,0.0,0.0032004937529563904,0.0,0.13805653154850006,0.0,0.0,0.0,0.0,0.09068720042705536,0.01831107772886753,0.0,0.0022821163292974234,0.0,0.0,0.0,0.0,0.0,0.001259676180779934,0.0,0.0,0.0,0.014119511470198631,0.0,0.0007813716074451804,0.0,0.05332291126251221,0.0,0.016591202467679977,0.004992170259356499,0.06221330538392067,0.0,0.020423414185643196,0.0,0.14770475029945374,0.008700139820575714,0.020883386954665184,0.07611200958490372,0.1047702208161354,0.010015249252319336,0.0,0.0022856295108795166,0.009979799389839172,0.005731259007006884,0.21747484803199768,0.039648205041885376,0.027409885078668594,0.0,0.03218712657690048,0.05041038617491722,0.04049093648791313,0.0,0.03460432216525078,0.0,0.0,0.0756375789642334,0.13430796563625336,0.0,0.013932563364505768,0.0,0.011271469295024872,0.016090646386146545,0.05435708910226822,0.013680558651685715,0.0,0.0,0.14386053383350372,0.1214665025472641,0.020214565098285675,0.00424273032695055,0.0,0.013404513709247112,0.0,0.5878873467445374,0.01998710446059704,0.03157613426446915,5.615949703496881e-05,0.14272354543209076,0.0807197168469429,0.09465263038873672,0.0006653487798757851,0.06998448818922043,0.0,0.0,0.23730868101119995,0.1779334992170334,0.004372627940028906,0.08306977897882462,0.024982143193483353,0.7569261789321899,0.0,0.0,0.013143586926162243,0.012065048329532146,0.003541304962709546,0.0,0.0,0.0,0.05026904121041298,0.0,0.2264566868543625,0.0,0.08949215710163116,0.0,0.0001304554898524657,0.007475982420146465,0.13746653497219086,0.16464337706565857,0.0,0.02810400165617466,0.1666513830423355,0.0,0.051477860659360886,0.0,0.0,0.0,0.08757372200489044,0.031090641394257545,0.0,0.0,0.019891520962119102,0.23720870912075043,0.00844764243811369,0.0,0.0013660788536071777,0.038287390023469925,0.19425693154335022,0.02032737247645855,0.01019735261797905,0.0,0.0147915193811059,0.0,0.015206390991806984,0.012202910147607327,0.12351395934820175,0.0,0.0816943347454071,0.0028965044766664505,0.07117162644863129,0.6326259970664978,0.06197665259242058,0.0675538033246994,0.006345362868160009,0.08340571075677872,0.034348014742136,0.0,0.0,0.007727823220193386,0.048752546310424805,0.03208272159099579,0.042697224766016006,0.0,0.04464675858616829,0.0026593036018311977,0.3614000082015991,0.1362094134092331,0.0,0.03764941915869713,0.017296919599175453,0.16502788662910461,0.3765040636062622,0.04605884477496147,0.03781309723854065,0.5621287822723389,0.022731781005859375,0.7222200036048889,0.07506456971168518,0.0,0.0,0.0,0.09277160465717316,0.0,0.056422945111989975,0.0,0.0,0.022919410839676857,0.0,0.04232368618249893,1.2420977354049683,0.1888408064842224,0.023206626996397972,0.0,0.05821836367249489,0.0,0.05819964036345482,0.01565542072057724,0.009385495446622372,0.0,0.4619176983833313,0.03268982470035553,0.05116277560591698,0.026546983048319817,0.0,0.0,0.050499916076660156,0.003972871229052544,0.08350086212158203,0.06020764261484146,0.0,0.21726112067699432,0.002310948446393013,0.06065479293465614,0.0,0.0,0.004272595513612032,0.0,0.6633772253990173,0.31406107544898987,0.0,0.06795303523540497,0.18680599331855774,0.031582318246364594,0.0975981056690216,0.002730606822296977,0.03647695109248161,0.0,0.0,0.0,0.0,0.016338549554347992,0.0,0.07109571248292923,0.0,0.07176459580659866,0.13165876269340515,0.005274618975818157,0.003868506057187915,0.07193370908498764,0.03343506157398224,0.022200824692845345,0.164259135723114,0.010022922419011593,0.0,0.11101531982421875,0.0,0.01708030514419079,0.09227105975151062,0.0,0.050165072083473206,0.0,0.0,0.006209355778992176,0.48662489652633667,0.0,0.09339400380849838,0.008651362732052803,0.0,0.0,0.0,0.02158072404563427,0.0,0.0016607808647677302,0.02388765849173069,0.026895852759480476,0.026817429810762405,0.0,0.03811439499258995,0.0,0.8025858998298645,0.10759010165929794,0.011427309364080429,0.21154381334781647,0.07660124450922012,0.006083118729293346,0.00610507233068347,0.0,0.03809630125761032,0.0,0.018165193498134613,0.04211750999093056,0.0,0.0,0.0,0.0,0.0,0.01147045474499464,0.004044076427817345,0.10668491572141647,0.03566509485244751,0.025187427178025246,0.025083623826503754,0.14958779513835907,0.08213239908218384,0.04350554570555687,0.11621009558439255,0.03678370639681816,0.0,0.09801653027534485,0.0,0.0,0.0,0.04976319149136543,0.010739900171756744,0.0,0.09343080222606659,0.3062969446182251,0.0,0.0,0.0,0.04107990860939026,0.0,0.002193332416936755,0.07375626266002655,0.0016035485314205289,0.005908690858632326,0.06291966140270233,0.021660512313246727,0.006241643335670233,0.010962283238768578,0.0,0.0,0.007395534310489893,0.0,0.026790041476488113,0.2159709334373474,0.011680546216666698,0.4642004072666168,0.01335109956562519,0.025548653677105904,0.24223770201206207,0.0,0.028759794309735298,0.0,0.0,0.0015228092670440674,0.001470903167501092,0.13673284649848938,0.4269980192184448,0.01571572571992874,0.025914745405316353,0.0,0.0033590400125831366,0.010024964809417725,0.0,0.0017463135300204158,0.0,0.0,0.49619758129119873,0.0,0.03097860887646675,0.0,0.0,0.26723912358283997,0.00815441645681858,0.0,0.0,0.0,0.18429946899414062,0.00964280590415001,0.06461027264595032,0.0,0.0,0.008662689477205276,0.005378031637519598,0.0,0.0,0.06667505949735641,0.016173506155610085,0.035131245851516724,0.018726345151662827,0.001640139613300562,0.0,0.05504893884062767,0.0,0.026294725015759468,0.0,0.0,0.027700815349817276,0.060581911355257034,0.06825686246156693,0.0,0.03727968782186508,0.07245483994483948,0.06290236115455627,0.0,0.042524196207523346,0.6939629316329956,0.00845735426992178,0.2656247913837433,0.06137402355670929,0.12428977340459824,0.02498520165681839,0.3076001703739166,0.0021696039475500584,0.0,0.0,0.04872368276119232,0.004720041528344154,0.012492523528635502,0.0,0.02853121981024742,0.0,0.04673061519861221,0.024452926591038704,0.06032301485538483,0.0,0.4030764698982239,0.02860812470316887,0.07153455913066864,0.0,0.0,0.04874585568904877,0.005511244758963585,0.10071627795696259,0.021015174686908722,0.0,0.0018049967475235462,0.03054942563176155,0.0,0.004327344708144665,0.07118379324674606,0.010544302873313427,0.00815894640982151,0.002450554398819804,0.015531926415860653,0.011327442713081837,0.05538991838693619,0.0,0.0,0.0,0.1261761635541916,0.09631986916065216,0.7312739491462708,0.0,0.0,0.0,0.0,0.0,0.061648186296224594,0.0,0.0,0.0,0.0,0.0,0.008924693800508976,0.13966596126556396,0.0,0.0029113972559571266,0.17845921218395233,0.0415603406727314,0.19873975217342377,0.019839726388454437,0.11320286989212036,0.0,0.17308956384658813,0.0,0.0,0.004387261811643839,0.011597131378948689,0.0004086434782948345,0.0,0.36205777525901794,0.0,0.0,0.10300949215888977,0.0,0.001958975102752447,0.0,0.0,0.0024703764356672764,0.0,0.01789143495261669,0.028823042288422585,0.00682405661791563,0.0,0.0,0.010223662480711937,0.005975791253149509,0.0,0.0,0.10894571989774704,0.02286767028272152,0.03887784853577614,0.08673456311225891,0.0,0.042118560522794724,0.0,0.0,0.0,0.16496112942695618,0.0,0.0011534207733348012,0.045852888375520706,0.008159649558365345,0.014676399528980255,0.0,0.0,0.08303198218345642,0.0,0.0,0.0,0.0,0.0,0.0,0.0063810632564127445,0.008966713212430477,0.01918867602944374,0.5583162307739258,0.0,0.018654705956578255,0.016144268214702606,0.0,0.004572772886604071,0.24085970222949982,0.0,0.12052345275878906,0.2996806800365448,0.0,0.0,0.018658095970749855,0.0,0.0,0.0,0.0,0.39402836561203003,0.0,0.0,0.0,0.0,0.0,0.4037303626537323,0.13245336711406708,0.0024848293978720903,0.0,0.004621994681656361,0.13189518451690674,0.30627936124801636,0.0,0.0,0.031885433942079544,0.0,0.0,0.0018532165559008718,0.0,0.0,0.00823303498327732,0.0,0.0,0.0,0.000901079154573381,0.3006911277770996,0.0,0.032683003693819046,0.04194245487451553,0.008666148409247398,0.0,0.3953652083873749,0.19039160013198853,0.0019859715830534697,0.12786978483200073,0.0,0.0016145897097885609,0.0,0.0008821093942970037,0.07391801476478577,0.0,0.0,0.04182533174753189,0.0,0.037451695650815964,0.017843374982476234,0.02739136479794979,0.0,0.012017195113003254,0.005171841476112604,0.16365325450897217,0.017647942528128624,0.009885026142001152,0.014055037871003151,0.0,0.06294217705726624,0.043602656573057175,0.1065724641084671,0.0662514865398407,0.0,0.0,0.007138094864785671,0.07408680766820908,0.0,0.0,0.02179465815424919,0.0,0.022334745153784752,0.0,0.0,0.0,0.0,0.006062909495085478,0.006698018871247768,0.008050849661231041,0.0,0.0,0.10664394497871399,0.06933591514825821,0.060071807354688644,0.005585076753050089,0.02367768995463848,0.0,0.0,0.0,0.27409055829048157,0.0,0.06940670311450958,0.0383792370557785,0.022795191034674644,0.0,0.3281804621219635,0.00738507742062211,0.042721837759017944,0.0
0.0,0.00943483505398035,0.34108367562294006,0.004342040978372097,0.0,0.0,0.025941472500562668,0.01706639491021633,0.0,0.0999181717634201,0.0,0.06452808529138565,0.02639247477054596,0.2689390182495117,0.08992471545934677,0.17470355331897736,0.0,0.03529452532529831,0.0,0.23553478717803955,0.05557553842663765,0.0,0.03953879699110985,0.1929045468568802,0.05775422602891922,0.13506391644477844,0.0,0.0,0.0,0.0,0.41024959087371826,0.07442227005958557,0.00494993943721056,0.0,0.20865944027900696,0.2013014554977417,0.005030560307204723,0.038214217871427536,0.0,0.0927543044090271,0.24257399141788483,0.0,0.0006937229773029685,0.10289580374956131,0.5030438899993896,0.010966080240905285,0.04104935750365257,0.0,0.2609226107597351,0.0,0.0,0.19231624901294708,0.0006667685229331255,0.1502273827791214,0.029872164130210876,0.0,0.0,0.0,0.09665500372648239,0.014796660281717777,0.0003335666551720351,0.367543488740921,0.06142052635550499,0.0,0.006300637498497963,0.288432776927948,0.13775812089443207,0.015248489566147327,0.03987625986337662,0.00046765804290771484,0.2670040726661682,0.0,0.011101207695901394,0.15519294142723083,0.0,0.09118413925170898,0.40100911259651184,0.006107267923653126,0.1767330765724182,0.41174548864364624,0.0,0.06407840549945831,0.0,0.075919508934021,0.0,0.35909560322761536,0.05419245362281799,0.0,0.0,0.025764327496290207,0.021493399515748024,0.007066674064844847,0.21337051689624786,0.519584059715271,0.0019216978689655662,0.11596042662858963,0.05031711235642433,0.0,0.0,0.0013240111293271184,0.02959345281124115,0.04171789810061455,0.13918086886405945,0.020519118756055832,0.060961753129959106,0.0,0.015050382353365421,0.0,0.005041220225393772,0.0015136098954826593,0.02801806852221489,0.013694202527403831,0.004614043049514294,0.1458592563867569,0.006471361964941025,0.36914193630218506,0.0,0.0862356647849083,0.0,0.1775301694869995,0.020090971142053604,0.00494620343670249,0.32872825860977173,0.06666380912065506,0.008682801388204098,0.0024941673036664724,0.1986258327960968,0.029285786673426628,0.09850906580686569,0.0031379079446196556,0.09738721698522568,0.0,0.04504740610718727,0.0,0.09421121329069138,0.07678034901618958,0.012622077018022537,0.0,0.0010269844206050038,4.006385643151589e-05,0.11174919456243515,0.03946936875581741,0.0,0.025531047955155373,0.1955312192440033,0.0,0.00799585785716772,0.28166380524635315,0.020388195291161537,0.06368512660264969,0.038029368966817856,0.0,0.048559729009866714,0.06573819369077682,0.0,0.02329375222325325,0.014184577390551567,0.02379964105784893,0.13180427253246307,0.08652160316705704,0.0007074579480104148,0.008326022885739803,0.0250464528799057,0.37237608432769775,0.07180911302566528,0.0,0.22870971262454987,0.011931080371141434,0.14199179410934448,0.3757174015045166,0.13554969429969788,0.036770936101675034,0.058754824101924896,0.21158985793590546,0.06090627610683441,0.04290720447897911,0.5512893199920654,0.0032767760567367077,0.0,0.31505656242370605,0.0,0.003750784322619438,0.033409249037504196,0.04538065940141678,0.02073991298675537,0.30087506771087646,0.16995377838611603,0.057566795498132706,0.05623778700828552,0.2781698405742645,0.03365980461239815,0.07373551279306412,0.0,0.002697000512853265,0.01899871602654457,0.017048854380846024,0.028740430250763893,0.01772492006421089,0.3020625412464142,0.001386079820804298,0.13041730225086212,0.02069653756916523,0.0,0.16227027773857117,0.0,0.016048140823841095,0.04993142932653427,0.029635047540068626,0.057646170258522034,0.12604761123657227,0.14686188101768494,0.0036128878127783537,0.22790315747261047,0.0,0.029268112033605576,0.03117254003882408,0.037268172949552536,0.017184682190418243,0.0,0.024197401478886604,0.061296042054891586,0.004014919977635145,0.16609053313732147,0.14499130845069885,0.004035832826048136,0.1993037611246109,0.0044231414794921875,0.00745650939643383,0.0776541456580162,0.12229220569133759,0.11246101558208466,0.0,0.18023361265659332,0.07580914348363876,0.14195461571216583,0.2526770532131195,0.03674563392996788,0.08553048223257065,0.0380430594086647,0.008595982566475868,0.0,0.06491195410490036,0.03038366138935089,0.0,0.09404264390468597,0.05805899575352669,0.05598870664834976,0.05224161967635155,0.0,0.015923498198390007,0.014358554035425186,0.0031299476977437735,0.00046576024033129215,0.009464063681662083,0.0031802321318536997,0.08581139892339706,0.0,0.07156865298748016,0.06038842350244522,0.43513497710227966,0.0019619297236204147,0.015226156450808048,0.03136639669537544,0.0,0.13163623213768005,0.03689120337367058,0.08808538317680359,0.022105533629655838,0.0009396672248840332,0.015651848167181015,0.09653764963150024,0.00891330000013113,0.006348686292767525,0.11624224483966827,0.05903458595275879,0.0,0.05789826065301895,0.02157602272927761,0.13865628838539124,0.20113438367843628,0.012690284289419651,0.0,0.021604428067803383,0.1639106422662735,0.01626293733716011,0.5802521109580994,0.0,0.0,0.19403375685214996,0.02890465036034584,0.13546226918697357,0.08121700584888458,0.06570024788379669,0.0,0.044361796230077744,0.029553065076470375,0.17397239804267883,0.0,0.2874145209789276,0.0,0.014059972949326038,0.017745044082403183,0.14980871975421906,0.11551912128925323,0.14218343794345856,0.0011993717635050416,0.01598501391708851,0.02522699348628521,0.0,0.0,0.0,0.16653978824615479,0.026031842455267906,0.18631717562675476,0.04865849390625954,0.35438457131385803,0.03786466643214226,0.010598462074995041,0.1686965972185135,0.0376838743686676,0.0,0.046865399926900864,0.0,0.0,0.661836564540863,0.0,0.0,0.0073333000764250755,0.0,0.0,0.0037129998672753572,0.05741628259420395,0.0,0.0,0.0,0.0,0.006065280642360449,0.0,0.01046651229262352,0.08038562536239624,0.06666930019855499,0.0016026676166802645,0.0,0.0,0.0,0.0,0.0,0.0,0.0002903711865656078,0.0,0.16487973928451538,0.004512493498623371,0.11556036025285721,0.043919745832681656,0.32944613695144653,0.0,0.0,0.0,0.07410631328821182,0.009423093870282173,0.007500621024519205,0.0009166228701360524,0.0,0.0,0.0,0.0,0.0993102490901947,0.040291547775268555,0.001255177310667932,0.0,0.5348243117332458,0.0,0.0,0.03245915099978447,0.011405260302126408,0.0,0.0015849161427468061,0.0,0.0006620761705562472,0.11180282384157181,0.05284024402499199,0.0,0.0,0.0,0.014204024337232113,0.0,0.0,0.059941601008176804,0.0,0.0005601206212304533,0.19651588797569275,0.0,0.0,0.0,0.0,0.0,0.10674621909856796,0.0,0.09118552505970001,0.015511888079345226,0.0,0.022891605272889137,0.0,0.0,0.0013910937123000622,0.0,0.006693809758871794,0.0,0.0,0.019140517339110374,0.0,0.0,0.0,0.0,0.01746853068470955,0.0,0.0,0.0,0.0,0.0,0.020949259400367737,0.0,0.07961567491292953,0.0,0.01910720393061638,0.14025716483592987,0.007162228226661682,0.007452548015862703,0.0032528238371014595,0.12962792813777924,0.0,0.0026627974584698677,0.0,0.10227188467979431,0.0,0.0,0.00404574628919363,0.014840727671980858,0.005717412102967501,0.0,0.0,0.0,0.007828092202544212,0.02999008633196354,0.0,0.0,0.07301394641399384,0.0,0.01925136335194111,0.04424519091844559,0.007803230080753565,0.0,0.0,0.04673109948635101,0.0,0.0019866309594362974,0.0,0.0,0.016780506819486618,0.0,0.0007721245056018233,0.20886754989624023,0.0,0.0,0.07531740516424179,0.2443947196006775,0.03983781486749649,0.0,0.0014900146052241325,0.0,0.0,0.0,0.02148650400340557,0.0,0.021441809833049774,0.0,0.0,0.01737239584326744,0.013453171588480473,0.0,0.0,0.0,0.13714586198329926,0.004031713120639324,0.04139222949743271,0.21696892380714417,0.00585665600374341,0.0,0.0,0.0,0.019440248608589172,0.0,0.0,0.0,0.0,0.0,0.0,0.046529024839401245,0.05263879895210266,0.0,0.0,0.0,0.021618474274873734,0.05243917554616928,0.014061236754059792,0.0,0.0,0.0,0.16890253126621246,0.013252939097583294,0.04146981239318848,0.012108735740184784,0.00020252705144230276,0.004571842961013317,0.0,0.00376510270871222,0.17372873425483704,0.023181676864624023,0.0,0.02143118530511856,0.0,0.0015009178314357996,0.4100204408168793,0.0,0.0,0.0,0.0,0.0,0.0,0.027159318327903748,0.05127444863319397,0.0,0.013992778956890106,0.0,0.0,0.13232047855854034,0.0,0.0,0.0,0.020118124783039093,0.0033096945844590664,0.07575349509716034,0.0,0.09847620129585266,0.0,0.0,0.0045769657008349895,0.0,0.006060109008103609,0.0,0.0,0.05634813755750656,0.0,0.2234475463628769,0.0002532529761083424,0.0008391046430915594,0.0,0.0,0.033592306077480316,0.0,0.0,0.1122073084115982,0.04084442928433418,0.0,0.2099735587835312,0.058487873524427414,0.0,0.0,0.049286480993032455,0.27862969040870667,0.0,0.027962248772382736,0.0936107411980629,0.0,0.0011053216876462102,0.03055253066122532,0.0007175493519753218,0.0,0.0,0.0179801844060421,0.11601600050926208,0.0,0.05252883955836296,0.0,0.1819532960653305,0.054209742695093155,0.10205932706594467,0.02941513992846012,0.0008344065863639116,0.0,0.0,0.0,0.004667654167860746,0.0,0.013459315523505211,0.17678432166576385,0.0002913784992415458,0.020722415298223495,0.0,0.0,0.0,0.0,0.0,0.03291987255215645,0.0006668210262432694,0.0,0.0,0.4685204029083252,0.010486423969268799,0.06839639693498611,0.0,0.10906505584716797,0.0,0.0,0.0,0.011071721091866493,0.04098670929670334,0.03546861559152603,0.0,0.0,0.0,0.0,0.0,0.0016684102592989802,0.009635379537940025,0.0078206742182374,0.0,0.010616018436849117,0.0,0.03936891630291939,0.0501832515001297,0.012839829549193382,0.0,0.0,0.0,0.0,0.0,0.0009428310440853238,0.0,0.0,0.0,0.0,0.14621125161647797,0.02292248234152794,0.0,0.0,0.0,0.0,0.016220716759562492,0.0,0.0,0.01243915781378746,0.0,0.0,0.01181267760694027,0.0,0.0,0.09350855648517609,0.004536395892500877,0.13673093914985657,0.025163335725665092,0.0,0.2412886619567871,0.01226724311709404,0.1043856143951416,0.030271515250205994,0.010292322374880314,0.13128694891929626,0.0,0.03801078349351883,0.0955672562122345,0.0,0.033078521490097046,0.004886253736913204,0.0,0.0,0.0,0.0,0.0,0.009014803916215897,0.0,0.02955339103937149,0.0,0.0,0.0,0.0804220587015152,0.004140786360949278,0.0,0.0,0.0,0.006316750776022673,0.10738550126552582,0.02910960465669632,0.002670733956620097,0.06577068567276001,0.01869911141693592,0.0,0.0,0.009732114151120186,0.05789206549525261,0.0,0.0,0.3153536915779114,0.05898468568921089,0.020244428887963295,0.0,0.031348735094070435,0.0,0.1298915147781372,0.001978628570213914,0.0,0.0,0.005906238686293364,0.0029351806733757257,0.18296277523040771,0.1365618258714676,0.03603681921958923,0.0,0.01840994320809841,0.0627526193857193,0.001924052252434194,0.0,0.0,0.05681018903851509,0.0,0.027709240093827248,0.0,0.06425018608570099,0.0,0.17211845517158508,0.0,0.0,0.001926092547364533,0.24759265780448914,0.06592021137475967,0.0,0.0032692383974790573,0.5745507478713989,0.0,0.019509203732013702,0.0,0.016438283026218414,0.0,0.0,0.0,0.010893125087022781,0.23633699119091034,0.0,0.10509517788887024,0.0,0.0,0.016790129244327545,0.009422294795513153,0.0,0.0002176976267946884,0.005393934436142445,0.0,0.239970862865448,0.10700313746929169,0.0,0.0,0.003632444189861417,0.1101464107632637,0.03116731345653534,0.3590542674064636,0.0,0.0,0.007594012189656496,0.0342925526201725,0.0,0.10038276761770248,0.08733513951301575,0.04447002336382866,0.12380567193031311,0.027031512930989265,0.01621565967798233,0.003503517247736454,0.01866190694272518,0.029906028881669044,0.013528933748602867,0.0,0.0,0.20406681299209595,0.006072285119444132,0.041961055248975754,0.0,0.013976220041513443,0.09642314910888672,0.24693700671195984,0.0,0.04111456871032715,0.0096196960657835,0.0490395687520504,0.006053166463971138,0.0,0.0,0.07855969667434692,0.0,0.005399253219366074,0.14675074815750122,0.04201361536979675,0.03342615067958832,0.0,0.024984870105981827,0.0,0.0,0.04462122917175293,0.0822409987449646,0.060321636497974396,0.0,0.1463439017534256,0.002072504721581936,0.0,0.0,0.008607628755271435,0.05754634737968445,0.24520064890384674,0.02027961239218712,0.09166333079338074,0.06834661215543747,0.0,0.0,0.006244380492717028,0.0,0.0,0.0,0.014388884417712688,0.0,0.0,0.021395646035671234,0.14336401224136353,0.0,0.0038136602379381657,0.03593821823596954,0.0018012248910963535,0.0,0.1892821341753006,0.0,0.004126867279410362,0.03354690968990326,0.045106664299964905,0.0,0.044329360127449036,0.006422711536288261,0.25597333908081055,0.0,0.006730489898473024,0.5719156861305237,0.0,0.04954027757048607,0.010305672883987427,0.0,0.0,0.0,0.007588955108076334,0.026909714564681053,0.0,0.12324753403663635,0.0020879367366433144,0.0,0.0,0.012062899768352509,0.007301194593310356,0.00402644881978631,0.0,0.004893361125141382,0.0,0.002431161468848586,0.003599467221647501,0.0,0.3591153621673584,0.005772269330918789,0.0,0.0,0.0014844253892078996,0.0,0.0,0.6134942770004272,0.0716138556599617,0.02811778523027897,0.029468977823853493,0.09910866618156433,0.0,0.0,0.0,0.18274779617786407,0.01557163242250681,0.05881258100271225,0.019835980609059334,0.014789486303925514,0.007175711449235678,0.0015369737520813942,0.1250639408826828,0.0,0.0026240956503897905,0.0,0.0767640471458435,0.048438649624586105,0.08681027591228485,0.009668204002082348,0.1125267893075943,0.04997218772768974,0.0,0.43700435757637024,0.0,0.0,0.08147860318422318,0.02447614260017872,0.05246112868189812,0.0,0.0023385381791740656,0.0,0.033518966287374496,0.1416141539812088,0.0,0.1865585893392563,0.014159062877297401,0.06069076061248779,0.0,0.029362602159380913,0.37939682602882385,0.0037417160347104073,0.12845763564109802,0.08791082352399826,0.15684086084365845,0.039361387491226196,0.025305528193712234,0.10227388143539429,0.10229919105768204,0.01976529322564602,0.1867849975824356,0.0,0.0,0.3737419545650482,0.0,0.0,0.021773720160126686,0.0,0.0,0.10111954063177109,0.0,0.009811989963054657,0.004277353174984455,0.0,0.0,0.0,0.2639200687408447,0.051473021507263184,0.0,0.0,0.023208266124129295,0.0,0.0,0.12425903230905533,0.004388703033328056,0.06177718937397003,0.0,0.1385786533355713,0.0006869953940622509,0.01685420796275139,0.05841116979718208,0.0,0.037338342517614365,0.0,0.03580990806221962,0.07436150312423706,0.0,0.046226609498262405,0.01977260410785675,0.08583514392375946,0.0,0.08244987577199936,0.0456208698451519,0.0,0.0,0.17950835824012756,0.0,0.0,0.006814043503254652,0.550843358039856,0.16712960600852966,0.0,0.02488170564174652,0.33982962369918823,0.0,0.0032236373517662287,0.0,0.21772126853466034,0.0,0.028872836381196976,0.0,0.0,0.0,0.0,0.07928809523582458,0.0,0.0,0.20836448669433594,0.015886060893535614,0.0,0.0,0.18555457890033722,0.0018966841744259,0.005376223474740982,0.019301075488328934,0.02238859236240387,0.048711907118558884,0.0504097118973732,0.005945288110524416,0.08183632045984268,0.0,0.006796309724450111,0.26707836985588074,0.0,0.0,0.03179790824651718,0.06981859356164932,0.07327079027891159,0.0,0.11567524820566177,0.0,0.0,0.28410065174102783,0.011597692035138607,0.0,0.02411537431180477,0.0,0.0,0.032862257212400436,0.43843722343444824,0.0,0.0,0.25633102655410767,0.04607473313808441,0.002657882636412978,0.09077616780996323,0.0,0.03403817489743233,0.008044910617172718,0.0017826895928010345,0.0,0.0,0.050425704568624496,0.024952078238129616,0.0,0.011886302381753922,0.060728397220373154,0.0849662721157074,0.012085740454494953,0.1844204068183899,0.0,0.04406282305717468,0.013698672875761986,0.0,0.17095138132572174,0.0015149962855502963,0.01058404240757227,0.0982465147972107,0.012696287594735622,0.0,0.19648733735084534,0.07032465189695358,0.0,0.019783729687333107,0.3975851535797119,0.07646282017230988,0.0615900419652462,0.0,0.06326000392436981,0.20534591376781464,0.056762829422950745,0.07523826509714127,0.0,0.09294537454843521,0.0,0.06929709017276764,0.02865094132721424,0.0724487155675888,0.34790730476379395,0.017834706231951714,0.37644919753074646,0.0,0.0102086141705513,0.016256390139460564,0.3131615221500397,0.11463253945112228,0.1267722249031067,0.09844564646482468,0.0,0.021953795105218887,0.0028074311558157206,0.026795027777552605,0.0,0.04459091275930405,0.035380344837903976,0.0,0.0,0.003078809939324856,0.0,0.09916596114635468,0.0,0.0,0.08991851657629013,0.029085449874401093,0.23590430617332458,0.0,0.0,0.006459621246904135,0.0,0.0,0.0,0.42870885133743286,0.0,0.0,0.0,0.0,0.1784394085407257,0.0,0.0,0.0,0.056668318808078766,0.008062329143285751,0.029000824317336082,0.25757479667663574,0.2424541711807251,0.0,0.01267557218670845,0.001527672982774675,0.046236228197813034,0.0,0.0,0.0,0.0,0.03277226537466049,0.00040902613545767963,0.0,0.0,0.009341776371002197,0.008166053332388401,0.17941269278526306,0.10399352759122849,0.0,0.001439953106455505,0.0,0.003395762527361512,0.0,0.3748178482055664,0.027038678526878357,0.29215991497039795,0.0,0.06553202867507935,0.008299469016492367,0.0,0.0,0.04625296965241432,0.0,0.018381524831056595,0.0,0.01673927716910839,0.005049422383308411,0.0,0.02793305367231369,0.0,0.04711209237575531,0.0,0.04059822857379913,0.019363511353731155,0.0,0.0,0.0028989322017878294,0.0,0.0,0.7171968817710876,0.31901124119758606,0.0,0.0,0.028602244332432747,0.0026569587644189596,0.04716627299785614,0.02441289834678173,0.08092573285102844,0.0,0.0,0.704612672328949,0.0,0.0,0.0,0.008291220292448997,0.0,0.0,0.0,0.0,0.0026049946900457144,0.0,0.0,0.4061502516269684,0.025205975398421288,0.0,0.05476527288556099,0.0,0.0035198593977838755,0.0,0.0,0.0,0.0,0.01221256610006094,0.3265605568885803,0.02786610648036003,1.0818885564804077,0.0,0.0,0.0020637083798646927,0.0,0.0,0.023907732218503952,2.3024179935455322,0.012489311397075653,0.0,0.0,0.028462804853916168,0.0,0.0,0.0,0.0412922240793705,0.010577414184808731,0.0,0.5188244581222534,0.0,0.06424281746149063,0.02328452095389366,0.0,0.0,0.0,0.06498528271913528,0.19936835765838623,0.054651450365781784,0.0,0.16716453433036804,0.0,0.0,0.0,0.0,0.0,0.0700191780924797,0.026467392221093178,0.02887561172246933,0.00023365035303868353,0.0,0.24912600219249725,0.015481050126254559,0.0,0.07325004786252975,0.6064685583114624,0.0,0.02124892733991146,0.1378130465745926,0.00010003685747506097,0.02674277313053608,0.0,0.00708776107057929,0.0,0.034301336854696274,0.0,0.0,0.0019285595044493675,0.0,0.0,0.011695530265569687,0.0,0.08091535419225693,0.022516844794154167,0.7946663498878479,0.0,0.045627690851688385,0.00309682241640985,0.004875349812209606,0.056174229830503464,0.0,0.04671400040388107,0.0,0.0,0.6239282488822937,0.0,0.021866559982299805,0.0,0.0,0.0,0.0,0.033279627561569214,0.009933876805007458,0.0,0.0,0.0,0.0,0.0,0.0,0.003244442865252495,0.0,0.0,0.0,0.0,0.0,0.2208269089460373,0.0,0.0819450095295906,0.0,0.0,0.0,0.013429948128759861,0.0,0.05551259592175484,0.0,0.0035610413178801537,0.044446416199207306,0.008825127966701984,0.05142955482006073,0.0,0.03398831933736801,0.16835825145244598,0.0,0.053579363971948624,0.013581056147813797,0.0,0.04028498753905296,0.0,0.029762160032987595,0.0,0.04697157070040703,0.0,0.0,0.0,0.04313695803284645,0.0,0.0,0.0,0.04708514362573624,0.0,0.005313383415341377,0.2951890826225281,0.09251073747873306,0.0,0.01707344315946102,0.0,0.002721489639952779,0.003544924780726433,0.0,0.0053098988719284534,0.05173869431018829,0.020996294915676117,0.0,0.01170288771390915,0.0,0.05056804046034813,0.0022944039665162563,0.0,0.00044945598347112536,0.12136819213628769,0.1821596920490265,0.04062351584434509,0.0,0.0009820270352065563,0.11347927153110504,0.008307766169309616,0.0,0.0,0.2774808704853058,0.09478067606687546,0.09878013283014297,0.023180875927209854,0.001250383909791708,0.0,0.8678662776947021,0.4208727777004242,0.12373583018779755,0.0,0.0,0.0,0.0,0.0,0.02484798990190029,0.006371650844812393,0.5133023262023926,0.016455035656690598,0.13139618933200836,0.0,0.0,0.0,0.008404948748648167,0.05414329469203949,0.0,0.0,0.05200470983982086,0.15748639404773712,0.0,0.0,0.22798128426074982,0.016708288341760635,0.4423556923866272,0.05648896098136902,0.011814318597316742,0.18510356545448303,0.035051751881837845,0.03278464451432228,0.0,0.4038863480091095,0.0148890046402812,0.0,0.004863002337515354,0.0,0.0,0.0,0.11367585510015488,0.0,0.004199665039777756,0.27563029527664185,0.014571590349078178,0.00034464598866179585,0.0,0.019172780215740204,0.02062101848423481,0.0,0.0,0.0,0.001181360799819231,0.16007660329341888,0.008121921680867672,0.0,0.0,0.04728659614920616,0.007683856412768364,0.0,0.003558840835466981,0.0,0.0,0.0,0.0,0.003074944019317627,0.16662204265594482,0.010465369559824467,0.0,0.03412884101271629,0.0,0.16846923530101776,0.0,0.0,0.00367360538803041,0.0,0.07045864313840866,0.04439181834459305,0.0,0.0,0.0,0.0,0.0,0.0,0.0,0.004036330617964268,0.0,0.0,0.0,0.014044747687876225,0.0,0.014418895356357098,0.0,0.044076547026634216,0.01567414589226246,0.034770186990499496,0.003532028291374445,0.04762156307697296,0.0,0.01696193777024746,0.0,0.1350276917219162,0.008291875943541527,0.040390003472566605,0.10272254049777985,0.10501173138618469,0.0,0.0,0.0,0.005112354643642902,0.008834848180413246,0.21752555668354034,0.02559981867671013,0.01607949659228325,0.0,0.025529446080327034,0.028686735779047012,0.03276024013757706,0.0,0.021535206586122513,0.0,0.0,0.07337857037782669,0.07951290905475616,0.0,0.01612272672355175,0.0,0.046808794140815735,0.02440914697945118,0.07000105082988739,0.049366287887096405,0.0,0.00036901116254739463,0.11671625822782516,0.1118481457233429,0.01883016899228096,0.0,0.0,0.008559045381844044,0.0,0.5646830797195435,0.015560164116322994,0.009556704200804234,0.0,0.16980667412281036,0.07714886963367462,0.1141364648938179,0.0,0.11314862221479416,0.0,0.0,0.21038305759429932,0.09083519876003265,0.0,0.07308775186538696,0.0,0.7339090704917908,0.0,0.0012362891575321555,0.01280936598777771,0.009182002395391464,0.0,0.010539133101701736,0.0,0.0,0.047399453818798065,0.001006410107947886,0.17841999232769012,0.0,0.0994558334350586,0.0,0.00010420561011414975,0.007275515701621771,0.13687103986740112,0.08710289001464844,0.0,0.03758559748530388,0.2054583579301834,0.00251633464358747,0.04514247924089432,0.01077880896627903,0.0,0.0,0.09245981276035309,0.07184324413537979,0.0063154436647892,0.0,0.02158697135746479,0.2389967143535614,0.01838068664073944,0.0,0.0016138970386236906,0.02530595473945141,0.15878911316394806,0.0,0.00010729312634794042,0.0,0.025599567219614983,0.0,0.005731072276830673,0.012737874872982502,0.13433796167373657,0.004850549623370171,0.06236942112445831,0.0,0.07106301933526993,0.6266558170318604,0.060303572565317154,0.07200293242931366,0.0,0.08552470803260803,0.005438730586320162,0.0,0.0,0.008093890734016895,0.03070356696844101,0.004499414004385471,0.04827042669057846,0.0027012110222131014,0.032069459557533264,0.007744175847619772,0.426376074552536,0.1628512591123581,0.0,0.04972296580672264,0.0,0.19397851824760437,0.33151522278785706,0.04245850443840027,0.027480874210596085,0.5617163181304932,0.03429596871137619,0.7134531140327454,0.11677651107311249,0.00452828872948885,0.0,0.0,0.0897892415523529,0.0,0.06253260374069214,0.0,0.002875585574656725,0.05085068568587303,0.0,0.024198444560170174,1.3451411724090576,0.2019505351781845,0.03373507410287857,0.0,0.06381185352802277,0.0,0.05439538136124611,0.016808705404400826,0.003532619448378682,0.0,0.3524656593799591,0.06487510353326797,0.03550687059760094,0.016720488667488098,0.0,0.0,0.07341945916414261,0.0039571975357830524,0.11813842505216599,0.05360440909862518,0.0,0.22136430442333221,0.015938809141516685,0.02963573858141899,0.0,0.007422428112477064,0.0,0.0,0.5436975359916687,0.30849117040634155,0.0005839979858137667,0.07118906080722809,0.15715555846691132,0.031119098886847496,0.07784118503332138,0.011034556664526463,0.04823126271367073,0.015835925936698914,0.011956708505749702,0.0,0.0,0.044158514589071274,0.0,0.10758184641599655,0.0,0.10882999747991562,0.1257234811782837,0.016806673258543015,0.0,0.056567732244729996,0.033913157880306244,0.03808964788913727,0.1997637152671814,0.00601663812994957,0.0,0.14256863296031952,0.0,0.014639911241829395,0.07928827404975891,0.011028289794921875,0.05368940532207489,0.0,0.0,0.004848110489547253,0.4267307221889496,0.0,0.051792725920677185,0.023613734170794487,0.0,0.0,0.0,0.020529665052890778,0.0,0.0,0.035040631890296936,0.041494935750961304,0.029176397249102592,0.003826014930382371,0.033558979630470276,0.0,0.7355749607086182,0.12535618245601654,0.0015748429577797651,0.23997874557971954,0.08994676917791367,0.010914654470980167,0.004989698063582182,0.0,0.03080707974731922,0.0,0.01477460190653801,0.06367694586515427,0.010632297955453396,0.008832080289721489,0.0,0.0,0.0,0.006108083762228489,0.0,0.10597215592861176,0.054646071046590805,0.03331226855516434,0.02133026346564293,0.1807338148355484,0.10004489868879318,0.0034050429239869118,0.05682436376810074,0.03279983997344971,0.0,0.11549248546361923,0.0,0.00407162681221962,0.0,0.03485552966594696,0.010699677281081676,0.0,0.05681643635034561,0.2966766655445099,0.0,0.0,0.0,0.04640002176165581,0.0,0.0009792112978175282,0.10280117392539978,0.008606228046119213,0.00024053335073404014,0.1123410016298294,0.008197743445634842,0.004258792847394943,0.013967078179121017,0.0,0.0,0.0,0.0,0.0272697564214468,0.2207837700843811,0.0,0.4631393551826477,0.028093518689274788,0.030355144292116165,0.2573707699775696,0.0001954603212652728,0.016099007800221443,0.0,0.0,0.0025446759536862373,0.002172557171434164,0.16633206605911255,0.45945805311203003,0.0,0.016700830310583115,0.0,0.0,0.011146895587444305,0.0,0.002695525996387005,0.0,0.0,0.517925500869751,0.0,0.0076312776654958725,0.0,0.0,0.17605020105838776,0.009982364252209663,0.0,0.0,0.0,0.17850342392921448,0.021129190921783447,0.05979397892951965,0.0004493784799706191,0.0,0.01089110504835844,0.017148127779364586,0.0,0.0034238314256072044,0.06942818313837051,0.024746570736169815,0.03648408129811287,0.014432323165237904,0.0029488911386579275,0.0,0.07155546545982361,0.0,0.029001260176301003,0.0,0.0,0.04087158665060997,0.058715563267469406,0.077967569231987,0.0,0.021866733208298683,0.0561850443482399,0.07159307599067688,0.0,0.043651994317770004,0.543592095375061,0.0037275422364473343,0.2611459493637085,0.04714212939143181,0.1576378494501114,0.030034074559807777,0.24163885414600372,0.0,0.0,0.0,0.06302052736282349,0.013420003466308117,0.0034509021788835526,0.0004332256212364882,0.02275809273123741,0.0,0.03563208878040314,0.016110921278595924,0.05821084976196289,0.0,0.35928359627723694,0.01656663976609707,0.05724123865365982,0.003267353167757392,0.009582871571183205,0.05000726878643036,0.012211254797875881,0.06161722540855408,0.02382597140967846,0.0,0.016876285895705223,0.03207241743803024,0.0,0.017668582499027252,0.05981723964214325,0.02275357022881508,0.011752128601074219,0.005710880737751722,0.019067106768488884,0.011045482009649277,0.025201113894581795,0.0,0.0,0.0,0.07484004646539688,0.06664180010557175,0.7083348631858826,0.0,0.0,0.0,0.0,0.0050773704424500465,0.05083564668893814,0.0,0.0,0.0,0.0,0.0,0.019147351384162903,0.14483283460140228,0.0,0.007145988754928112,0.21931831538677216,0.052492905408144,0.22491496801376343,0.020337413996458054,0.0973200872540474,0.0,0.14758121967315674,0.0,0.0,0.002894293051213026,0.0025166929699480534,0.0023607027251273394,0.0,0.3540145456790924,0.0,0.0,0.1270751804113388,0.0,0.007600258570164442,0.0,0.0,0.0004955172771587968,0.0,0.014237513765692711,0.05397823825478554,0.01392398215830326,0.0,0.0,0.018466416746377945,0.025942707434296608,0.0,1.4269351595430635e-05,0.11098182946443558,0.026391392573714256,0.04562988132238388,0.07951001822948456,0.0,0.06524235010147095,0.0,0.0,0.0,0.19662418961524963,0.0,0.0001236695097759366,0.0325016975402832,0.0037873852998018265,0.0136714493855834,0.0,0.0,0.061600156128406525,0.0,0.0,0.0,0.0,0.0,0.0,0.002704932587221265,0.00885190349072218,0.025331996381282806,0.5329000949859619,0.0,0.014122885651886463,0.0018365633441135287,0.0,0.00186974520329386,0.23127952218055725,0.0,0.10933059453964233,0.2864892780780792,0.0,0.0,0.010330126620829105,0.0,0.0,0.0,0.0,0.41227298974990845,0.0,0.0,0.0,0.0,0.0,0.3326932489871979,0.07149014621973038,0.011848706752061844,0.0011788996635004878,0.006648161448538303,0.1657884418964386,0.33469852805137634,0.0,0.0,0.02310110069811344,0.0,0.0,0.0,0.0,0.0,0.030625471845269203,0.0,0.0,0.0,0.0,0.2699071168899536,0.0,0.04057517647743225,0.03379194438457489,0.01283224020153284,0.0,0.2554258704185486,0.12843991816043854,0.0,0.09597475081682205,0.011268150992691517,0.01768140308558941,0.0,0.0038214188534766436,0.06409532576799393,0.0,0.0,0.0309477336704731,0.0,0.010687091387808323,0.040267057716846466,0.022759580984711647,0.0,0.002583465538918972,0.0,0.08585558086633682,0.014135457575321198,0.018610551953315735,0.0027952075470238924,0.0,0.05403440445661545,0.04219125583767891,0.061469364911317825,0.04440460354089737,0.0,0.0,0.012499623000621796,0.06164644658565521,0.0,0.0,0.015997620299458504,0.0,0.016384735703468323,0.0,0.0,0.0,0.0,0.0010358024155721068,0.005264269188046455,0.0030834139324724674,0.0,0.0,0.06714377552270889,0.034883394837379456,0.05357618257403374,0.012209169566631317,0.042619649320840836,0.0014433979522436857,0.0,2.7792453693109564e-05,0.3631274104118347,0.0,0.07866020500659943,0.024914875626564026,0.003292940789833665,0.0,0.34074097871780396,0.008489170111715794,0.040007334202528,0.0
0.0,0.0009394299704581499,0.35835784673690796,0.0027224780060350895,0.0,0.0,0.023957831785082817,0.02306850627064705,0.004250416532158852,0.09256765246391296,0.0,0.0786876454949379,0.04678924381732941,0.25962647795677185,0.09184698760509491,0.1855478435754776,0.008153354749083519,0.010430216789245605,0.0,0.2339613288640976,0.04240785539150238,0.0,0.0188971608877182,0.19738543033599854,0.05019107460975647,0.1442115753889084,0.0,0.0,0.0,0.0017680132295936346,0.4072776734828949,0.07410558313131332,0.0002991378423757851,0.0,0.19707481563091278,0.2011827826499939,0.0057206223718822,0.039277490228414536,0.0,0.0895036906003952,0.2605333626270294,0.0,0.008456511422991753,0.06987284123897552,0.5072132349014282,0.00370236043818295,0.04653488099575043,0.0,0.2424602508544922,0.0,0.0,0.15414583683013916,0.0,0.14710639417171478,0.02123764529824257,0.0,0.0,0.0,0.13063868880271912,0.013652506284415722,0.0,0.4023698568344116,0.08324131369590759,0.0,0.010875869542360306,0.33243221044540405,0.11105190217494965,0.016589175909757614,0.023029977455735207,0.00375459436327219,0.2779756188392639,0.008281366899609566,0.025098981335759163,0.11704670637845993,0.0014468288281932473,0.08754437416791916,0.4134175181388855,0.0010340276639908552,0.15421049296855927,0.398668110370636,0.0,0.08958979696035385,0.0,0.08178015798330307,0.025006018579006195,0.33011794090270996,0.02878597192466259,0.0,0.0,0.036974720656871796,0.02418382838368416,0.010766787454485893,0.17530658841133118,0.5390140414237976,0.0028103708755224943,0.12566258013248444,0.03201146051287651,0.0,0.0,0.0017496609361842275,0.020880386233329773,0.03727823868393898,0.1640775054693222,0.007416100706905127,0.13519081473350525,0.010312077589333057,0.02021048590540886,0.0,0.006904025096446276,0.007122950628399849,0.018963705748319626,0.02342478558421135,0.0,0.13784123957157135,0.014667026698589325,0.3751508593559265,0.0,0.09058929234743118,0.0,0.14022262394428253,0.011529403738677502,0.009379660710692406,0.23516494035720825,0.030232379212975502,0.013312526047229767,0.0,0.19118863344192505,0.028579628095030785,0.10217386484146118,0.0,0.1082216426730156,0.0012754368362948298,0.04987536370754242,0.004758970811963081,0.07895305752754211,0.07482308149337769,0.021567072719335556,0.0,0.01307622715830803,0.0,0.10242319107055664,0.04035397619009018,0.0,0.02064952813088894,0.20911771059036255,0.0,0.008579370565712452,0.27449482679367065,0.03718528896570206,0.06260552257299423,0.02804522216320038,0.0,0.0360226072371006,0.059898585081100464,0.0,0.0257253460586071,0.009927501901984215,0.017504392191767693,0.1137993112206459,0.10012988746166229,0.0021219421178102493,0.01984194479882717,0.02675555646419525,0.40118423104286194,0.06558781862258911,0.0,0.2852800488471985,0.010773558169603348,0.12619701027870178,0.4033246636390686,0.09924688190221786,0.034144166857004166,0.05553290247917175,0.19757439196109772,0.04271291568875313,0.054829321801662445,0.533084511756897,0.0,0.0,0.35236817598342896,0.0,0.0,0.04139065742492676,0.04350165277719498,0.017766844481229782,0.26986753940582275,0.1385015845298767,0.05446631461381912,0.08000239729881287,0.2611233592033386,0.03513703495264053,0.0953170582652092,0.0,0.0,0.021525738760828972,0.024414658546447754,0.025130776688456535,0.0007222414133138955,0.3123094141483307,0.0022651052568107843,0.11872341483831406,0.033452171832323074,0.0,0.16321660578250885,0.0,0.007253976073116064,0.04154195636510849,0.013951070606708527,0.059593334794044495,0.09595287591218948,0.15803150832653046,0.0,0.19082261621952057,0.0,0.01687737926840782,0.02530357427895069,0.03798491880297661,0.01194513589143753,0.0,0.02049900032579899,0.06130710616707802,0.02250746265053749,0.18337024748325348,0.16239053010940552,0.0,0.206766739487648,0.0034599972423166037,0.010783085599541664,0.11810019612312317,0.13435904681682587,0.1447973996400833,0.0,0.2130274623632431,0.08428207039833069,0.13175904750823975,0.27292683720588684,0.030711937695741653,0.08253932744264603,0.035727065056562424,0.01136435754597187,0.0,0.0632910281419754,0.041722673922777176,0.0,0.08554615080356598,0.04743724316358566,0.014246604405343533,0.0367155522108078,0.0,0.00996555108577013,0.01931283250451088,0.0,0.011991040781140327,0.006773028522729874,3.3025742595782503e-05,0.08295407146215439,0.0,0.06454883515834808,0.026959190145134926,0.4204886555671692,7.08770749042742e-05,0.019809357821941376,0.023558087646961212,0.0,0.13682034611701965,0.05010564252734184,0.06749288737773895,0.04404531046748161,0.0,0.035683151334524155,0.11062140762805939,0.022391224279999733,0.007868843153119087,0.09534858912229538,0.07344462722539902,0.0,0.02758997678756714,0.04419318214058876,0.13406026363372803,0.19002290070056915,0.003246622160077095,0.0,0.01458823960274458,0.15601783990859985,0.01855284720659256,0.6053473949432373,0.0,0.0,0.1989920437335968,0.037134069949388504,0.1538967490196228,0.047797489911317825,0.05435177683830261,0.0,0.037666384130716324,0.040139082819223404,0.1538832038640976,0.0,0.2949518859386444,0.0,0.007819633930921555,0.0166682880371809,0.16763320565223694,0.12696661055088043,0.1307283192873001,0.007412288337945938,0.0,0.023372145369648933,0.0,0.0,0.0015463042072951794,0.12092407047748566,0.019176943227648735,0.19520696997642517,0.06511508673429489,0.35089561343193054,0.038084883242845535,0.008174318820238113,0.1453985720872879,0.030312033370137215,0.0,0.05986810848116875,0.0,0.0,0.666988730430603,0.0,0.0,0.013952522538602352,0.0,0.0,0.0024719738867133856,0.0514899305999279,0.0,0.0,0.0,0.0,0.0,0.0,0.01348827499896288,0.09701673686504364,0.079531729221344,0.0026123577263206244,0.0,0.0,0.0,0.0,0.0,0.0,0.0004510855651460588,0.0,0.15836626291275024,0.017249695956707,0.1342690885066986,0.04516586288809776,0.2924884855747223,0.0,0.0,0.0,0.11442247033119202,0.008433377370238304,0.016589893028140068,0.003221514169126749,0.0,0.0,0.0031638259533792734,0.0,0.09000734239816666,0.026254350319504738,0.0036672032438218594,0.0,0.49371156096458435,0.0,0.0,0.02661190740764141,0.00180966523475945,0.0009018260752782226,0.0,0.0,0.0046134102158248425,0.17537502944469452,0.054314836859703064,0.0007041668868623674,0.0,0.0,0.00536551047116518,0.0,0.0,0.05562378838658333,0.0,0.0,0.16917113959789276,0.0,0.0,0.0,0.0,0.0,0.10309533774852753,0.0,0.07525622099637985,0.012093719094991684,0.016132738441228867,0.008049491792917252,0.0,0.0,0.0009570455295033753,0.0,0.02599385194480419,0.0,0.0,0.022803377360105515,0.0,0.0,0.0,0.0,0.002079976722598076,0.0,0.0,0.0,0.0,0.0,0.01814195327460766,0.0,0.08736994117498398,0.0,0.022537365555763245,0.10840849578380585,0.009835036471486092,0.009561169892549515,0.0013042056234553456,0.10222353786230087,0.0,0.012560838833451271,0.0,0.08971083909273148,0.0,0.0,0.0,0.0,0.0009527975344099104,0.0,0.0,0.0,0.0030604375060647726,0.009134151041507721,0.0,0.0,0.046782005578279495,0.0,0.02706908993422985,0.014738022349774837,0.014310795813798904,0.0,0.0,0.06574270129203796,0.0,0.00035998583189211786,0.0,0.0,0.014784140512347221,0.0,0.0022691672202199697,0.2036149948835373,0.0,0.0,0.09460464119911194,0.23989228904247284,0.044284604489803314,0.0,0.0,0.004192137625068426,0.0,0.0,0.023709867149591446,0.0,0.022554168477654457,0.0,0.0,0.03032424859702587,0.07469389587640762,0.0,0.0,0.0,0.11101806908845901,0.0025561260990798473,0.04107556864619255,0.21833673119544983,0.010841219685971737,0.0,0.0,0.0,0.004873637109994888,0.0,0.0,0.0,0.0,0.0,0.0,0.007381467614322901,0.041485223919153214,0.0,0.0,0.0,0.028937537223100662,0.023667221888899803,0.030428126454353333,0.0,0.0,0.0033101802691817284,0.12037201970815659,0.008859192952513695,0.05217059701681137,0.02041434496641159,0.0,0.0025853561237454414,0.0,0.0,0.12399592995643616,0.046446166932582855,0.0,0.008034982718527317,0.0,0.0,0.4191317856311798,0.0,0.0,0.0,0.0,0.0,0.0,0.030397165566682816,0.04662860557436943,0.0,0.00481428625062108,0.0,0.0,0.1358872652053833,0.0,0.0,0.0,0.042209725826978683,0.003420871449634433,0.04776422679424286,0.0,0.08003593236207962,0.0,0.0,0.020617056638002396,0.0,0.0005424654227681458,0.0,0.0,0.041776251047849655,0.0041540395468473434,0.1944243460893631,0.008018233813345432,0.008471999317407608,0.0,0.0,0.023658744990825653,0.0,0.0,0.11042313277721405,0.04814430698752403,0.0,0.21119742095470428,0.05546334385871887,0.0,0.0,0.061486005783081055,0.2927961051464081,0.0,0.03746705874800682,0.06532218307256699,0.0,0.00018157601880375296,0.017324870452284813,0.0006802940624766052,0.002000976586714387,0.0,0.015434499830007553,0.10743056237697601,0.0,0.07340124249458313,0.0,0.15933385491371155,0.028762059286236763,0.09028277546167374,0.034779373556375504,0.0,0.0,0.0,0.0,0.008535616099834442,0.0,0.0021099161822348833,0.1760292500257492,0.004281966481357813,0.018433155491948128,0.0,0.0,0.0,0.0,0.0,0.0,0.0004846507217735052,0.0,0.0,0.4475010931491852,0.009385804645717144,0.052227094769477844,0.0,0.13332228362560272,0.0,0.0,0.003734573721885681,0.027435891330242157,0.024765457957983017,0.05534681677818298,0.0,0.0,0.0,0.0,0.0,0.0,0.010309918783605099,0.006338662002235651,0.0,0.008912977762520313,0.0,0.0392877496778965,0.04410354793071747,0.011512929573655128,0.0,0.0,0.0,0.0,0.0,0.0,0.0,0.0,0.0,0.0,0.15624971687793732,0.015440837480127811,0.0,0.0,0.0,0.0,0.03595198690891266,0.0,0.0,0.01209225319325924,0.0,0.0,0.012797253206372261,0.0,0.0,0.11224040389060974,0.029571382328867912,0.13903145492076874,0.016680195927619934,0.0,0.26574450731277466,0.003496613120660186,0.1419864296913147,0.0010124826803803444,0.0,0.0964520201086998,0.0,0.029946623370051384,0.05751308053731918,0.0,0.019544092938303947,0.001074195490218699,0.0,0.0,0.0,0.0,0.0,0.006403070874512196,0.0,0.05713309347629547,0.0,0.0,0.0,0.06501255184412003,0.0054073757492005825,0.0,0.0,0.0,0.0,0.14044003188610077,0.011371446773409843,0.004782130941748619,0.07310090214014053,0.04182097315788269,0.0,0.0,0.0021754438057541847,0.05699612572789192,0.0,0.0,0.347167432308197,0.0437786690890789,0.022405028343200684,0.0,0.032650176435709,0.0,0.1386183351278305,0.00278909201733768,0.0,0.0024221998173743486,0.0,0.0059028626419603825,0.17342014610767365,0.14163798093795776,0.02660278044641018,0.0,0.007761876564472914,0.07261025160551071,0.000926343200262636,0.0,0.0,0.06713195145130157,0.0,0.020011698827147484,0.0,0.05465167015790939,0.0,0.18615223467350006,0.0,0.0,0.0008833932806737721,0.22845107316970825,0.07043378055095673,0.005291125737130642,0.011789887212216854,0.5771006941795349,0.0,0.02799980156123638,0.0,0.020044606178998947,0.0,0.0,0.0,0.008242886513471603,0.2609322965145111,0.0,0.15052294731140137,0.0020394311286509037,0.0,0.0034706369042396545,0.00427525769919157,0.0,0.0118382778018713,0.01262384932488203,0.0,0.21710360050201416,0.09477788954973221,0.0,0.0,0.0050272648222744465,0.08463472127914429,0.006457725539803505,0.3302757740020752,0.0,0.0,0.0,0.0624823272228241,0.0,0.10403957217931747,0.05814123526215553,0.04953153431415558,0.09557962417602539,0.029571646824479103,0.02300012856721878,0.008360203355550766,0.023102769628167152,0.03726593405008316,0.02185055986046791,0.0,0.0,0.1953883171081543,0.006003601476550102,0.03264038637280464,0.012036329135298729,0.012334786355495453,0.10698621720075607,0.26178717613220215,0.0,0.027113037183880806,0.05387181416153908,0.037455786019563675,0.00929717905819416,0.0,0.0,0.07192537933588028,0.0,0.0,0.14363199472427368,0.04717615619301796,0.020980190485715866,0.0,0.024903493002057076,0.0,0.0,0.038451310247182846,0.09283610433340073,0.07233187556266785,0.004122999496757984,0.17613089084625244,0.0,0.0,0.0,0.018387869000434875,0.04601544886827469,0.32586565613746643,0.04470561444759369,0.09783704578876495,0.0875256359577179,0.0,0.0,0.010997097939252853,0.0,0.0,0.0026507931761443615,0.022226912900805473,0.0,0.0,0.015447663143277168,0.10270128399133682,0.0,0.0,0.053853705525398254,0.0,0.0,0.26076623797416687,0.0,0.0,0.0320519357919693,0.032426122575998306,0.0,0.02748320810496807,0.0,0.2626606225967407,0.0,0.0,0.5159100294113159,0.0,0.02295905351638794,0.00046607732656411827,0.0,0.0,0.0,0.02047727070748806,0.01673954352736473,0.0,0.11602569371461868,0.0,0.0,0.0,0.0,0.000653699622489512,0.02280876599252224,0.0,0.016452837735414505,0.0,0.0,0.005436222534626722,0.0,0.2634841799736023,0.0,0.0,0.0,0.0036284723319113255,0.0,0.0,0.6381464600563049,0.06981996446847916,0.024357018992304802,0.026059474796056747,0.10381505638360977,0.0,0.0,0.0,0.1824675053358078,0.02409103699028492,0.07402165234088898,0.010449638590216637,0.0099757956340909,0.0038694357499480247,0.011921219527721405,0.16358189284801483,0.0,0.0003194820892531425,0.0,0.08190784603357315,0.045287102460861206,0.07883594185113907,0.0045603252947330475,0.12734359502792358,0.034261975437402725,0.0,0.49575746059417725,0.0,0.0,0.05367449298501015,0.025907354429364204,0.06109994277358055,0.0,0.007277501281350851,0.0,0.04267466440796852,0.1500117927789688,0.0,0.16548091173171997,0.022960733622312546,0.07407638430595398,0.0,0.01959950663149357,0.41378048062324524,0.042399290949106216,0.07414489984512329,0.10110040009021759,0.18690867722034454,0.05652347207069397,0.021048929542303085,0.09952788054943085,0.07925339788198471,0.02540755271911621,0.1820804625749588,0.0,0.0,0.35461342334747314,0.00015996098227333277,0.0,0.0490293875336647,0.0,0.0,0.10347465425729752,0.005104695446789265,0.004166583996266127,0.0,0.0,0.0,0.0,0.2427920699119568,0.04857569560408592,0.0,0.0,0.017939405515789986,0.0,0.010947964154183865,0.09023404121398926,0.0,0.07872385531663895,0.0,0.13347743451595306,0.0,0.03591477498412132,0.08160331845283508,0.0,0.04593081399798393,0.0,0.034758228808641434,0.13034820556640625,0.0,0.058037951588630676,0.027052460238337517,0.1136295422911644,0.0,0.11868167668581009,0.056106604635715485,0.0007931762957014143,0.0,0.25287193059921265,0.0,0.0,0.002236341591924429,0.6223843097686768,0.1651110053062439,0.003155723912641406,0.02267155610024929,0.30501124262809753,0.0,0.0,0.0,0.20330286026000977,0.0,0.043927259743213654,0.0,0.0,0.0,0.0,0.06865573674440384,0.0,0.0,0.16722701489925385,0.01915431208908558,0.0,0.0,0.21421891450881958,0.0055204699747264385,0.005863228812813759,0.020157961174845695,0.03841068968176842,0.06304121017456055,0.014773818664252758,0.009038276970386505,0.07981890439987183,0.0010738474084064364,0.0,0.25471001863479614,0.0,0.0,0.020766017958521843,0.07106928527355194,0.08061922341585159,0.0,0.10225636512041092,0.0,0.0,0.3623639643192291,0.010032116435468197,0.0,0.03539169579744339,0.0,0.0,0.028206538408994675,0.42682400345802307,0.0,0.0,0.2362888753414154,0.06365589797496796,0.055488165467977524,0.0695478543639183,0.0,0.02538646012544632,0.027721304446458817,0.0043409732170403,0.0,0.0,0.06386438012123108,0.008494601584970951,0.0,0.008580876514315605,0.05206040292978287,0.07820642739534378,0.0015682100784033537,0.1493784785270691,0.0,0.012599224224686623,0.006402734667062759,0.0,0.18997196853160858,0.0057717240415513515,0.014487559907138348,0.11549635231494904,0.002379298210144043,0.0,0.1618536412715912,0.02745862677693367,0.0,0.013260084204375744,0.3734648823738098,0.06390879303216934,0.07331777364015579,0.0,0.0570964477956295,0.20089659094810486,0.06245985999703407,0.08743823319673538,0.0,0.06861312687397003,0.027399053797125816,0.03260231018066406,0.017559800297021866,0.057997360825538635,0.35434773564338684,0.0,0.4075329601764679,0.0,0.020229341462254524,0.028642447665333748,0.28636282682418823,0.1140785813331604,0.16328749060630798,0.10033144056797028,0.0,0.015988966450095177,0.0070327771827578545,0.019792327657341957,0.0,0.018029706552624702,0.02723495289683342,0.0,0.0,0.0027675351593643427,0.0,0.12048602849245071,0.0,0.0,0.07422156631946564,0.04039265960454941,0.18290431797504425,0.0,0.0,0.003818647935986519,0.0,0.0,0.0,0.42613598704338074,0.0,0.0,0.0,0.0,0.20937244594097137,0.0,0.0,0.0,0.08872467279434204,0.006954238284379244,0.012234819121658802,0.2548784911632538,0.23553650081157684,0.0,0.009409603662788868,0.000895543722435832,0.0415947251021862,0.0,0.0,0.0,0.0,0.03888555243611336,0.013138722628355026,0.0,0.0,0.008101225830614567,0.002968105021864176,0.2473154067993164,0.05882888659834862,0.0,0.0049215578474104404,0.0,0.0,0.0,0.3856726586818695,0.019948510453104973,0.2627890110015869,0.0,0.050930965691804886,0.006478643044829369,0.007756440434604883,0.0,0.04519294574856758,0.0,0.011732863262295723,0.0,0.01077012438327074,0.01589248515665531,0.0,0.017074408009648323,0.0,0.04369320720434189,0.0,0.04136911779642105,0.026091448962688446,0.0,0.0,0.007931516505777836,0.0,0.0,0.7182998657226562,0.31413382291793823,0.0,0.0,0.020078692585229874,0.0,0.015546628274023533,0.02433336339890957,0.08460220694541931,0.0,0.0,0.6896786689758301,0.0,0.0,0.0,0.017372453585267067,0.0,0.0,0.0,0.0,0.0,0.0,0.0,0.40103888511657715,0.03793740272521973,0.0,0.06136133149266243,0.0,0.009571338072419167,0.0,0.0,0.0,0.0,0.011222140863537788,0.33315879106521606,0.026384001597762108,1.033887505531311,0.0,0.0,0.005615340545773506,0.0,0.0,0.024452529847621918,2.2905333042144775,0.014191537164151669,0.0,0.0,0.028495220467448235,0.0,0.0,0.0,0.056945525109767914,0.006020782049745321,0.0,0.48622453212738037,0.0,0.012110471725463867,0.02438506670296192,0.0,0.0,0.0,0.09223825484514236,0.255427747964859,0.053988732397556305,0.0,0.1436169147491455,0.0,0.0,0.0,0.0,0.0,0.07175339013338089,0.004441000055521727,0.01917959749698639,0.0,0.0,0.19280022382736206,0.012950253672897816,0.0,0.043493274599313736,0.5394449830055237,0.0,0.014302846975624561,0.14693796634674072,0.0,0.022449929267168045,0.0008824144024401903,0.003802285296842456,0.0,0.024606352671980858,0.0,0.0,0.0034329616464674473,0.0,0.0,0.003849620930850506,0.0,0.06264407932758331,0.031824029982089996,0.8553679585456848,0.0,0.03601931035518646,9.758353553479537e-05,0.0018827366875484586,0.03475825488567352,0.0,0.05476716160774231,0.0,0.0,0.6015079617500305,0.0,0.011673138476908207,0.0,0.0,0.0,0.0,0.02760576270520687,0.0,0.0,0.004180987365543842,0.0,0.0,0.0,0.0008742386125959456,0.0261381808668375,0.0,0.0,0.004713347647339106,0.0,0.0003403630980756134,0.17904075980186462,0.0,0.048287056386470795,0.0,0.0,0.0,0.0,0.0,0.06024385616183281,0.0,0.00290461303666234,0.0343482531607151,0.0006160283228382468,0.03141262009739876,0.0,0.02917238511145115,0.17840099334716797,0.0,0.058690160512924194,0.0056829857639968395,0.0,0.026066577062010765,0.0,0.01240340806543827,0.0,0.028416521847248077,0.0,0.0,0.0,0.03818131983280182,0.0,0.0,0.013008644804358482,0.07470738142728806,0.0,0.0,0.31604722142219543,0.09685342013835907,0.0,0.014525252394378185,0.0,0.00705711729824543,0.008333696983754635,0.0,0.002681527053937316,0.07738038897514343,0.033261753618717194,0.0,0.028711268678307533,0.0,0.06923868507146835,0.0019993549212813377,0.0,0.0,0.12969405949115753,0.1843799352645874,0.033753614872694016,0.0,0.00977017730474472,0.07331046462059021,0.004207824356853962,0.00024665475939400494,0.0,0.28659555315971375,0.09558159112930298,0.07860536873340607,0.01776457019150257,0.0,0.0,0.9257569909095764,0.4301665127277374,0.08221220970153809,0.0,0.0,0.0,0.0,0.003351167542859912,0.026750825345516205,0.014365484938025475,0.4677157700061798,0.010514982976019382,0.11790504306554794,0.0,0.0023181771393865347,0.0,0.008565716445446014,0.030641580000519753,0.0,0.0043015871196985245,0.0671195313334465,0.16769087314605713,0.0,0.0,0.19366422295570374,0.009407149627804756,0.4150334894657135,0.057384297251701355,0.006951102055609226,0.18378837406635284,0.022895781323313713,0.021495165303349495,0.0,0.40319663286209106,0.01722867041826248,0.0,0.006647754926234484,0.0,0.0,0.0,0.12880367040634155,0.0,0.002253544284030795,0.26060688495635986,0.021500196307897568,0.0,0.0,0.012460937723517418,0.014887196943163872,0.0,0.0,0.0,0.0,0.12256179749965668,0.0,0.0,0.0,0.06364617496728897,0.00450507877394557,0.0,0.002194108907133341,0.0,0.0,0.0,0.0,0.0,0.0850498378276825,0.0,0.0,0.0050069368444383144,0.0,0.18377311527729034,0.0,0.0,0.0015407955506816506,0.0,0.06435111910104752,0.0319785550236702,0.0,0.0,0.0,0.0,0.0,0.0,0.0,0.0076027303002774715,0.0,0.0,0.0,0.017457904294133186,0.0,0.0,0.0,0.023979205638170242,0.018377672880887985,0.02168915793299675,0.002595119411125779,0.035721585154533386,0.0,0.02325185388326645,0.0,0.10919690877199173,0.0004998802905902267,0.03843733295798302,0.0478697195649147,0.10868564248085022,0.0,0.0,0.0,0.002793349092826247,0.004287040326744318,0.21935558319091797,0.032049890607595444,0.011771339923143387,0.0,0.030211323872208595,0.05613214150071144,0.02586361952126026,0.0019071591086685658,0.02404412440955639,0.0,0.0,0.013055210001766682,0.09463082998991013,0.014873871579766273,0.021873416379094124,0.0,0.024185629561543465,0.006060757674276829,0.0721311941742897,0.042462218552827835,0.0,0.0,0.1322871744632721,0.10303794592618942,0.022944964468479156,0.0,0.0,0.013097953051328659,0.0,0.585622251033783,0.01654881425201893,0.008036315441131592,0.0,0.12010660022497177,0.08848223090171814,0.10300662368535995,0.0,0.09588751196861267,0.0,0.0,0.19339382648468018,0.11982952058315277,0.0,0.08299365639686584,0.003071544226258993,0.756276547908783,0.0,0.0,0.02416108548641205,0.0,0.0012639558408409357,0.01924605295062065,0.0,0.0,0.011361944489181042,0.0,0.1839752197265625,0.0,0.08048686385154724,0.0,0.0,0.0006808990146964788,0.09906934946775436,0.09187275916337967,0.0,0.02570945955812931,0.1444496512413025,0.0028980011120438576,0.0572914257645607,0.015640027821063995,0.0,0.0,0.07954598218202591,0.03733808919787407,0.002824964467436075,0.0,0.024363968521356583,0.20775765180587769,0.016121773049235344,0.0,0.0,0.024554859846830368,0.15980030596256256,0.0,0.0040597980841994286,0.0,0.016238758340477943,0.0,0.005629016552120447,0.015649108216166496,0.10188882797956467,0.0,0.06476584821939468,0.0,0.08164830505847931,0.6081773638725281,0.06935541331768036,0.05158518627285957,0.0024006986059248447,0.078864187002182,0.02419941872358322,0.0,0.0,0.003311359789222479,0.02689489908516407,0.04232393577694893,0.04887659475207329,0.005777273327112198,0.04286453127861023,0.0025999106001108885,0.38748806715011597,0.11913731694221497,0.0,0.05629021301865578,0.02200399711728096,0.19085006415843964,0.3342369794845581,0.03373703733086586,0.03749420866370201,0.5138575434684753,0.027601074427366257,0.6944583058357239,0.09570209681987762,0.007076863199472427,0.0,0.0,0.09344350546598434,0.0,0.06565958261489868,0.0,0.0,0.027713309973478317,0.0,0.037482958287000656,1.3787177801132202,0.2186916023492813,0.04089532792568207,0.0006299901288002729,0.0943298265337944,0.0,0.045436128973960876,0.016619514673948288,0.006462505087256432,0.0,0.4022907018661499,0.05265729874372482,0.03980959579348564,0.03369530290365219,0.0,0.0,0.042577728629112244,0.0,0.08152569085359573,0.06089526787400246,0.0,0.2298896163702011,0.024179844185709953,0.031168101355433464,0.0,0.004587526433169842,0.0,0.0,0.5945588946342468,0.31219130754470825,0.0,0.07552917301654816,0.16960278153419495,0.02762461267411709,0.11663303524255753,0.008348819799721241,0.04511607810854912,0.011619726195931435,0.0,0.003623170778155327,0.0,0.005406217649579048,0.0,0.09880471974611282,0.0,0.11880411952733994,0.15463581681251526,0.022980952635407448,0.0,0.07930051535367966,0.03779486566781998,0.03695250675082207,0.2007414698600769,0.012052536010742188,0.0,0.13072268664836884,0.0,0.00432192487642169,0.07702204585075378,0.002511520404368639,0.04722263291478157,0.0,0.0,0.0,0.4378832280635834,0.0,0.04511231556534767,0.008995626121759415,0.0,0.0,0.0,0.023431992158293724,0.0,0.0,0.026041654869914055,0.023496165871620178,0.024709273129701614,0.0,0.019417447969317436,0.0,0.7870424389839172,0.14694862067699432,0.005509932059794664,0.23652110993862152,0.10977707803249359,0.008076592348515987,0.007645513862371445,0.0,0.019266456365585327,0.0,0.015198328532278538,0.06327296048402786,0.01029900647699833,0.008856257423758507,0.0,0.0,0.0,0.003141876542940736,0.0,0.11519685387611389,0.06459669768810272,0.02328389324247837,0.02060789056122303,0.12810592353343964,0.08682718127965927,0.009661652147769928,0.08553231507539749,0.030771853402256966,0.0,0.130074143409729,0.0025662623811513186,0.0,0.0,0.04011864587664604,0.006527178455144167,0.0,0.06475771963596344,0.30151939392089844,0.0,0.0,0.0,0.036204829812049866,0.0,9.658932685852051e-05,0.06684636324644089,0.010442479513585567,0.0,0.08420184254646301,0.007851872593164444,0.008539085276424885,0.023474251851439476,0.0,0.0,0.0053637670353055,0.0,0.02736693061888218,0.18083138763904572,0.0009249353315681219,0.4478408396244049,0.020373038947582245,0.018686354160308838,0.24505330622196198,0.0,0.014828069135546684,0.0,0.0,0.008299264125525951,0.00405552051961422,0.16005373001098633,0.4659866690635681,0.0011049878085032105,0.01734148897230625,0.0,0.0,0.008564609102904797,0.0,0.013485019095242023,0.0,0.0,0.4903944432735443,0.0,0.011486812494695187,0.0,0.0,0.19911658763885498,0.007938670925796032,0.0,0.0,0.0,0.21703140437602997,0.015578103251755238,0.04039526358246803,0.0,0.0,0.006686710752546787,0.01801072619855404,0.0,0.0,0.0739789605140686,0.024179721251130104,0.042868051677942276,0.018739009276032448,0.0,0.00895596295595169,0.03211618959903717,0.0,0.032972551882267,0.0,0.0,0.03546956926584244,0.06176396459341049,0.08735683560371399,0.0,0.03470548614859581,0.05875285714864731,0.04443392902612686,0.0,0.056588493287563324,0.5331017374992371,0.002695289207622409,0.26636195182800293,0.03754444792866707,0.12390276789665222,0.011356775648891926,0.31210196018218994,0.0,0.01718417927622795,0.0,0.05649556964635849,0.023825330659747124,0.011953051201999187,0.0,0.03377654775977135,0.0,0.0362488329410553,0.027388693764805794,0.08583855628967285,0.0,0.3766886591911316,0.027903763577342033,0.01762852631509304,0.008703426457941532,0.0,0.04296879842877388,0.0,0.03983260318636894,0.012837967835366726,0.0,0.012514017522335052,0.02598520740866661,0.0,0.020998110994696617,0.05199914053082466,0.015495124273002148,0.003289434826001525,0.003809301881119609,0.035434871912002563,0.01922018826007843,0.020455336198210716,0.0,0.0,0.0,0.06914114952087402,0.06924955546855927,0.7485150098800659,0.0,0.0,0.0,0.0,0.0,0.05565241724252701,0.0,0.0,0.0,0.0,0.0,0.013037694618105888,0.13172869384288788,0.0,0.015712184831500053,0.24370014667510986,0.051672354340553284,0.23700477182865143,0.02270382083952427,0.13091178238391876,0.0,0.12802286446094513,0.0,0.0,0.009137840010225773,0.028271570801734924,3.726840077433735e-05,0.0,0.31191083788871765,0.0,0.0,0.12247835844755173,0.0,0.0,0.0,0.0,0.009029093198478222,0.0,0.008727435022592545,0.04941951856017113,0.020456504076719284,0.0,0.0,0.016062237322330475,0.05015715956687927,0.0,0.0,0.19203630089759827,0.01529286615550518,0.05658669397234917,0.0763079822063446,0.0,0.060178011655807495,0.0,0.0,0.0,0.2364799529314041,0.0,0.0,0.039873406291007996,0.0002413773472653702,0.003087382297962904,0.0,0.0,0.03760650381445885,0.0,0.0,0.0010843586642295122,0.0,0.0,0.0,0.021430814638733864,0.008447200991213322,0.022211603820323944,0.5618160367012024,0.0,0.005163295194506645,0.003167768707498908,0.0,0.0,0.2570384740829468,0.0,0.0976482555270195,0.30584466457366943,0.0,0.0,0.024757033213973045,0.0,0.0,0.0,0.0,0.427383691072464,0.0,0.0,0.0,0.0,0.0,0.3554849922657013,0.09876608103513718,0.011447224766016006,0.0015872442163527012,0.006348140072077513,0.10721305012702942,0.3448452055454254,0.0,0.0,0.034991856664419174,0.0,0.0,0.0,0.0,0.0,0.01328863576054573,0.0,0.0,0.0,0.0,0.26268455386161804,0.0,0.02851038984954357,0.01955898478627205,0.0054825604893267155,0.0,0.22460049390792847,0.11917144805192947,0.0015500214649364352,0.07528568059206009,0.00565928453579545,0.00943877175450325,0.0,0.002530992031097412,0.07154204696416855,0.0,0.0,0.02938462421298027,0.0,0.01117238961160183,0.024542994797229767,0.02020208351314068,0.0,0.0024203539360314608,0.007443794049322605,0.09608077257871628,0.012060590088367462,0.009061279706656933,0.018030507490038872,0.0,0.041137389838695526,0.042001064866781235,0.06006032973527908,0.08743759989738464,0.0,0.0,0.006803102325648069,0.05066823586821556,0.000558209721930325,0.0,0.02237638458609581,0.0,0.010616898536682129,0.0,0.0,0.0,0.0,0.002235210034996271,0.004498970694839954,0.0,0.0,0.0,0.07914141565561295,0.03712720051407814,0.0687190443277359,0.00592127675190568,0.03741336986422539,0.0044110240414738655,0.0,0.0027544533368200064,0.35270872712135315,0.0,0.06037793308496475,0.07305775582790375,0.00971988309174776,0.001959356013685465,0.35192546248435974,0.0070758964866399765,0.0458015576004982,0.0
0.0,0.010430737398564816,0.3483785390853882,0.0015227687545120716,0.0,0.0,0.019590845331549644,0.02464497648179531,0.0,0.09763731807470322,0.00268804794177413,0.06939287483692169,0.028916683048009872,0.2602533996105194,0.08736220002174377,0.17432554066181183,0.003210468217730522,0.03360568359494209,0.0,0.23374053835868835,0.024524498730897903,0.0,0.03286919370293617,0.2126084864139557,0.03532666712999344,0.14013774693012238,0.0,0.0,0.0,0.0,0.44845113158226013,0.0970882698893547,0.0,0.0,0.17084339261054993,0.2097381055355072,0.0028985857497900724,0.0444268174469471,0.0,0.12329712510108948,0.3011082708835602,0.0,0.0010237789247184992,0.08957374840974808,0.48927241563796997,0.01131503377109766,0.0388960987329483,0.0,0.2575242519378662,0.0,0.0,0.18664531409740448,0.002613575430586934,0.12966804206371307,0.021466026082634926,0.0,0.0,0.0,0.11806713044643402,0.0006563353817909956,0.0,0.36853787302970886,0.06821785122156143,1.0077953447762411e-05,0.00862759817391634,0.3431934714317322,0.12702545523643494,0.011841564439237118,0.0,0.0034132790751755238,0.22617024183273315,0.0036168312653899193,0.0037729882169514894,0.11081413179636002,0.0,0.07146857678890228,0.3941207826137543,0.00015233502199407667,0.17120638489723206,0.32211512327194214,0.0,0.06349451839923859,0.0,0.03108382038772106,0.033834412693977356,0.3414805233478546,0.030188951641321182,0.0,0.0,0.022410914301872253,0.02075992338359356,0.022324686869978905,0.21929597854614258,0.5292680263519287,0.006746621336787939,0.10367140173912048,0.04315139725804329,0.0,0.0,0.0,0.028628960251808167,0.038697220385074615,0.1853126883506775,0.012819137424230576,0.08889419585466385,0.004256298765540123,0.023813419044017792,0.0,0.0050761462189257145,0.008424975909292698,0.028102843090891838,0.03653423488140106,0.0,0.1291983276605606,0.0015964698977768421,0.3512130677700043,0.0,0.07475432753562927,0.0,0.15783032774925232,0.018016327172517776,0.002956914948299527,0.24373489618301392,0.05092372000217438,0.004331967793405056,0.00227091321721673,0.21111208200454712,0.03178136423230171,0.13247911632061005,0.0,0.09798850864171982,0.0007423615315929055,0.057558104395866394,0.018719468265771866,0.06747912615537643,0.08418072015047073,0.020433535799384117,0.0,0.0,0.0024718469940125942,0.09757590293884277,0.03918428719043732,0.0,0.02792748436331749,0.19770309329032898,0.0,0.015425009652972221,0.26890257000923157,0.024610988795757294,0.06778869032859802,0.048860300332307816,0.0,0.04120504483580589,0.06289155781269073,0.0,0.02788878045976162,0.013090534135699272,0.015390414744615555,0.08549567312002182,0.0739627555012703,0.0009407529141753912,0.005214909091591835,0.024324597790837288,0.3742753267288208,0.10244611650705338,0.0,0.2856859564781189,0.00017806290998123586,0.14044971764087677,0.4609663486480713,0.09483000636100769,0.04018049314618111,0.07159366458654404,0.21731586754322052,0.04378761351108551,0.05712224915623665,0.5559161901473999,0.006720179226249456,0.0,0.30397120118141174,0.0,0.006349227391183376,0.015681397169828415,0.022506246343255043,0.02007167972624302,0.31150147318840027,0.17430490255355835,0.043995052576065063,0.05135025084018707,0.25172626972198486,0.06664633750915527,0.13392353057861328,0.0,0.005108518525958061,0.019593605771660805,0.032536618411540985,0.03849456459283829,0.005546608008444309,0.22755439579486847,0.0010126162087544799,0.14498743414878845,0.03219613432884216,0.0,0.13864420354366302,0.0,0.01070574764162302,0.049687936902046204,0.025625644251704216,0.0393327921628952,0.1668214201927185,0.15180519223213196,0.0023615288082510233,0.22281259298324585,0.002277871361002326,0.016312116757035255,0.02263467013835907,0.05407311022281647,0.025633329525589943,0.0,0.01476803794503212,0.03886006027460098,0.026697976514697075,0.19804707169532776,0.12710146605968475,0.0,0.18564318120479584,0.007412142585963011,0.019664226099848747,0.07341459393501282,0.17478594183921814,0.17587730288505554,0.005219934042543173,0.17029395699501038,0.048998069018125534,0.12262742221355438,0.26002123951911926,0.032343339174985886,0.07058998942375183,0.02301572635769844,0.006523323245346546,0.0,0.06294416636228561,0.025925837457180023,0.0,0.07131759822368622,0.0458139032125473,0.018329311162233353,0.05641622096300125,0.0,0.01979321986436844,0.017329830676317215,0.0055970074608922005,0.0,0.007063298020511866,0.004327893257141113,0.06157980486750603,0.0,0.07587603479623795,0.043268442153930664,0.40544185042381287,0.005115413572639227,0.0019371903035789728,0.02780328318476677,0.0,0.10932233184576035,0.050364356487989426,0.09941227734088898,0.07349033653736115,0.007902197539806366,0.03475883603096008,0.09411191940307617,0.015450894832611084,0.004483251366764307,0.08925750851631165,0.08135108649730682,0.0,0.029597783461213112,0.029358001425862312,0.14576900005340576,0.21466787159442902,0.021612491458654404,0.0,0.025547001510858536,0.17761391401290894,0.022495413199067116,0.6248077750205994,0.0,0.0,0.17896589636802673,0.03927223011851311,0.18717899918556213,0.07375460118055344,0.03982795774936676,0.0,0.017016634345054626,0.031924471259117126,0.17196214199066162,0.0,0.2967149317264557,0.0032302523031830788,0.017522936686873436,0.03599567338824272,0.14345577359199524,0.14005163311958313,0.142555832862854,0.0015227460535243154,0.0,0.0152464983984828,0.0,0.0,0.0,0.10176949203014374,0.02157842181622982,0.18090282380580902,0.058119840919971466,0.39498692750930786,0.04552779719233513,0.00847146287560463,0.15679773688316345,0.03031803108751774,5.132168371346779e-05,0.055299874395132065,0.0,0.0,0.6747180819511414,0.0,0.0,0.013693580403923988,0.0,0.0,0.0,0.06550217419862747,0.0,0.0,0.00417731050401926,0.0,0.0,0.0,0.012021695263683796,0.09857258945703506,0.04957574978470802,0.0007353252149187028,0.0,0.0,0.0,0.0,0.0,0.0,0.0,0.0,0.1961299180984497,0.015259984880685806,0.08776587247848511,0.04268142208456993,0.2809331715106964,0.0,0.0,0.0,0.09120073914527893,0.007428805809468031,0.009764106012880802,0.0,0.0,0.0,0.0,0.0,0.09953577071428299,0.04448588937520981,0.0014135759556666017,0.0,0.5609048008918762,0.0,0.0,0.059942472726106644,0.01362200640141964,0.0,0.0,0.0,0.0030541718006134033,0.09687761962413788,0.02760767750442028,0.0,0.0,0.0,0.010191995650529861,0.0,0.0,0.08805251121520996,0.0,0.001965773059055209,0.19649702310562134,0.0,0.0,0.0,0.0,0.0,0.11447660624980927,0.0,0.10908970236778259,0.01766413077712059,0.0,0.019015509635210037,0.0,0.0,0.006907707545906305,0.0,0.014525729231536388,0.0,0.0,0.04411035403609276,0.0,0.0,0.0,0.0,0.0011760115157812834,0.0,0.0,0.0,0.0,0.0,0.037670157849788666,0.0,0.06283684819936752,0.0,0.013434949330985546,0.09253182262182236,0.0,0.007304157596081495,0.0007392752449959517,0.1029667854309082,0.0,0.006940286606550217,0.0,0.11316895484924316,0.0,0.0,0.005403200164437294,0.025111418217420578,0.002557821571826935,0.0,0.0,0.0,0.006486580241471529,0.008040402084589005,0.0,0.0,0.08180829137563705,0.0,0.017476972192525864,0.056003227829933167,0.009708797559142113,0.0,0.0,0.04771776497364044,0.0,0.0,0.0,0.0,0.022165022790431976,0.0,0.0,0.2840256989002228,0.0,0.0,0.04596533253788948,0.26398828625679016,0.008056428283452988,0.0,0.0,0.011032884940505028,0.0,0.0,0.05469367653131485,0.0,0.02091302163898945,0.0,0.0,0.021772801876068115,0.022825494408607483,0.0,0.0,0.0,0.07992284744977951,0.004451260436326265,0.04748569428920746,0.21436446905136108,0.009062197059392929,0.0,0.0,0.0,0.020819544792175293,0.0,0.0,0.0,0.0,0.0,0.0,0.01975913718342781,0.07323814183473587,0.0,0.0,0.0,0.011444371193647385,0.029644208028912544,0.017393574118614197,0.0,0.0,0.0033507407642900944,0.19786527752876282,0.01624537631869316,0.078854501247406,5.1959752454422414e-05,0.0,0.0,0.0,0.003608149476349354,0.11200598627328873,0.036525074392557144,0.0,0.008273329585790634,0.0,0.0,0.41631102561950684,0.0,0.0,0.0,0.0,0.0,0.0,0.0220497939735651,0.006971216294914484,0.0,0.01155246514827013,0.0,0.0,0.10456475615501404,0.0,0.0,0.0,0.022428130730986595,0.008737516589462757,0.08644632250070572,0.0,0.11220182478427887,0.0,0.0,0.031556401401758194,0.0,0.0,0.0,0.0,0.07073746621608734,0.01082376204431057,0.22380317747592926,0.0,0.010651998221874237,0.0,0.0,0.04267046973109245,0.0,0.0,0.08431924134492874,0.049030229449272156,0.0,0.2069246917963028,0.06413900852203369,0.0,0.0,0.022338449954986572,0.25579342246055603,0.0,0.014504799619317055,0.047432880848646164,0.0,0.006315014325082302,0.0,0.011364431120455265,0.0,0.0,0.01834753155708313,0.12563073635101318,0.0,0.06242766231298447,0.0,0.1867874562740326,0.06717459857463837,0.07029972225427628,0.058974601328372955,0.0,0.0,0.0,0.0,0.0002775168395601213,0.0,0.0,0.1792529672384262,0.001361977425403893,0.02229277417063713,0.0,0.0,0.0,0.0,0.0,0.006882855668663979,0.0,0.0,0.0,0.4457348585128784,0.014335806481540203,0.04417860135436058,0.0,0.11940216273069382,0.0,0.0,0.0,0.004721922799944878,0.017276884987950325,0.055662307888269424,0.0,0.0,0.0,0.0,0.0,0.002918715588748455,0.0,0.005653575528413057,0.0,0.008063645102083683,0.0,0.03685836121439934,0.05961087346076965,0.010931666940450668,0.0,0.0,0.0,0.0,0.0,0.0,0.0,0.0,0.0,0.0,0.18452836573123932,0.02602487802505493,0.0,0.0,0.0,0.0,0.011770213022828102,0.0,0.0,0.01878500171005726,0.0,0.0,0.029354285448789597,0.0,0.0,0.06885432451963425,0.05698278546333313,0.1305774301290512,0.029101703315973282,0.0,0.2875404953956604,0.010514370165765285,0.1269877403974533,0.002573492471128702,0.0,0.05859585851430893,0.0,0.021620338782668114,0.06791546940803528,0.0,0.03370947763323784,0.0019574027974158525,0.0,0.0,0.0,0.0,0.0,0.0034974461887031794,0.0,0.07394476234912872,0.0,0.0,0.0,0.07053188234567642,0.0014694960555061698,0.0,0.0,0.0,0.004319541621953249,0.11190958321094513,0.03418855369091034,0.016961166635155678,0.06306450068950653,0.05435992404818535,0.0,0.0,0.011525142006576061,0.0692574679851532,0.0011608636705204844,0.0,0.35738807916641235,0.05144277587532997,0.013943102210760117,0.0,0.022589528933167458,0.0,0.1266375333070755,0.01588599756360054,0.0,0.0,0.0,0.0,0.17490006983280182,0.12939268350601196,0.01912631466984749,0.0,0.03814015910029411,0.08086787909269333,0.0,0.0,0.0,0.07820405811071396,0.004409979097545147,0.015868622809648514,0.0,0.0404137521982193,0.0,0.22062449157238007,0.0,0.0,0.0,0.24274586141109467,0.053448811173439026,0.002471096580848098,0.0,0.5385299921035767,0.0,0.012861090712249279,0.0,0.010623625479638577,0.0,0.0,0.0,0.0029743313789367676,0.26837673783302307,0.0,0.10853542387485504,0.0,0.0,0.0,0.009660176932811737,0.0,0.011235169135034084,0.006272034719586372,0.0,0.22426815330982208,0.05935670807957649,0.0,0.0,0.009637730196118355,0.022848667576909065,0.011816130019724369,0.29490378499031067,0.0,0.0,5.734264777856879e-05,0.009912841022014618,0.0,0.09308671951293945,0.06038333475589752,0.06350043416023254,0.09533262997865677,0.013403883203864098,0.0045478008687496185,0.002463929122313857,0.02996871992945671,0.029517225921154022,0.008322887122631073,0.0,0.0,0.22328399121761322,0.0,0.04294991120696068,0.0,0.008321386761963367,0.13508901000022888,0.21326979994773865,0.0014052956830710173,0.0260184183716774,0.035168614238500595,0.07011594623327255,0.01045377179980278,0.0,0.0,0.03121849149465561,0.0,0.0,0.13757061958312988,0.06693203002214432,0.056817084550857544,0.0,0.037694063037633896,0.0,0.0,0.02681431919336319,0.07008660584688187,0.07820016890764236,0.0,0.19135646522045135,0.004895960912108421,0.0003240802907384932,0.0,0.0033760457299649715,0.05428051948547363,0.2650487720966339,0.03823605179786682,0.10328555852174759,0.07312622666358948,0.0,0.0,0.010708608664572239,0.0,0.0,0.003315668785944581,0.023268280550837517,0.0,0.0,0.005013603717088699,0.10761482268571854,0.0,0.0,0.03557576611638069,0.0039827595464885235,0.0,0.24491575360298157,0.0,0.0,0.032770220190286636,0.040983449667692184,0.0,0.033393744379282,0.016173381358385086,0.29986923933029175,0.0,0.009043004363775253,0.5377668142318726,0.0,0.02594413235783577,0.002054635901004076,0.0,0.0,0.0,0.005147622898221016,0.01661900244653225,0.0,0.13482633233070374,0.0,0.0,0.0015146529767662287,0.0,0.004775221459567547,0.009571840986609459,0.0,0.010055785067379475,0.0009896743576973677,0.0,0.00039276122697629035,0.0,0.36098742485046387,0.0,0.0,0.0,0.009620243683457375,0.0,0.0,0.6112175583839417,0.06232013553380966,0.02142586186528206,0.023516861721873283,0.10043375194072723,0.0,0.008789917454123497,0.0,0.22365166246891022,0.010963198728859425,0.05431235209107399,0.010432815179228783,0.016116702929139137,0.011207128874957561,0.022579612210392952,0.1520707905292511,0.0,0.002570519456639886,0.0,0.06880142539739609,0.05844557285308838,0.1101793497800827,0.010478563606739044,0.0936514362692833,0.04066052287817001,0.0,0.4846715033054352,0.0,0.0,0.06239119544625282,0.03971380367875099,0.05519538000226021,0.0,0.017275206744670868,0.0,0.04363236576318741,0.12299016863107681,0.0,0.14391784369945526,0.022409671917557716,0.07944419980049133,0.0,0.023317748680710793,0.4426637887954712,0.00896778330206871,0.17968380451202393,0.09665703028440475,0.1669398844242096,0.04564346373081207,0.01849997602403164,0.10993807762861252,0.08012372255325317,0.04161323234438896,0.1889125257730484,0.004533758852630854,0.0,0.3419696092605591,0.010016391053795815,0.0,0.03542673960328102,0.0,0.0,0.12150948494672775,0.0006566157680936158,0.0071066091768443584,0.010236633010208607,0.0,0.0,0.0,0.19471584260463715,0.044640444219112396,0.0,0.0,0.019246725365519524,0.0,0.0,0.12235897779464722,0.0,0.04784815013408661,0.0,0.12439928203821182,0.00863343570381403,0.008014765568077564,0.05611588805913925,0.0,0.04429146647453308,0.0,0.0166254211217165,0.08627143502235413,0.0,0.05300498008728027,0.01728626899421215,0.0705367922782898,0.0,0.06670074164867401,0.05128330737352371,0.005887672770768404,0.0,0.18226298689842224,0.0,0.0,0.007402634713798761,0.5553573369979858,0.1721406877040863,0.0012393742799758911,0.035650353878736496,0.3483400344848633,0.0,0.0019369435030966997,0.0,0.20429903268814087,0.0,0.030047666281461716,0.0,0.000254676939221099,0.003689486999064684,0.0,0.07922955602407455,0.0,0.0,0.20977962017059326,0.024180522188544273,0.0,0.0,0.2046499252319336,0.0,0.004616600461304188,0.017408495768904686,0.028712408617138863,0.058826904743909836,0.006483734119683504,0.005632515996694565,0.08848676085472107,0.0,0.004848797339946032,0.26249584555625916,0.0,0.0,0.0,0.07896751165390015,0.06655082106590271,0.0,0.11332324892282486,0.0,0.0,0.320046603679657,0.01953200064599514,0.0,0.021665111184120178,0.0,0.0,0.034850381314754486,0.42872118949890137,0.0,0.0,0.2466721087694168,0.06519008427858353,0.0,0.09919346868991852,0.0,0.05641382187604904,0.03533836081624031,0.0006826924509368837,0.0,0.0,0.06170305237174034,0.005740863271057606,0.0,0.0021995347924530506,0.05146430432796478,0.0733320340514183,0.009184704162180424,0.1608772724866867,0.0,0.03280361741781235,0.01585901342332363,0.0,0.13957682251930237,0.003283449448645115,0.009194555692374706,0.08541542291641235,0.010411948896944523,0.0,0.21256692707538605,0.03453867509961128,0.000213751191040501,0.022873571142554283,0.4331713020801544,0.05606190860271454,0.07758987694978714,0.0,0.07784777134656906,0.17096766829490662,0.0894390121102333,0.10643581300973892,0.0,0.07079307734966278,0.000222272879909724,0.04231202229857445,0.024662654846906662,0.07441645860671997,0.4033468961715698,0.008544301614165306,0.3526253402233124,0.0,0.020990407094359398,0.010528769344091415,0.3180539608001709,0.1206376925110817,0.14840537309646606,0.11697284877300262,0.0,0.0062611824832856655,0.0,0.020546341314911842,0.0,0.030960824340581894,0.0295131616294384,0.0,0.0,0.0018982923356816173,0.0,0.12071488052606583,0.0,0.0,0.10368388146162033,0.031085286289453506,0.25104546546936035,0.0,0.0,0.010224058292806149,0.0,0.0,0.0,0.4477654695510864,0.0,0.0,0.0,0.0,0.19657032191753387,0.0,0.0,0.0,0.047825783491134644,0.0,0.036509785801172256,0.22683613002300262,0.18619130551815033,0.0,0.014486033469438553,0.004910741467028856,0.04504435509443283,0.0,0.0,0.0,0.0,0.03758445382118225,0.0018887794576585293,0.0,0.0,0.012727724388241768,0.004777121357619762,0.2609812617301941,0.13475863635540009,0.0,0.0,0.0,0.0007647645543329418,0.0,0.4020131826400757,0.03393985331058502,0.2887709438800812,0.0,0.05731109157204628,0.010200087912380695,0.004995324648916721,0.0,0.04368918761610985,0.0,0.00967070460319519,0.0,0.0039892434142529964,0.008081933483481407,0.0,0.02373119816184044,0.0,0.03771200403571129,0.0,0.039999820291996,0.018601901829242706,0.0,0.0,0.00011927544983336702,0.0,0.0,0.7575691342353821,0.32100823521614075,0.0,0.0,0.03400831297039986,0.011278591118752956,0.024891037493944168,0.03819982707500458,0.08498180657625198,0.0,0.0,0.6427353620529175,0.0,0.0,0.0,0.0036642432678490877,0.0,0.0,0.0,0.0,0.00021065711916889995,0.0,0.0,0.4441167116165161,0.03366171196103096,0.0,0.0702977403998375,0.0,0.0005681157344952226,0.0,0.0,0.013908476568758488,0.0,0.0077009364031255245,0.27946075797080994,0.03691023960709572,1.0000554323196411,0.0,0.0,0.0026052999310195446,0.0,0.0,0.017383981496095657,2.2958383560180664,0.03377769887447357,0.0,0.0,0.029099659994244576,0.0,0.0,0.0,0.071182020008564,0.00013466358359437436,0.0,0.5123680830001831,0.0,0.015506438910961151,0.03883376717567444,0.0,0.0,0.0,0.06390341371297836,0.27418822050094604,0.0469660647213459,0.0,0.14611200988292694,0.0,0.0,0.0,0.0,0.0,0.0643688216805458,0.019750704988837242,0.01990596018731594,0.0028422302566468716,0.0,0.217348113656044,0.020709389820694923,0.0,0.05382269248366356,0.5987064838409424,0.0,0.0157863087952137,0.18147359788417816,0.0006235182518139482,0.015024273656308651,0.0,0.0,0.0,0.030668601393699646,0.0,0.0,0.0,0.0,0.0,0.013235446996986866,0.0,0.09994129836559296,0.03474852442741394,0.7880964875221252,0.0,0.035327065736055374,0.011972113512456417,0.005147881340235472,0.012911254540085793,0.0,0.04788766801357269,0.0,0.0,0.6909311413764954,0.0,0.0066870879381895065,0.0,0.0,0.0,0.0,0.027276434004306793,0.00879436731338501,0.0,0.007216006983071566,0.0,0.0,0.0,0.0,0.0,0.0,0.0,0.0,0.0,0.0,0.18226832151412964,0.0,0.08295890688896179,0.0,0.0,0.0,0.0,0.0,0.04719856381416321,0.0,0.004046452231705189,0.06162954494357109,0.0012213611043989658,0.05266271159052849,0.0,0.008877000771462917,0.18525880575180054,0.0,0.05427001044154167,0.009619916789233685,0.0,0.04198445379734039,0.0,0.02022808976471424,0.0,0.034476928412914276,0.0,0.002930321730673313,0.0,0.049393486231565475,0.0,0.0,0.0015788280870765448,0.05477171018719673,0.0,0.001623129821382463,0.3171001374721527,0.10195375233888626,0.0,0.014612785540521145,0.0,0.0,0.0,0.0,0.002369948662817478,0.07952049374580383,0.03399549424648285,0.0,0.024728352203965187,0.0,0.04188796132802963,0.0,0.0,7.701039430685341e-05,0.14247936010360718,0.1856105774641037,0.03434046730399132,0.0,0.0,0.09442360699176788,0.0022777915000915527,0.02029302343726158,0.0,0.26077893376350403,0.06893917918205261,0.08524025976657867,0.0066389967687428,0.009116869419813156,0.0,0.9336676597595215,0.4326029121875763,0.10453011840581894,0.0,0.0,0.0,0.0,0.007576167583465576,0.032128434628248215,0.006969877518713474,0.5595319867134094,0.019422445446252823,0.1471998244524002,0.0,0.0,0.0,0.0062796687707304955,0.03841346129775047,0.0,0.007915579713881016,0.06968892365694046,0.169354647397995,0.0,0.0,0.25974810123443604,0.015298744663596153,0.5100312829017639,0.049625102430582047,0.011371714994311333,0.17337484657764435,0.0342889130115509,0.01759869046509266,0.0,0.37973782420158386,0.02347743697464466,0.0,0.0015680468641221523,0.0,0.0,0.0,0.12345096468925476,0.0,0.004488393198698759,0.33724552392959595,0.020221780985593796,0.0,0.0,0.04124469682574272,0.018762245774269104,0.00023198008420877159,0.007523076143115759,0.0008996224496513605,0.0,0.14515361189842224,0.0,0.0,0.0,0.047091759741306305,0.0,0.0,0.005855436436831951,0.0,0.003924428019672632,0.0,0.0,0.0,0.10135183483362198,0.009072883985936642,0.0,0.0021268953569233418,0.0,0.15597015619277954,0.0,0.0,0.013727332465350628,0.0,0.0571424774825573,0.040256790816783905,0.0,0.0,0.0,0.0,0.0,0.0,0.0,0.005769817624241114,0.0,0.0,0.0,0.017640752717852592,0.0,0.0,0.0,0.028638076037168503,0.008063673041760921,0.042851973325014114,0.0019376850686967373,0.042153872549533844,0.0,0.03251266852021217,0.0,0.14494860172271729,0.0010223663412034512,0.043845538049936295,0.11552760750055313,0.11059083789587021,0.0,0.0,0.0,0.0022382927127182484,0.0,0.18806380033493042,0.025882599875330925,0.01933293230831623,0.0,0.022606592625379562,0.027910469099879265,0.028115104883909225,0.0,0.03872404992580414,0.0,0.0,0.029173700138926506,0.10627462714910507,0.011423059739172459,0.018659871071577072,0.0,0.03938797861337662,0.028198163956403732,0.0693163201212883,0.02563472092151642,0.0,0.0,0.10345176607370377,0.09638121724128723,0.017359428107738495,0.0,0.0,0.014047026634216309,0.0,0.5819309949874878,0.009594526141881943,0.03069291077554226,0.0,0.14965969324111938,0.07334131002426147,0.06897363811731339,0.00175951246637851,0.10055342316627502,0.0,0.0,0.17951351404190063,0.10949519276618958,0.0,0.0858093798160553,0.0026782704517245293,0.7692545056343079,0.0,0.001862708362750709,0.03607260435819626,0.0,0.00015867353067733347,0.016447419300675392,0.0,0.0,0.07305267453193665,0.0037376272957772017,0.1691342294216156,0.0,0.08459968864917755,0.0,0.002929718466475606,0.0,0.10901384055614471,0.1058882549405098,0.0,0.04001350700855255,0.2114122062921524,0.0037137186154723167,0.02406037040054798,0.01978883147239685,0.0,0.0,0.08981599658727646,0.030440034344792366,0.01694122515618801,0.006071013864129782,0.017597345635294914,0.20436504483222961,0.0241855476051569,0.0,0.0,0.04975047707557678,0.1300031542778015,0.01357204094529152,0.0,0.0,0.03695165738463402,0.0025850844103842974,0.006189135834574699,0.01442843209952116,0.12997670471668243,0.0,0.048611175268888474,0.0038637565448880196,0.07795964926481247,0.569851279258728,0.07742402702569962,0.07649391889572144,0.0009798980318009853,0.09875356405973434,0.021104037761688232,0.0,0.0,0.005805537570267916,0.029883667826652527,0.01430977787822485,0.06214278191328049,0.015293532982468605,0.030053630471229553,0.0060686348006129265,0.35896822810173035,0.16117624938488007,0.0,0.06257332116365433,0.0018351948820054531,0.19249317049980164,0.3855784237384796,0.03518301621079445,0.00680092629045248,0.564851701259613,0.013772912323474884,0.7490869760513306,0.10775930434465408,0.0,0.0,0.0,0.10511381179094315,0.0,0.09298825263977051,0.0,0.0,0.05714583396911621,0.0,0.019857728853821754,1.3777742385864258,0.22257517278194427,0.03134334832429886,0.0,0.0581519715487957,0.0,0.04627440497279167,0.016797425225377083,0.00017262935580220073,0.0,0.4074742794036865,0.047280244529247284,0.02682005614042282,0.02985387109220028,0.0,0.0,0.07326073944568634,0.0,0.13466894626617432,0.053717538714408875,0.0,0.23296916484832764,0.014979992061853409,0.056759223341941833,0.0,0.006800131872296333,0.0,0.0,0.6383334398269653,0.2756388783454895,0.0047088502906262875,0.07351641356945038,0.1806367039680481,0.018744589760899544,0.07336809486150742,0.0126400301232934,0.07043901085853577,0.0072938743978738785,0.002201404655352235,0.0023714471608400345,0.0,0.014707846567034721,0.0,0.11467823386192322,0.0,0.1205037534236908,0.10172901302576065,0.004878102336078882,0.0017362009966745973,0.07834174484014511,0.015896297991275787,0.0363154299557209,0.21473997831344604,0.011228752322494984,0.0,0.11334511637687683,0.0,0.00764245493337512,0.07598453760147095,0.0026095581706613302,0.04934598505496979,0.0,0.0,0.0,0.43602386116981506,0.0,0.027922987937927246,0.02771575003862381,0.0,0.0,0.0,0.02562558650970459,0.0,0.0,0.01970086619257927,0.01986212283372879,0.03710528463125229,0.0050900219939649105,0.007138371467590332,0.0,0.8434717059135437,0.14713680744171143,0.0,0.24392502009868622,0.09053237736225128,0.015954189002513885,0.004244434647262096,0.0,0.02138178050518036,0.0,0.021560825407505035,0.054928313940763474,0.026959741488099098,0.0021821081172674894,0.0,0.0,0.0,0.0,0.0,0.10580774396657944,0.05933383107185364,0.024793846532702446,0.02696175128221512,0.14390701055526733,0.1062806099653244,0.0013383710756897926,0.04794461652636528,0.03573184460401535,0.0,0.1422780454158783,0.0,0.0,0.0,0.03960125520825386,0.02247203327715397,0.0,0.08618877083063126,0.287162184715271,0.0,0.0,0.0,0.04589056596159935,0.0,0.0,0.0587647445499897,0.005224874243140221,0.0,0.07545480877161026,0.011561119928956032,0.0050630695186555386,0.02463330700993538,0.0,0.0,0.0007595419883728027,0.0,0.014205160550773144,0.18727250397205353,0.004271230660378933,0.46240612864494324,0.0161319300532341,0.034029487520456314,0.2328786700963974,0.0026813531294465065,0.006883459631353617,0.0,0.0,0.0,0.0,0.15031792223453522,0.4654681086540222,0.001039921073243022,0.01562858559191227,0.0,0.0,0.006550049874931574,0.0,0.016472559422254562,0.0032162785064429045,0.0,0.4713156521320343,0.0,0.0,0.0,0.0,0.16646969318389893,0.00401877099648118,0.0,0.0,0.0,0.21113747358322144,0.0036736298352479935,0.04709254577755928,0.0,0.0,0.011310457251966,0.01341837365180254,0.0,0.0,0.07723312079906464,0.024481646716594696,0.032245416194200516,0.02205929346382618,0.0034926938824355602,0.00692300358787179,0.038048628717660904,0.0,0.03203165903687477,0.0,0.0,0.029283083975315094,0.0773521363735199,0.07303176075220108,0.0,0.03557678312063217,0.06099525839090347,0.08912542462348938,0.0,0.05277414247393608,0.5313677787780762,0.000627259025350213,0.2550104260444641,0.062995046377182,0.10483445227146149,0.01426963321864605,0.22304345667362213,0.0,0.010090788826346397,0.0,0.05164118856191635,0.020007701590657234,0.014568038284778595,0.0,0.02350790426135063,0.0,0.02089463733136654,0.019487865269184113,0.0709548220038414,0.0,0.3629571497440338,0.024252615869045258,0.010460407473146915,0.00013387530634645373,0.008029499091207981,0.06249609962105751,0.0032421087380498648,0.07037403434515,0.026422305032610893,0.0,0.024677282199263573,0.019681673496961594,0.0,0.021278928965330124,0.04851507768034935,0.031077807769179344,0.0052801463752985,0.0030182218179106712,0.01102299615740776,0.000328733935020864,0.017941251397132874,0.0,0.0,0.00031652211328037083,0.08095288276672363,0.08200033009052277,0.717602014541626,0.0,0.0,0.0,0.0,8.218877337640151e-05,0.02656460367143154,0.0,0.0,0.0,0.0,0.0,0.014459452591836452,0.1424923837184906,0.0,0.0,0.2024575024843216,0.04485558345913887,0.22133485972881317,0.04019498452544212,0.11041729152202606,0.0,0.1393323391675949,0.0,0.0,0.002195010194554925,0.02824249677360058,0.0011162352748215199,0.0,0.28917139768600464,0.0,0.0,0.10724678635597229,0.0,0.002440559910610318,0.0,0.0,0.0,0.0,0.005112489685416222,0.06205929443240166,0.007672235369682312,0.0,0.0,0.017211034893989563,0.022199420258402824,0.0,0.0,0.11680157482624054,0.015611873008310795,0.048330362886190414,0.07504899799823761,0.0,0.03483790159225464,0.0,0.0,0.0010055303573608398,0.19889070093631744,0.0,0.0032767641823738813,0.036562614142894745,0.0,0.013654960319399834,0.0,0.0,0.03518889844417572,0.0,0.004156104288995266,0.0,0.0,0.0,0.0,0.004209931008517742,0.0059172045439481735,0.02271348051726818,0.5784393548965454,0.0,0.008378610946238041,0.011598167009651661,0.0,0.0,0.20153063535690308,0.0,0.11587772518396378,0.25702840089797974,0.0,0.0,0.003207594156265259,0.0,0.0,0.0,0.0,0.40341487526893616,0.0,0.0,0.0,0.0,0.0,0.33191004395484924,0.10775021463632584,0.012675762176513672,0.0,0.005330732092261314,0.12753687798976898,0.33046871423721313,0.0,0.0,0.02643236704170704,0.0,0.0,0.0005201884778216481,0.0,0.0,0.02842402644455433,0.0,0.0,0.0,0.0,0.21414189040660858,0.0,0.04895307496190071,0.0373065322637558,0.017276309430599213,0.0,0.2474500685930252,0.16287484765052795,0.0,0.13738305866718292,0.0,0.005852651782333851,0.0,0.0032191318459808826,0.06468862295150757,0.0,0.0,0.03504917770624161,0.0,0.02298431470990181,0.020856279879808426,0.01731032319366932,0.0,0.0,0.0005753851146437228,0.13245774805545807,0.000575464975554496,0.012607787735760212,0.0,0.0,0.025096023455262184,0.03896496444940567,0.04871867597103119,0.04944557324051857,0.0,0.0,0.01048574410378933,0.06862127035856247,0.0,0.0,0.01850270666182041,0.0,0.01252938061952591,0.0,0.0,0.0,0.0,0.002171735744923353,0.005818503908813,0.00018172517593484372,0.0,0.0,0.08291429281234741,0.032634854316711426,0.05717504397034645,0.0012597298482432961,0.042439550161361694,0.0,0.0,0.0016561502125114202,0.344573438167572,0.0,0.05615333467721939,0.03287031501531601,0.01271975040435791,0.008133197203278542,0.3325538635253906,0.005309371743351221,0.04214462265372276,0.0012491249945014715
